10000
0.848294,0.493303,0.19248,-0.522525,0.720911,0.455253,0.0858167,-0.486765,0.869308
0.685431,0.188182,0.7034,-0.468504,0.85348,0.228203,-0.557394,-0.485963,0.673166
0.975485,-0.0362747,-0.217057,-0.0474137,0.928514,-0.368258,0.214899,0.369521,0.904031
0.918993,0.368363,0.140572,-0.387947,0.781202,0.489102,0.0703515,-0.504016,0.860825
0.830355,-0.550712,-0.0850056,0.480945,0.631241,0.608463,-0.281429,-0.546123,0.789017
0.76177,-0.413591,0.498648,0.0603906,0.811681,0.580971,-0.645027,-0.412453,0.643291
0.759911,-0.474898,-0.443856,0.171575,0.805149,-0.567712,0.626975,0.355256,0.693322
0.735811,0.0326528,-0.676399,-0.457764,0.760047,-0.461282,0.499033,0.649048,0.574198
0.910019,0.10577,0.400847,0.18695,0.75831,-0.624512,-0.370021,0.643256,0.670303
0.940758,-0.326503,0.0914886,0.263713,0.874129,0.407865,-0.213142,-0.359575,0.908447
0.903062,-0.34891,-0.250481,0.365084,0.930765,0.0197226,0.226258,-0.109258,0.967921
0.727309,-0.664749,-0.170677,0.659683,0.745727,-0.0933252,0.189316,-0.0447164,0.980897
0.52877,0.651038,-0.544565,-0.572875,0.747163,0.336989,0.626272,0.133778,0.768041
0.751531,-0.451234,-0.481238,0.615795,0.741508,0.266387,0.236639,-0.496542,0.835134
0.796356,-0.586005,0.149717,0.434356,0.726361,0.532668,-0.420894,-0.359163,0.832977
0.872522,-0.185259,-0.452089,0.263436,0.957679,0.115984,0.411469,-0.220295,0.8844
0.966984,0.0786903,-0.242382,-0.156727,0.933623,-0.322157,0.200943,0.349509,0.915131
0.675818,-0.417898,0.60715,0.703157,0.612525,-0.361086,-0.220997,0.67095,0.707804
0.837363,-0.10502,0.536464,0.130376,0.99142,-0.00941917,-0.530872,0.0778291,0.843871
0.977706,-0.0185646,-0.209157,0.0490016,0.988754,0.141298,0.204181,-0.148397,0.96762
0.658662,-0.431644,0.616318,0.212672,0.892491,0.397782,-0.721759,-0.13093,0.679648
0.999431,0.0133303,0.030992,-0.00693884,0.980209,-0.197845,-0.033016,0.197518,0.979743
0.859187,-0.0468637,-0.509512,0.305608,0.845661,0.437563,0.410368,-0.531659,0.740902
0.759992,0.0499881,-0.648007,-0.397834,0.824206,-0.403005,0.513945,0.56408,0.646277
0.992559,-0.0977599,-0.0725932,0.10458,0.989775,0.0969969,0.0623685,-0.103867,0.992634
0.791883,0.526966,-0.30859,-0.492727,0.849877,0.186893,0.36075,0.00405317,0.932654
0.724536,-0.470148,0.503992,0.684622,0.575396,-0.447452,-0.0796267,0.669239,0.738768
0.926069,-0.259677,0.273795,0.0107392,0.743409,0.668751,-0.377201,-0.616369,0.691237
0.736425,-0.530983,0.419208,0.664512,0.683971,-0.301012,-0.126894,0.500241,0.856538
0.930972,0.168234,-0.324018,-0.331403,0.761764,-0.556675,0.153174,0.625629,0.764935
0.893927,-0.342,-0.289709,0.433616,0.823492,0.365838,0.113456,-0.452655,0.884438
0.904679,-0.409941,-0.116206,0.419939,0.811629,0.406091,-0.0721572,-0.416182,0.906414
0.943688,-0.329553,0.0291289,0.313512,0.862676,-0.396864,0.105659,0.383648,0.917415
0.779878,0.253312,0.572384,0.0873914,0.861429,-0.500302,-0.619801,0.440196,0.649672
0.751959,-0.245748,0.611691,-0.187961,0.809467,0.556268,-0.631845,-0.533265,0.562495
0.845888,0.517512,-0.129053,-0.532903,0.810024,-0.244694,-0.022096,0.275756,0.960974
0.875463,0.195244,-0.442091,-0.415984,0.77008,-0.483667,0.246013,0.607336,0.755395
0.747245,0.0923808,-0.658096,-0.0602634,0.99563,0.0713354,0.66181,-0.0136459,0.749547
0.730403,0.328789,0.598672,-0.464166,0.88195,0.0819367,-0.501059,-0.33773,0.796792
0.747231,-0.0376791,-0.663495,0.395603,0.827445,0.39854,0.533989,-0.560282,0.633198
0.942564,0.320915,-0.0926623,-0.333202,0.9228,-0.193433,0.0234333,0.213198,0.976728
0.983354,0.174079,0.0520712,-0.112567,0.808614,-0.577471,-0.142631,0.561997,0.814749
0.702245,0.585762,-0.404643,-0.700718,0.669182,-0.247364,0.125883,0.457251,0.880384
0.956865,-0.17182,0.234282,0.168062,0.985116,0.0360685,-0.236992,0.00486116,0.971499
0.827031,0.25363,0.501688,-0.26699,0.962577,-0.0465007,-0.494707,-0.0954885,0.863798
0.837906,-0.534169,-0.112146,0.42917,0.771731,-0.469302,0.337233,0.345102,0.875887
0.945697,-0.148249,-0.289274,0.153376,0.988155,-0.00499484,0.286588,-0.0396442,0.957233
0.969805,0.241261,0.03566,-0.236646,0.96627,-0.101594,-0.058968,0.0900878,0.994187
0.798169,0.186848,0.572725,-0.198994,0.979096,-0.0420986,-0.568618,-0.0803669,0.818666
0.895151,-0.3891,-0.2175,0.159025,0.73457,-0.659634,0.416433,0.555884,0.719428
0.84694,0.52976,-0.0452392,-0.437066,0.645239,-0.62661,-0.302763,0.550474,0.778018
0.680552,0.540906,0.494235,-0.398261,0.839279,-0.370134,-0.615009,0.0550612,0.786595
0.895013,-0.395636,0.205971,0.352884,0.910505,0.215532,-0.27281,-0.12022,0.954527
0.758746,-0.511332,-0.40354,0.64927,0.543759,0.531766,-0.0524803,-0.665482,0.744567
0.972225,-0.225635,-0.0621832,0.180902,0.893031,-0.412032,0.1485,0.389339,0.909045
0.759736,0.650135,0.0111792,-0.558481,0.661244,-0.500854,-0.333015,0.374274,0.865459
0.942522,0.264903,0.203662,-0.257824,0.964262,-0.0610364,-0.212553,0.00501906,0.977137
0.6652,0.684798,0.297591,-0.68099,0.71987,-0.134315,-0.306206,-0.113311,0.945198
0.857854,0.277113,-0.432776,-0.349607,0.931938,-0.0962628,0.376645,0.233881,0.896347
0.890868,0.278183,0.359122,-0.352246,0.922227,0.159437,-0.286839,-0.268537,0.919571
0.813436,-0.571526,-0.108074,0.564319,0.820474,-0.0914674,0.140948,0.0134144,0.989926
0.697154,-0.161896,0.698402,0.34097,0.931812,-0.124358,-0.630647,0.324831,0.704819
0.999506,0.0312273,-0.00344764,-0.0250106,0.724472,-0.68885,-0.0190132,0.688596,0.724895
0.923173,-0.146764,-0.355264,0.346548,0.717652,0.604053,0.166303,-0.680762,0.713377
0.907974,0.388935,0.155926,-0.383376,0.921265,-0.0655236,-0.169134,-0.000284585,0.985593
0.998875,-0.011341,-0.0460396,-0.00618635,0.931504,-0.363677,0.0470105,0.363553,0.930387
0.803502,-0.446608,0.393607,0.595265,0.610163,-0.522839,-0.00666064,0.654402,0.756117
0.787651,0.60941,-0.0906888,-0.601884,0.729609,-0.324662,-0.131685,0.310305,0.941472
0.874482,0.422969,0.237441,-0.437478,0.89918,0.00943875,-0.20951,-0.112129,0.971356
0.817298,0.133645,0.560503,-0.450903,0.753977,0.477708,-0.358763,-0.643162,0.676485
0.821788,0.558384,-0.113455,-0.55786,0.747928,-0.359718,-0.116005,0.358904,0.926138
0.765544,-0.0740442,0.639109,0.501464,0.691013,-0.52061,-0.403085,0.71904,0.566131
0.860676,0.321587,0.394739,-0.18904,0.921702,-0.338718,-0.472759,0.216905,0.854079
0.932536,-0.189762,-0.307193,0.344954,0.719601,0.602646,0.106697,-0.667956,0.736512
0.750695,-0.0761962,-0.65624,0.385621,0.857088,0.341608,0.536426,-0.509504,0.672795
0.932889,-0.2067,0.294946,0.262911,0.950532,-0.165428,-0.246162,0.231871,0.941085
0.885521,-0.408673,0.220994,0.448478,0.627685,-0.636301,0.121324,0.662569,0.73911
0.870462,-0.489438,0.0524027,0.389455,0.749899,0.534768,-0.301032,-0.445087,0.843373
0.935639,-0.275958,-0.22006,0.223788,0.945947,-0.234741,0.272944,0.170386,0.946821
0.770014,-0.628899,-0.107541,0.617987,0.77707,-0.119395,0.158654,0.0254766,0.987006
0.924302,-0.0723599,-0.37474,-0.0087625,0.977581,-0.210377,0.381562,0.197736,0.902946
0.888583,0.37872,-0.258825,-0.12404,0.741596,0.659279,0.441626,-0.55372,0.705946
0.76798,0.504291,0.394839,-0.434664,0.863151,-0.25698,-0.470397,0.0257331,0.882079
0.706782,0.481413,-0.518364,-0.529053,0.846137,0.0644646,0.469641,0.228679,0.852727
0.993433,-0.00415332,0.114339,-0.0147475,0.986356,0.163963,-0.11346,-0.164572,0.979818
0.749569,-0.382291,-0.54037,0.561775,0.799163,0.213885,0.350078,-0.463888,0.813789
0.921809,0.386069,-0.034911,-0.376442,0.913027,0.157078,0.0925176,-0.131654,0.986969
0.890729,0.419267,-0.175548,-0.447247,0.877324,-0.173989,0.0810641,0.233491,0.968974
0.927335,-0.283868,0.243862,0.316574,0.942553,-0.106653,-0.199578,0.176103,0.963928
0.880806,0.44706,-0.155942,-0.450411,0.892693,0.0151437,0.145978,0.0568992,0.98765
0.810352,0.502066,-0.302091,-0.583182,0.741071,-0.332734,0.0568167,0.445806,0.893325
0.795283,0.510306,0.32728,-0.244637,0.764087,-0.596928,-0.554686,0.394662,0.732506
0.868792,0.345825,0.354408,-0.464598,0.816901,0.341792,-0.171316,-0.461604,0.870387
0.707317,-0.485373,0.513923,0.218657,0.841583,0.493891,-0.67223,-0.236965,0.701395
0.721255,-0.645493,0.251259,0.515514,0.742505,0.427705,-0.462642,-0.178957,0.868295
0.722832,-0.267778,0.637031,0.443311,0.886858,-0.130226,-0.530084,0.376534,0.759759
0.782437,0.509527,0.358014,-0.14244,0.706106,-0.693632,-0.60622,0.491728,0.62506
0.780147,-0.259364,-0.569299,0.337476,0.940724,0.0338859,0.526764,-0.218561,0.821432
0.693305,0.251246,-0.675428,-0.623292,0.679495,-0.387031,0.36171,0.689319,0.627698
0.67084,-0.425272,-0.60755,0.683084,0.673305,0.282943,0.288738,-0.604817,0.742177
0.89399,0.243492,-0.376155,-0.437499,0.655727,-0.615318,0.0968302,0.714656,0.692742
0.846146,0.446583,0.290863,-0.35791,0.88053,-0.310752,-0.39489,0.158838,0.904894
0.920243,-0.255261,-0.29664,0.387385,0.701768,0.597876,0.0555586,-0.665105,0.744681
0.970443,-0.177266,0.16376,0.235797,0.840959,-0.487019,-0.0513841,0.511239,0.857901
0.941217,0.0099038,-0.337659,0.0107519,0.998185,0.0592484,0.337633,-0.059396,0.939402
0.822394,-0.291907,-0.488322,-0.100645,0.770149,-0.629874,0.559945,0.567152,0.603987
0.806237,-0.38136,0.452267,0.41894,0.907822,0.0186667,-0.417697,0.174423,0.891687
0.825429,0.466282,0.318195,-0.439508,0.884568,-0.156116,-0.354259,-0.0109864,0.935083
0.783203,0.605335,-0.141996,-0.33144,0.599685,0.728371,0.526062,-0.523399,0.670308
0.867229,0.459161,-0.192574,-0.476321,0.877716,-0.0522725,0.145023,0.137059,0.979889
0.933578,0.355818,0.0427328,-0.326757,0.796169,0.50926,0.147181,-0.489397,0.859551
0.838254,-0.542175,0.0581032,0.521213,0.765387,-0.377517,0.160209,0.34674,0.924178
0.713942,0.183845,-0.675639,-0.469561,0.841495,-0.267205,0.519422,0.508022,0.687105
0.657676,-0.456534,-0.599198,0.682214,0.69828,0.216768,0.319446,-0.551345,0.770696
0.705658,-0.642622,-0.298469,0.693218,0.713309,0.103149,0.146614,-0.279692,0.948829
0.684779,-0.286302,-0.670156,0.353328,0.934716,-0.0382899,0.637368,-0.210565,0.741232
0.844775,0.528359,-0.0848102,-0.531948,0.846386,-0.0257182,0.0581937,0.0668407,0.996065
0.95193,-0.278221,-0.128148,0.305418,0.830098,0.466537,-0.0234244,-0.483249,0.875169
0.999684,-0.0227687,-0.0106677,0.0243954,0.98105,0.192213,0.00608911,-0.192413,0.981295
0.781873,-0.323758,-0.532782,0.603542,0.60725,0.516705,0.156244,-0.725554,0.670193
0.897591,0.232037,0.374819,-0.271091,0.961023,0.0542558,-0.34762,-0.15031,0.925509
0.867771,-0.425537,-0.256694,0.376927,0.900201,-0.218093,0.323883,0.0925002,0.941564
0.938267,0.0935947,0.33301,-0.107382,0.993947,0.0231981,-0.328823,-0.0575254,0.942638
0.971945,-0.214449,0.0966176,0.228584,0.958005,-0.173136,-0.0554313,0.190364,0.980147
0.957927,-0.0379168,0.284495,0.17987,0.851739,-0.492125,-0.223656,0.522592,0.822724
0.8992,0.247565,0.360765,-0.207249,0.967162,-0.147122,-0.385341,0.057524,0.920979
0.940551,-0.291512,-0.174309,0.335956,0.873963,0.351172,0.0499684,-0.388856,0.919943
0.630887,-0.556702,0.540429,0.650275,0.759348,0.0230943,-0.42323,0.336857,0.841073
0.948726,0.154208,0.275934,-0.221955,0.946522,0.234163,-0.225068,-0.283401,0.932217
0.75833,-0.396886,0.517123,0.445727,0.894563,0.0329356,-0.475671,0.20552,0.855277
0.708821,-0.181107,-0.681742,0.166197,0.982148,-0.0881131,0.68553,-0.0508469,0.726267
0.970419,0.0280394,0.239792,-0.152107,0.84232,0.517069,-0.187484,-0.538248,0.821668
0.98374,-0.0363642,0.175879,-0.0767523,0.800237,0.594752,-0.162372,-0.598581,0.784434
0.993702,0.0503056,-0.100131,0.0236462,0.779312,0.626189,0.109534,-0.624613,0.773215
0.603841,0.61582,0.506104,-0.416878,0.785154,-0.45798,-0.679403,0.0655636,0.73083
0.688647,0.519701,-0.505644,-0.0742633,0.744231,0.663781,0.721284,-0.41956,0.551107
0.779463,0.453525,0.432148,-0.339128,0.8855,-0.317619,-0.526716,0.101019,0.844018
0.741813,-0.527296,-0.414334,0.670564,0.590243,0.449396,0.00759278,-0.611205,0.791436
0.708556,-0.476951,-0.520064,0.00755253,0.742078,-0.670271,0.705615,0.470996,0.529406
0.906821,-0.42149,-0.00460779,0.311417,0.677288,-0.666558,0.284069,0.603014,0.745439
0.999788,0.00912223,-0.0184428,-0.010089,0.998542,-0.0530232,0.0179323,0.0531981,0.998423
0.939686,0.0496353,-0.338418,0.124599,0.871755,0.473834,0.318536,-0.487422,0.812991
0.576007,0.505374,-0.642505,-0.614775,0.785854,0.0669804,0.538765,0.356415,0.763348
0.905641,-0.2127,-0.366842,0.370564,0.817537,0.440811,0.206146,-0.535155,0.819215
0.925332,0.374835,-0.0570918,-0.376624,0.891294,-0.252486,-0.0437551,0.255136,0.965915
0.981675,0.190233,0.0112241,-0.188307,0.959327,0.210316,0.0292414,-0.208575,0.977569
0.711781,0.27351,-0.646963,-0.353393,0.935451,0.00667196,0.607027,0.223883,0.762492
0.956308,0.0600857,0.286121,-0.159376,0.927593,0.337891,-0.245101,-0.368729,0.89664
0.664989,0.69682,-0.268759,-0.564923,0.704687,0.429277,0.48852,-0.133637,0.862258
0.879099,-0.126136,-0.459646,0.240713,0.949824,0.199727,0.411391,-0.286223,0.865352
0.828914,-0.378077,0.412262,0.541863,0.725688,-0.423983,-0.138875,0.574835,0.806399
0.719041,0.652734,-0.238577,-0.51843,0.732414,0.441362,0.462829,-0.193672,0.865032
0.773285,0.369677,0.51514,-0.157411,0.898941,-0.408811,-0.614209,0.235039,0.753329
0.718344,-0.602057,0.348581,0.654923,0.754236,-0.0469522,-0.234644,0.262021,0.936102
0.729058,0.681307,0.0655377,-0.67867,0.731997,-0.0598913,-0.0887778,-0.000814295,0.996051
0.734906,0.626981,-0.258472,-0.603546,0.778482,0.172333,0.309265,0.0293514,0.950523
0.981127,0.0794188,-0.176301,0.0662497,0.71851,0.692354,0.18166,-0.690967,0.699689
0.886442,-0.0301871,0.461853,0.269521,0.844895,-0.462073,-0.376269,0.53408,0.757087
0.854398,-0.391842,0.341268,0.120294,0.788081,0.603703,-0.505503,-0.474751,0.720471
0.963671,0.100851,0.247319,-0.192064,0.905127,0.379283,-0.185604,-0.413005,0.891615
0.73154,0.30024,0.612132,0.0750716,0.856889,-0.510005,-0.677653,0.419043,0.604309
0.965951,-0.0109702,-0.258494,0.0991532,0.938516,0.33069,0.238973,-0.345061,0.907648
0.644677,-0.512191,-0.567497,0.430999,0.856646,-0.283546,0.631373,-0.0617945,0.773013
0.759652,0.642961,-0.0976242,-0.46437,0.641379,0.610732,0.455291,-0.41861,0.785796
0.802383,0.326648,0.499482,-0.262286,0.94477,-0.196509,-0.536085,0.0266687,0.843743
0.687183,0.177204,0.704541,-0.367885,0.921138,0.12714,-0.62645,-0.346558,0.698182
0.863243,0.184474,0.469873,-0.147851,0.98241,-0.114069,-0.48265,0.0289978,0.875333
0.991568,-0.0381493,-0.123843,-0.0248036,0.882141,-0.470333,0.12719,0.469439,0.873756
0.945584,-0.212803,-0.246144,0.099366,0.909203,-0.404323,0.309836,0.357863,0.880872
0.712136,0.427659,-0.556749,-0.133933,0.861239,0.490235,0.689147,-0.274546,0.670597
0.738588,0.203027,-0.642859,0.218473,0.830031,0.513145,0.637775,-0.51945,0.568695
0.941488,-0.325868,-0.0860851,0.244194,0.835539,-0.492182,0.232314,0.442362,0.866225
0.889119,0.421264,0.178896,-0.27637,0.805751,-0.523818,-0.364811,0.416295,0.832833
0.866992,-0.39637,0.30202,0.394388,0.916249,0.0703329,-0.304604,0.0581351,0.950703
0.757354,-0.639617,-0.131548,0.644976,0.701215,0.303815,-0.102082,-0.314941,0.943606
0.785532,-0.295971,0.543453,0.291757,0.951608,0.0965394,-0.545727,0.0827214,0.83387
0.758505,-0.300218,0.578393,0.439055,0.891308,-0.11314,-0.48156,0.339764,0.807874
0.890043,0.425934,-0.162492,-0.423523,0.640682,-0.640433,-0.168676,0.638832,0.750628
0.905977,0.317348,-0.280172,-0.0623432,0.754637,0.653174,0.418712,-0.574293,0.703468
0.96777,0.0900039,-0.235203,-0.102468,0.993879,-0.0412952,0.230047,0.0640652,0.971069
0.812927,0.580474,-0.0469076,-0.48866,0.63609,-0.597161,-0.316799,0.50837,0.800749
0.88604,-0.255238,0.387023,0.431871,0.757975,-0.488837,-0.168584,0.600273,0.781826
0.869089,0.00045207,-0.494655,-0.148812,0.953914,-0.260584,0.471741,0.300081,0.829103
0.980523,-0.00402602,-0.196361,-0.0835894,0.896165,-0.435777,0.177726,0.443703,0.878374
0.967102,0.210771,-0.142439,-0.253703,0.840193,-0.479281,0.0186575,0.499651,0.866026
0.925395,-0.350875,0.143288,0.378812,0.86834,-0.320137,-0.0120949,0.350532,0.936473
0.934877,0.207133,-0.288271,-0.321818,0.837262,-0.442069,0.149791,0.506051,0.849397
0.951082,0.0363851,-0.306789,-0.1134,0.964839,-0.237123,0.287374,0.260313,0.921767
0.70714,0.16279,-0.688079,-0.406348,0.889949,-0.207055,0.578649,0.426016,0.695468
0.892285,-0.451223,0.0150146,0.440269,0.877024,0.192335,-0.0999543,-0.165007,0.981214
0.826543,-0.042131,-0.561295,-0.0879654,0.975274,-0.202739,0.555958,0.216947,0.802399
0.968415,0.181,-0.171495,-0.245626,0.810802,-0.531289,0.0428851,0.556632,0.829652
0.81296,0.582062,-0.0173034,-0.550856,0.778331,0.301263,0.188821,-0.235383,0.953384
0.706992,0.0939763,0.70095,-0.388697,0.879645,0.274114,-0.590827,-0.466254,0.658431
0.907026,0.0882581,-0.411721,-0.161088,0.976136,-0.145632,0.389042,0.198415,0.899598
0.968479,0.110163,-0.223413,-0.0187492,0.926586,0.375615,0.24839,-0.359587,0.899444
0.631516,0.511582,-0.582642,-0.619822,0.784557,0.0170564,0.465841,0.350363,0.81255
0.662202,-0.384755,0.643002,0.228242,0.920901,0.315985,-0.713718,-0.0624861,0.69764
0.855574,0.517118,-0.0241108,-0.416858,0.715813,0.560215,0.306956,-0.469255,0.827996
0.799429,-0.547484,0.247334,0.569799,0.821452,-0.0233796,-0.190373,0.159621,0.968648
0.670345,0.279878,0.687245,-0.473729,0.874263,0.106039,-0.571155,-0.396651,0.718644
0.950887,0.305913,0.0472293,-0.303717,0.892632,0.333112,0.0597448,-0.331096,0.941704
0.829868,0.55586,0.0483616,-0.481001,0.756639,-0.442871,-0.282767,0.344263,0.89528
0.840928,0.516392,0.1618,-0.510377,0.657447,0.554327,0.179876,-0.548728,0.81642
0.908046,-0.0292833,0.417845,0.227287,0.872369,-0.432796,-0.351841,0.48797,0.798808
0.903923,-0.0960808,-0.416763,-0.0484507,0.945163,-0.322984,0.424941,0.312146,0.8497
0.940699,-0.304883,0.148765,0.176604,0.814532,0.552584,-0.289647,-0.493543,0.820073
0.706316,0.256025,-0.659977,-0.0288634,0.941947,0.334519,0.707308,-0.217227,0.672702
0.76805,-0.463293,0.442108,0.426146,0.88508,0.187172,-0.478016,0.0446452,0.877216
0.727635,-0.277386,-0.627379,0.579462,0.738022,0.345756,0.367111,-0.615126,0.697746
0.820671,0.562632,0.0997229,-0.532316,0.689362,0.491345,0.207701,-0.456316,0.865237
0.846354,0.531143,0.0396411,-0.505749,0.778085,0.372561,0.167039,-0.335367,0.927161
0.730691,0.670189,-0.13014,-0.625182,0.73344,0.266858,0.274296,-0.113629,0.954908
0.89332,0.322804,0.312694,-0.335893,0.941815,-0.0126696,-0.29859,-0.0937139,0.949769
0.949911,-0.061052,0.3065,-0.0273454,0.960734,0.276119,-0.311323,-0.27067,0.910942
0.770615,0.218122,0.598812,-0.458998,0.841804,0.284054,-0.442124,-0.493749,0.748824
0.893662,0.162934,-0.418116,-0.349651,0.83685,-0.42122,0.281269,0.522624,0.80483
0.941983,-0.265917,0.204832,0.255679,0.963815,0.0754251,-0.217477,-0.0186779,0.975887
0.84121,-0.497414,0.212003,0.534469,0.70553,-0.465371,0.0819072,0.504784,0.859351
0.799294,-0.588242,-0.122884,0.590899,0.732107,0.338906,-0.109395,-0.343498,0.93276
0.878463,0.455807,-0.143326,-0.477442,0.849135,-0.225873,0.0187485,0.266851,0.963556
0.822196,-0.50673,0.259265,0.555698,0.615952,-0.558393,0.12326,0.603182,0.788022
0.960419,0.154935,-0.231496,-0.0713546,0.940156,0.333191,0.269265,-0.303484,0.913999
0.917321,-0.16888,-0.360556,0.0665505,0.957883,-0.279342,0.392546,0.232251,0.889925
0.799133,0.553234,0.235198,-0.562638,0.826103,-0.0314876,-0.211718,-0.107169,0.971437
0.896947,-0.418289,-0.143251,0.395366,0.903831,-0.16363,0.197919,0.0901313,0.976066
0.979561,0.13212,0.151673,-0.132126,0.991182,-0.0100824,-0.151667,-0.0101636,0.988379
0.777411,-0.324829,-0.538626,0.163774,0.931329,-0.325277,0.607297,0.164661,0.777224
0.669725,0.398505,-0.626628,-0.247927,0.91539,0.317165,0.700001,-0.0570554,0.711859
0.734979,-0.677439,-0.0297192,0.559564,0.58117,0.590872,-0.383008,-0.450908,0.806218
0.73792,0.666368,0.106901,-0.619901,0.606615,0.497736,0.266827,-0.433557,0.860716
0.846749,0.500802,-0.179483,-0.529492,0.826033,-0.193155,0.0515265,0.258588,0.964612
0.808584,0.58764,0.0295008,-0.45143,0.587442,0.671657,0.377363,-0.556409,0.740275
0.563657,-0.591238,-0.576826,0.599707,0.773134,-0.206436,0.568016,-0.229568,0.790352
0.897379,0.342285,-0.278482,-0.399779,0.8978,-0.184748,0.186785,0.27712,0.942505
0.697506,0.21492,0.68359,-0.227883,0.970967,-0.0727494,-0.679379,-0.105035,0.726232
0.833303,-0.539254,0.121705,0.552536,0.81947,-0.152228,-0.0176441,0.194098,0.980824
0.964727,0.125549,0.231386,-0.243615,0.758877,0.603951,-0.0997675,-0.639017,0.762695
0.726733,-0.47371,0.497451,0.0833618,0.779644,0.62065,-0.681843,-0.409579,0.606082
0.773979,0.0295354,-0.632522,-0.268019,0.920298,-0.284986,0.573692,0.390101,0.720207
0.946388,-0.186709,-0.263609,0.26782,0.909782,0.317126,0.180616,-0.370724,0.911011
0.897409,-0.0265712,0.440399,0.0640821,0.99545,-0.0705215,-0.436521,0.0915083,0.895028
0.995764,0.0897294,0.0200726,-0.0902797,0.912737,0.398448,0.0174316,-0.398573,0.916971
0.864789,-0.444722,-0.233156,0.214184,0.746668,-0.629772,0.454163,0.494682,0.740963
0.820243,0.448083,-0.355559,-0.262719,0.847259,0.461662,0.508114,-0.285263,0.812678
0.684345,0.454973,-0.5698,-0.577102,0.815598,-0.0418778,0.445674,0.357491,0.820716
0.99793,-0.00919804,0.0636493,-0.00481771,0.976246,0.216613,-0.0641298,-0.216471,0.97418
0.897074,0.328614,-0.295417,-0.441847,0.658897,-0.60879,-0.00540741,0.676659,0.736276
0.757028,0.290378,0.585311,-0.606943,0.64422,0.465404,-0.241926,-0.707574,0.663936
0.675535,-0.393359,-0.623635,0.648175,0.71998,0.247989,0.351456,-0.57175,0.741337
0.73881,-0.326388,-0.589602,0.290823,0.943648,-0.157958,0.607932,-0.0547685,0.792098
0.796982,0.602015,0.048959,-0.559922,0.705989,0.433667,0.22651,-0.373038,0.899742
0.727142,-0.624217,0.285688,0.564047,0.780469,0.269662,-0.391299,-0.0349412,0.9196
0.898867,0.387306,0.205018,-0.310332,0.892904,-0.326214,-0.309406,0.2296,0.922796
0.700758,-0.24698,0.669283,0.564974,0.764962,-0.309255,-0.435596,0.59484,0.67559
0.999174,0.0362943,0.0182493,-0.0405258,0.859295,0.509872,0.00282394,-0.510191,0.860056
0.963636,0.226967,0.141034,-0.0807779,0.75052,-0.655892,-0.254715,0.620649,0.741562
0.918959,-0.21322,0.331741,0.228186,0.973597,-0.00634105,-0.32163,0.0815259,0.943349
0.881024,0.117853,0.458156,-0.305867,0.880722,0.361626,-0.360889,-0.458737,0.811985
0.904728,-0.414614,0.0977929,0.278592,0.749545,0.600474,-0.322265,-0.516021,0.793642
0.886799,0.153272,-0.435999,0.0357495,0.917827,0.395368,0.46077,-0.366198,0.808449
0.808208,0.454889,-0.374001,-0.571041,0.760571,-0.308942,0.14392,0.463259,0.874459
0.854441,0.482825,-0.191863,-0.219403,0.670065,0.709137,0.47095,-0.56382,0.678464
0.830101,0.415838,0.3715,-0.450896,0.892537,0.0084486,-0.328064,-0.174521,0.928395
0.747261,0.437194,-0.500462,-0.337672,0.898444,0.280672,0.572345,-0.0407434,0.819
0.847437,0.00406077,0.53088,0.0650087,0.991652,-0.111358,-0.526901,0.128881,0.840099
0.706187,0.650814,-0.278821,-0.334388,0.653684,0.678883,0.624087,-0.386184,0.679247
0.712066,-0.110806,-0.693313,0.0257679,0.990927,-0.131906,0.701639,0.0760609,0.708461
0.864112,0.377751,-0.332588,-0.351901,0.925906,0.137348,0.359829,-0.00164557,0.933017
0.957372,0.148904,-0.247519,-0.0837998,0.963215,0.255331,0.276434,-0.223705,0.934634
0.971912,-0.157294,0.175058,0.0776405,0.916495,0.392439,-0.222168,-0.367824,0.902965
0.898128,-0.277207,-0.341354,0.196303,0.947379,-0.252859,0.393486,0.160091,0.905284
0.937514,-0.227311,0.263434,0.0174929,0.786942,0.616779,-0.347508,-0.573631,0.741745
0.876517,-0.480569,0.0277792,0.368241,0.632237,-0.681671,0.310027,0.607725,0.731132
0.993387,0.114633,0.00642838,-0.11481,0.991403,0.0627549,0.000820679,-0.0630779,0.998008
0.830108,0.131602,0.541851,0.249516,0.781361,-0.572029,-0.498661,0.610046,0.615777
0.764849,-0.55648,-0.324556,0.405046,0.80717,-0.429434,0.500943,0.196992,0.842763
0.986379,-0.149154,-0.0693528,0.160798,0.96317,0.215518,0.0346532,-0.223734,0.974034
0.513702,-0.547845,0.660285,0.681249,0.728277,0.0742467,-0.521546,0.411678,0.747336
0.921441,0.355424,-0.156909,-0.186035,0.758186,0.624936,0.341084,-0.546651,0.764745
0.835717,0.0168282,-0.548903,0.319922,0.797483,0.511538,0.446349,-0.603107,0.661086
0.705371,0.696511,-0.13162,-0.707293,0.703846,-0.0658517,0.0467737,0.139544,0.989111
0.866318,0.167014,-0.470744,-0.394861,0.806172,-0.440649,0.305906,0.567621,0.764348
0.992774,0.0138185,-0.119205,0.0182675,0.964369,0.263929,0.118605,-0.264199,0.957148
0.961631,0.0796401,-0.262533,-0.204499,0.845988,-0.492427,0.182882,0.527221,0.829815
0.741575,0.602614,-0.294826,-0.534734,0.796339,0.282674,0.405125,-0.0519705,0.912783
0.82832,0.426916,-0.362806,-0.559594,0.661888,-0.498758,0.0272088,0.616155,0.787154
0.846663,-0.234734,-0.477559,0.0321201,0.918355,-0.394453,0.53116,0.318629,0.785076
0.923496,-0.318579,-0.213687,0.340473,0.937339,0.0739841,0.176727,-0.141079,0.974097
0.789054,-0.614311,0.00399979,0.55103,0.704865,-0.44669,0.271587,0.354667,0.89468
0.992855,-0.103978,0.0585392,0.107047,0.992894,-0.0519777,-0.0527187,0.0578727,0.996931
0.771489,-0.587707,0.243732,0.589427,0.804427,0.0739796,-0.239543,0.0865876,0.967017
0.575647,-0.72379,-0.380471,0.473517,0.674405,-0.566532,0.666642,0.145963,0.730947
0.960285,0.0878207,-0.264841,-0.147643,0.965337,-0.215233,0.236759,0.245787,0.939965
0.975554,-0.215569,0.0427111,0.212191,0.974561,0.072148,-0.0571775,-0.0613213,0.996479
0.736536,-0.652012,0.179985,0.662024,0.74946,0.00584378,-0.138702,0.114851,0.983652
0.84792,-0.43742,0.299491,0.265037,0.839061,0.475112,-0.459115,-0.323481,0.827389
0.873636,0.395559,-0.283359,-0.484163,0.648717,-0.587156,-0.0484356,0.650153,0.758258
0.619218,-0.424469,-0.660602,0.508598,0.857781,-0.0744301,0.598245,-0.289893,0.747038
0.824989,-0.357069,0.438058,0.205303,0.911518,0.356351,-0.52654,-0.204051,0.8253
0.628442,0.567784,-0.531678,-0.643278,0.763644,0.0551494,0.437326,0.307359,0.845149
0.999649,-0.0235457,0.0121796,0.011182,0.791098,0.611587,-0.0240355,-0.611236,0.791084
0.994338,-0.0814252,-0.0682818,0.0970761,0.9574,0.27196,0.0432286,-0.277049,0.959883
0.729008,-0.211983,0.650854,0.430221,0.881457,-0.19479,-0.532407,0.422015,0.733789
0.809677,0.579547,0.0924563,-0.565443,0.728179,0.387337,0.157155,-0.365897,0.917291
0.983337,-0.0765672,0.164881,0.0645363,0.99493,0.0771344,-0.169951,-0.0652083,0.983293
0.99516,0.0789722,0.0584875,-0.0939098,0.939572,0.329218,-0.0289542,-0.333117,0.942441
0.927162,-0.324674,0.186971,0.267647,0.923179,0.275872,-0.262176,-0.205736,0.942834
0.921475,0.0639097,0.383143,0.0244962,0.974847,-0.221523,-0.387664,0.213513,0.896732
0.748743,-0.204996,-0.630366,0.273062,0.961927,0.0115207,0.604004,-0.180755,0.776213
0.693055,-0.613281,0.378894,0.706022,0.683626,-0.184899,-0.145627,0.395653,0.906781
0.819478,0.534079,-0.207881,-0.541573,0.602978,-0.585761,-0.187495,0.592601,0.783371
0.967332,0.075765,0.241928,-0.181349,0.873642,0.451511,-0.177149,-0.480635,0.858841
0.886501,-0.461808,0.0291491,0.38439,0.69989,-0.601995,0.257605,0.544873,0.797968
0.949422,-0.29382,-0.110761,0.313999,0.890254,0.329928,0.00166548,-0.348019,0.937486
0.83808,-0.540528,0.073835,0.532069,0.839752,0.108256,-0.120518,-0.0514416,0.991377
0.896159,-0.38615,0.218604,0.307896,0.89588,0.320311,-0.319531,-0.219742,0.921745
0.916878,0.389679,0.0865149,-0.361678,0.719315,0.593106,0.168889,-0.575096,0.800463
0.613314,-0.602316,0.510941,0.497074,0.797064,0.342939,-0.61381,0.0436465,0.788246
0.873186,-0.415229,-0.255209,0.424127,0.905338,-0.0218681,0.240131,-0.0891461,0.966639
0.788962,0.258485,-0.557427,-0.365951,0.92643,-0.0883582,0.493578,0.273702,0.825511
0.899068,-0.285057,-0.332293,0.409786,0.815093,0.40951,0.154116,-0.504346,0.849637
0.973843,-0.148126,0.172307,0.0124017,0.79183,0.610616,-0.226885,-0.592507,0.772955
0.699258,-0.186024,0.690241,0.262395,0.964943,-0.00576487,-0.664971,0.185147,0.723557
0.930814,0.301619,-0.206425,-0.133015,0.805607,0.577325,0.340429,-0.509924,0.78999
0.900163,0.434959,0.0227419,-0.430351,0.880153,0.200322,0.0671154,-0.190109,0.979466
0.666758,0.540068,-0.513576,-0.230947,0.804914,0.546604,0.708588,-0.245844,0.66141
0.815717,-0.578446,0.00220323,0.534761,0.755554,0.378376,-0.220535,-0.30747,0.925649
0.80833,-0.0860569,0.582406,-0.158714,0.920779,0.356337,-0.566932,-0.380474,0.730635
0.668939,-0.61121,-0.423015,0.454308,0.786613,-0.418145,0.588323,0.0875344,0.803874
0.984105,-0.00774298,-0.177421,0.0891059,0.885719,0.45559,0.153618,-0.464158,0.87233
0.715347,-0.18426,0.674037,0.562205,0.724613,-0.398575,-0.414974,0.664067,0.621942
0.740595,-0.596781,0.308823,0.64722,0.509996,-0.566577,0.180623,0.619481,0.763949
0.939866,0.273974,0.203938,-0.216093,0.939403,-0.26613,-0.264493,0.206057,0.942117
0.720698,-0.686595,0.0958241,0.652176,0.62462,-0.429553,0.235075,0.372072,0.897943
0.628398,0.496632,-0.598726,-0.736243,0.628181,-0.251665,0.251123,0.598953,0.76039
0.937658,-0.343698,-0.0516629,0.346874,0.916084,0.201169,-0.0218138,-0.206548,0.978193
0.98397,-0.178332,0.00045888,0.172082,0.948803,-0.264878,0.0468008,0.260711,0.964282
0.762405,0.600766,-0.240456,-0.638215,0.636727,-0.432736,-0.106868,0.483382,0.868862
0.990347,-0.134009,-0.0354193,0.083472,0.780592,-0.619442,0.110659,0.610506,0.784243
0.968832,0.1706,-0.179612,-0.246886,0.724401,-0.643654,0.0203038,0.667936,0.743941
0.711338,-0.701347,-0.0459428,0.54103,0.588118,-0.601169,0.448648,0.402778,0.7978
0.903119,0.0706477,0.423538,-0.332219,0.739882,0.584982,-0.272041,-0.669016,0.691673
0.922816,0.31288,0.224758,-0.103936,0.763995,-0.636796,-0.370955,0.564286,0.737546
0.873628,0.406083,0.268087,-0.452032,0.881226,0.138227,-0.180114,-0.241943,0.953427
0.940419,-0.228759,0.251559,0.234926,0.971997,0.00565886,-0.245809,0.0537762,0.967825
0.543037,0.508809,0.668,-0.658513,0.75165,-0.0371994,-0.521029,-0.419686,0.743231
0.732009,0.629498,0.260566,-0.650039,0.759841,-0.00953566,-0.203992,-0.162398,0.965409
0.998759,-0.00105444,-0.0497992,0.0134769,0.968207,0.249788,0.0479525,-0.250149,0.967019
0.84124,0.478137,0.25239,-0.500519,0.865235,0.0291468,-0.20444,-0.150845,0.967187
0.75846,0.434985,0.485312,-0.00306298,0.747034,-0.664779,-0.651713,0.502722,0.567927
0.988848,-0.101129,-0.109331,0.0892581,0.990081,-0.108503,0.119219,0.0975346,0.988066
0.647132,-0.634954,0.421963,0.276513,0.711279,0.646238,-0.710465,-0.301523,0.635865
0.933,-0.106752,-0.343679,0.251365,0.876734,0.410065,0.25754,-0.46898,0.844826
0.796512,0.446521,0.407662,-0.367236,0.892906,-0.260494,-0.480319,0.0577779,0.875189
0.833752,-0.032591,0.551176,-0.290919,0.822518,0.488702,-0.469279,-0.567804,0.676295
0.726352,-0.621731,0.293024,0.391098,0.724444,0.567648,-0.565203,-0.297711,0.769359
0.926421,0.315526,0.205396,-0.0914073,0.717736,-0.69029,-0.365224,0.620725,0.693767
0.802123,0.580222,0.141214,-0.551341,0.810415,-0.19812,-0.229396,0.0810597,0.969952
0.823886,-0.399761,0.40175,0.314978,0.912272,0.261818,-0.47117,-0.0891663,0.877524
0.858322,-0.504268,-0.0948535,0.335933,0.691989,-0.638984,0.387857,0.516589,0.763349
0.812681,-0.441504,0.380294,0.177858,0.80943,0.559634,-0.554902,-0.387166,0.736333
0.754116,-0.653254,0.0675948,0.633874,0.750915,0.185283,-0.171795,-0.0968785,0.980358
0.95525,-0.183622,-0.231907,0.277352,0.828542,0.48641,0.102829,-0.528962,0.842392
0.737619,0.479667,-0.475224,-0.675125,0.535539,-0.507351,0.0111416,0.695067,0.718859
0.658049,-0.716012,-0.23302,0.478417,0.636552,-0.604912,0.581454,0.286581,0.761434
0.859058,-0.170776,0.482551,0.199343,0.979896,-0.00809126,-0.471468,0.103144,0.875831
0.735783,-0.185215,-0.651397,0.434173,0.867199,0.243843,0.519728,-0.462235,0.718486
0.785709,-0.317167,-0.5311,-0.0869206,0.793433,-0.60242,0.612459,0.51949,0.595839
0.865967,0.210153,-0.453803,-0.295856,0.946876,-0.126075,0.4032,0.243438,0.882138
0.724587,-0.413661,-0.551233,-0.0408608,0.772643,-0.633524,0.687971,0.481567,0.542945
0.908078,-0.300898,-0.2913,0.377532,0.88922,0.258374,0.181286,-0.344599,0.921079
0.76757,-0.118505,0.629915,-0.0649962,0.963304,0.260424,-0.637661,-0.240836,0.731701
0.941008,0.338378,-0.00204386,-0.337442,0.938823,0.0688815,0.0252268,-0.0641284,0.997623
0.946863,-0.310131,-0.0852588,0.290901,0.938827,-0.184338,0.137212,0.149741,0.979158
0.753412,-0.496222,-0.431432,0.34624,0.857179,-0.381265,0.559006,0.13787,0.817621
0.883177,-0.412553,0.223156,0.207938,0.770846,0.602129,-0.420429,-0.485383,0.766579
0.767277,0.431623,0.474328,-0.62082,0.685384,0.380566,-0.160836,-0.586472,0.79384
0.671648,-0.507736,0.53953,0.465882,0.855685,0.225295,-0.576058,0.100039,0.811264
0.805366,0.555088,-0.207997,-0.542217,0.831634,0.119939,0.239554,0.0161849,0.970748
0.799308,0.498371,-0.335758,-0.129124,0.688129,0.714006,0.586885,-0.527356,0.614379
0.837272,0.161044,-0.522532,-0.328071,0.912475,-0.244457,0.437429,0.376105,0.816824
0.781532,0.323697,-0.533318,-0.531521,0.793063,-0.29755,0.326638,0.516015,0.791856
0.824697,0.55666,0.100023,-0.564461,0.799008,0.207293,0.0354726,-0.227413,0.973152
0.783803,0.561015,0.2663,-0.599729,0.795112,0.0901218,-0.161179,-0.230345,0.959668
0.660096,-0.399778,-0.635965,0.271767,0.916366,-0.293964,0.700297,0.0212103,0.713536
0.949564,0.0305752,-0.312079,-0.214565,0.789119,-0.575546,0.22867,0.613479,0.755879
0.957842,-0.0323833,-0.285466,0.0794438,0.984738,0.154854,0.276094,-0.171004,0.945796
0.932758,-0.360382,0.00933182,0.343162,0.879662,-0.329293,0.110462,0.310353,0.944182
0.738803,0.651211,-0.173478,-0.59623,0.511616,-0.618675,-0.314134,0.560512,0.766255
0.993696,-0.111819,-0.00809667,0.0951691,0.879499,-0.466288,0.0592608,0.462578,0.884596
0.897446,0.359201,-0.256059,-0.440528,0.699599,-0.562579,-0.02294,0.617686,0.78609
0.965896,-0.0985867,0.239428,0.230885,0.746486,-0.62406,-0.117206,0.658057,0.74379
0.908,-0.167174,-0.384172,0.32673,0.856526,0.399513,0.262265,-0.488278,0.832347
0.85516,0.463652,-0.231793,-0.279041,0.788598,0.547949,0.43685,-0.403904,0.803756
0.81449,-0.543146,0.203957,0.331738,0.724396,0.604318,-0.475979,-0.424551,0.770195
0.838074,-0.137265,0.528006,0.415254,0.788204,-0.454201,-0.35383,0.59991,0.717574
0.780258,-0.621193,0.0729101,0.515595,0.704809,0.487243,-0.35406,-0.342583,0.870218
0.88373,0.256312,-0.391568,0.00464366,0.831846,0.554988,0.467974,-0.492278,0.733937
0.785638,0.504684,-0.357864,-0.613725,0.70884,-0.34769,0.078195,0.492788,0.866629
0.737023,-0.101078,0.668267,0.430078,0.832877,-0.348351,-0.521374,0.54415,0.657321
0.843967,-0.19392,0.500115,-0.19725,0.754833,0.625556,-0.498811,-0.626596,0.598803
0.919968,-0.265594,-0.288302,0.0178165,0.763048,-0.646096,0.391588,0.589251,0.706712
0.815381,-0.241689,0.526061,-0.157566,0.781735,0.603377,-0.557069,-0.574872,0.59933
0.742353,-0.66937,-0.0292709,0.594594,0.638029,0.489261,-0.308821,-0.380608,0.871646
0.834534,-0.526472,-0.162421,0.530355,0.687768,0.49568,-0.149253,-0.499803,0.853183
0.926825,-0.37521,0.0146285,0.327185,0.826086,0.458837,-0.184244,-0.420475,0.8884
0.933311,-0.0559671,-0.35468,0.0254789,0.995611,-0.0900577,0.358163,0.0750151,0.930641
0.604962,-0.490468,-0.627266,0.408061,0.867428,-0.284702,0.683745,-0.0837284,0.724902
0.759274,0.368905,0.536108,-0.285218,0.929108,-0.23539,-0.584939,0.0258177,0.810666
0.499507,-0.612333,0.612815,0.61226,0.74998,0.250336,-0.612888,0.250157,0.749527
0.84531,0.532823,0.0393862,-0.410627,0.600746,0.685922,0.341814,-0.59599,0.726608
0.774789,0.512519,-0.370171,-0.516446,0.850805,0.0970269,0.364672,0.115998,0.923883
0.661535,-0.582101,0.472789,0.385539,0.804754,0.451365,-0.643219,-0.116315,0.756796
0.760834,0.227379,-0.607808,0.239403,0.772198,0.588554,0.603173,-0.593303,0.533079
0.872204,0.168094,-0.459353,-0.163473,0.985272,0.0501489,0.461018,0.0313519,0.886837
0.898954,-0.405078,0.166714,0.213412,0.737371,0.640889,-0.38254,-0.540551,0.749311
0.684494,-0.423938,0.593081,0.104289,0.862108,0.495877,-0.72152,-0.277573,0.63432
0.788932,-0.599378,0.135395,0.55909,0.791598,0.246558,-0.25496,-0.118819,0.959624
0.815522,-0.485969,-0.314259,0.258719,0.791879,-0.553166,0.517676,0.369814,0.771524
0.824039,-0.0141346,-0.566357,-0.352796,0.769392,-0.532513,0.443278,0.63862,0.629022
0.747222,-0.29642,-0.594806,0.121782,0.940936,-0.315925,0.653321,0.163629,0.739187
0.913047,0.290682,-0.286091,-0.345339,0.924195,-0.163108,0.216992,0.247724,0.944218
0.88895,-0.386148,0.246286,0.355728,0.92083,0.159781,-0.288487,-0.0544264,0.955936
0.862854,0.186131,0.469934,-0.112532,0.977135,-0.1804,-0.492767,0.102777,0.86407
0.702062,0.290824,-0.650024,-0.449743,0.888803,-0.0880917,0.552124,0.354189,0.754791
0.923939,0.378206,-0.0574178,-0.382169,0.905981,-0.182056,-0.0168352,0.190152,0.98161
0.837863,0.451407,-0.306949,-0.518636,0.833701,-0.18963,0.170303,0.318079,0.932643
0.916315,0.393287,0.0754478,-0.390635,0.836358,0.384591,0.0881531,-0.381879,0.919999
0.834153,0.448666,-0.320762,-0.544925,0.580681,-0.604869,-0.0851242,0.679344,0.728866
0.964844,0.259892,-0.0391396,-0.247577,0.848758,-0.467241,-0.0882124,0.460505,0.883263
0.729472,0.601479,-0.32572,-0.6837,0.626801,-0.373732,-0.0206306,0.495321,0.868465
0.822483,-0.14839,0.549093,-0.229968,0.796193,0.559635,-0.520228,-0.586564,0.62073
0.759613,0.358799,0.542449,-0.0941836,0.88595,-0.454117,-0.643519,0.293863,0.706773
0.70531,0.434373,0.56023,-0.591583,0.796094,0.127533,-0.390599,-0.421373,0.81846
0.920679,0.134231,0.366513,0.0557664,0.884136,-0.463889,-0.386315,0.447532,0.806521
0.731031,0.409129,0.546084,-0.403971,0.904477,-0.136852,-0.549911,-0.120559,0.826477
0.778542,0.621154,0.0896663,-0.473243,0.674886,-0.566189,-0.412205,0.398368,0.819384
0.806801,-0.0384578,-0.58957,-0.139252,0.957389,-0.253011,0.574178,0.286228,0.767068
0.756239,0.606909,0.244468,-0.653586,0.718098,0.23908,-0.0304519,-0.340583,0.939721
0.74732,-0.563148,-0.352671,0.608378,0.793332,0.0223725,0.267186,-0.231277,0.93548
0.913338,0.319251,-0.25277,-0.212103,0.902873,0.373942,0.347601,-0.287922,0.892342
0.85761,-0.513904,0.0201871,0.455464,0.740682,-0.493905,0.238868,0.432773,0.869281
0.646554,-0.682775,-0.340273,0.650822,0.726385,-0.220898,0.397993,-0.0786348,0.914012
0.911818,0.127588,0.390269,-0.0824448,0.988029,-0.130386,-0.402233,0.0867128,0.911422
0.924832,-0.0181238,-0.379943,-0.17166,0.871476,-0.459414,0.339438,0.490102,0.802858
0.706497,-0.359563,-0.60957,0.587391,0.778354,0.221669,0.394757,-0.514665,0.761109
0.620917,0.623828,-0.47466,-0.470341,0.780908,0.411051,0.62709,-0.0319765,0.77829
0.882646,-0.272313,0.383121,0.137347,0.928931,0.343836,-0.449524,-0.250865,0.857319
0.809751,-0.288685,-0.510847,0.353544,0.934867,0.0321051,0.468306,-0.206604,0.859072
0.942959,0.0563403,-0.328107,-0.213452,0.858649,-0.466005,0.255474,0.509459,0.821696
0.729712,0.627391,-0.27185,-0.624163,0.773539,0.109811,0.27918,0.0895483,0.956054
0.706207,-0.543195,-0.454104,0.691253,0.667692,0.276327,0.153103,-0.509045,0.847014
0.812964,0.186805,-0.551538,-0.483311,0.744766,-0.460147,0.324809,0.640647,0.695752
0.972238,-0.230366,0.0410544,0.231865,0.924825,-0.301557,0.0315001,0.302704,0.952564
0.996056,-0.0878835,-0.0122134,0.0640515,0.807448,-0.586451,0.061401,0.583356,0.809893
0.98322,-0.162362,0.0831734,0.179829,0.785973,-0.591531,0.0306699,0.596562,0.801981
0.697033,-0.713568,0.0704703,0.527294,0.576701,0.624001,-0.485907,-0.397791,0.778239
0.949289,0.129059,0.286694,-0.244412,0.876512,0.414715,-0.197768,-0.463756,0.863608
0.764236,-0.337527,-0.549562,0.341396,0.93466,-0.0992894,0.547166,-0.111738,0.829532
0.612571,-0.7192,-0.327883,0.583799,0.691331,-0.425723,0.532856,0.0693673,0.843358
0.550602,0.642031,0.53351,-0.63326,0.737664,-0.234165,-0.543893,-0.208919,0.812732
0.993578,0.0617778,0.0947923,0.00413549,0.817398,-0.576059,-0.113071,0.572752,0.811893
0.797125,-0.260729,0.544621,0.332621,0.942385,-0.0356826,-0.503939,0.209596,0.837923
0.985182,0.119328,-0.123197,-0.00583658,0.741204,0.671255,0.171413,-0.660589,0.730917
0.751832,0.658451,0.0345095,-0.596928,0.701947,-0.38852,-0.280045,0.271502,0.920794
0.807783,-0.486051,-0.333528,0.402102,0.868065,-0.291166,0.431045,0.101087,0.89665
0.722971,-0.103813,0.683034,0.166196,0.985747,-0.0260922,-0.67059,0.132382,0.72992
0.708805,-0.705242,0.0151367,0.518564,0.535491,0.666589,-0.478212,-0.464632,0.745272
0.947279,0.207862,0.243835,-0.0493371,0.846563,-0.529998,-0.316588,0.490025,0.812186
0.751257,0.658614,-0.0429128,-0.636033,0.705066,-0.313599,-0.176284,0.262887,0.948585
0.987476,0.121066,-0.101166,-0.101716,0.978694,0.178361,0.120604,-0.165837,0.978751
0.70838,-0.640036,-0.297578,0.700804,0.688001,0.188489,0.0840943,-0.342066,0.935906
0.928451,-0.371435,0.003854,0.309854,0.768716,-0.559522,0.204864,0.520683,0.828806
0.799206,-0.0962366,-0.593303,0.168212,0.983467,0.0670666,0.57704,-0.153401,0.80218
0.919033,0.286427,-0.270809,-0.242795,0.952558,0.183532,0.31053,-0.102921,0.944975
0.657294,-0.620973,0.427033,0.491523,0.78276,0.381697,-0.571288,-0.0409909,0.819726
0.792625,-0.53175,-0.298307,0.607281,0.6449,0.46402,-0.0543646,-0.54895,0.834085
0.843829,0.0190262,-0.536275,-0.0590885,0.996589,-0.0576184,0.533349,0.0803077,0.842074
0.82011,0.344306,0.457025,-0.0507714,0.839344,-0.541224,-0.569948,0.42066,0.705836
0.596566,0.65604,0.462299,-0.51037,0.754659,-0.412326,-0.61938,0.0100357,0.785027
0.907586,0.3767,-0.18543,-0.41934,0.791182,-0.44518,-0.0209901,0.481797,0.876031
0.942099,-0.00931376,-0.335206,-0.0911759,0.954841,-0.282781,0.322703,0.29697,0.898706
0.841778,-0.118767,0.526596,-0.185786,0.852166,0.489179,-0.506846,-0.509615,0.69527
0.818896,-0.40146,0.41017,0.456938,0.888475,-0.0426603,-0.3473,0.222357,0.911011
0.831279,-0.495935,0.251046,0.28677,0.769525,0.570609,-0.476171,-0.402343,0.781909
0.748255,-0.305437,-0.588917,-0.130811,0.802354,-0.582337,0.650387,0.512773,0.560411
0.864566,-0.477086,0.157844,0.502462,0.825427,-0.257297,-0.00753545,0.301761,0.953354
0.900212,-0.320622,0.294653,0.130366,0.844059,0.520162,-0.41548,-0.429844,0.80163
0.773685,-0.415218,-0.478546,0.169789,0.863569,-0.474784,0.610396,0.286081,0.73863
0.920767,0.226894,-0.317346,-0.298096,0.933951,-0.197166,0.25165,0.276143,0.927587
0.843838,-0.536508,0.00981564,0.518516,0.810558,-0.272281,0.138124,0.23485,0.962168
0.995425,-0.0890262,0.034676,0.0597814,0.863496,0.500801,-0.074527,-0.496437,0.864868
0.912169,0.37976,0.154046,-0.409763,0.839235,0.357461,0.00646831,-0.389188,0.921136
0.728564,-0.563327,0.389689,0.549888,0.820229,0.157634,-0.408433,0.099439,0.907356
0.935063,-0.105267,0.338492,0.162202,0.976118,-0.144511,-0.315196,0.190031,0.929806
0.736565,0.613648,0.284444,-0.662132,0.568374,0.488399,0.138034,-0.548077,0.82496
0.829329,-0.0532964,0.556212,0.00994816,0.996691,0.0806701,-0.558671,-0.0613688,0.827115
0.957421,0.240444,0.159788,-0.204147,0.955224,-0.214177,-0.20413,0.172437,0.963637
0.666732,-0.391232,-0.634355,0.373778,0.911891,-0.169544,0.644793,-0.124067,0.754221
0.826261,-0.110415,-0.552359,0.46234,0.693085,0.553059,0.321766,-0.71235,0.623718
0.745587,-0.523242,0.412696,0.579855,0.814585,-0.0148,-0.328432,0.250338,0.910749
0.965881,-0.0300352,0.25724,-0.121904,0.823618,0.553888,-0.228503,-0.566348,0.791856
0.732856,0.609608,-0.302158,-0.675287,0.597447,-0.432487,-0.0831243,0.520994,0.849503
0.955947,-0.287142,0.0609476,0.283465,0.95695,0.0624025,-0.0762422,-0.042377,0.996188
0.98893,-0.0216246,0.146798,0.0814624,0.906021,-0.415319,-0.124021,0.42268,0.897753
0.909905,0.248411,-0.332212,-0.304684,0.943696,-0.128861,0.281497,0.218471,0.934361
0.815645,-0.239699,0.526563,0.502533,0.744505,-0.439514,-0.286678,0.623102,0.727708
0.693862,-0.547262,0.468039,0.26627,0.798873,0.539353,-0.669071,-0.249612,0.700027
0.891953,-0.430428,-0.13839,0.4381,0.898451,0.0292372,0.111752,-0.0867069,0.989946
0.940398,-0.157616,0.301346,0.0406346,0.931841,0.360585,-0.337641,-0.326848,0.882706
0.75974,0.639699,-0.116535,-0.615368,0.649476,-0.446657,-0.21004,0.411055,0.887083
0.880793,0.0722641,0.467954,-0.0501346,0.996963,-0.0595921,-0.47084,0.0290276,0.881741
0.955607,0.292744,-0.0334209,-0.2917,0.955947,0.0328189,0.0415562,-0.0216131,0.998902
0.575701,-0.546182,-0.608484,0.533328,0.814915,-0.226882,0.619781,-0.193905,0.760442
0.901264,-0.0170579,0.432934,-0.117286,0.952312,0.281683,-0.417094,-0.304648,0.856284
0.813926,0.554586,0.173086,-0.549309,0.831631,-0.0815434,-0.189167,-0.0287074,0.981525
0.960338,-0.00295729,-0.278823,-0.182196,0.750307,-0.635487,0.211082,0.661083,0.72001
0.69853,-0.618347,0.360142,0.390912,0.751298,0.531732,-0.599369,-0.230647,0.766524
0.872474,-0.480976,0.0863199,0.476707,0.876579,0.0660263,-0.107423,-0.0164569,0.994077
0.747915,0.599718,0.284539,-0.64789,0.752799,0.116329,-0.144436,-0.271354,0.95158
0.703736,-0.581803,-0.40775,0.682194,0.713646,0.159126,0.198409,-0.390147,0.899121
0.734557,-0.515004,0.44181,0.557206,0.829392,0.0403811,-0.38723,0.216517,0.896199
0.982555,0.148338,0.112171,-0.158616,0.98332,0.0890134,-0.097096,-0.105253,0.989694
0.918212,0.389791,-0.070355,-0.245266,0.699006,0.671741,0.311017,-0.599545,0.737438
0.839746,-0.119252,0.529722,0.222223,0.965619,-0.134899,-0.495423,0.230997,0.837375
0.863054,-0.343521,0.370313,0.458639,0.840119,-0.28957,-0.211634,0.419755,0.88262
0.803137,0.18831,0.565253,-0.312277,0.941027,0.1302,-0.5074,-0.281084,0.814578
0.92527,0.000513624,-0.379309,-0.131283,0.938627,-0.318975,0.355865,0.344935,0.868551
0.882673,0.447549,0.143489,-0.232656,0.681355,-0.693993,-0.408363,0.579185,0.705539
0.5489,-0.493059,0.674983,0.673177,0.739445,-0.00728383,-0.495521,0.458381,0.737798
0.960805,-0.00329918,0.277207,-0.00938088,0.99897,0.0444036,-0.277067,-0.0452636,0.959784
0.73104,0.666546,-0.145933,-0.593459,0.726654,0.346094,0.336731,-0.166404,0.926781
0.808577,0.585398,-0.0592738,-0.558377,0.731663,-0.391005,-0.185525,0.349254,0.918478
0.863625,0.312121,-0.395895,-0.199607,0.932822,0.299999,0.462936,-0.180063,0.86791
0.854148,-0.50185,-0.136298,0.506993,0.861943,0.0035304,0.115709,-0.0721177,0.990662
0.586127,-0.479585,-0.653033,0.624426,0.780974,-0.0130938,0.516282,-0.400096,0.757216
0.660997,-0.661663,-0.353957,0.394209,0.707554,-0.586487,0.6385,0.248133,0.728524
0.616421,-0.402323,0.676876,0.656389,0.737373,-0.159483,-0.434946,0.542603,0.718613
0.761985,0.129463,-0.634522,-0.462477,0.794653,-0.393245,0.453314,0.593099,0.665387
0.969647,-0.133442,0.204883,0.16755,0.972908,-0.159299,-0.178075,0.188792,0.965736
0.79377,0.530238,0.297954,-0.608154,0.699013,0.376204,-0.00879612,-0.479822,0.877322
0.91064,-0.406848,0.0721716,0.413122,0.893064,-0.178234,0.00806046,0.192123,0.981338
0.675684,-0.66823,0.311321,0.600706,0.743875,0.29292,-0.427322,-0.0109095,0.904034
0.607618,0.494409,0.621579,-0.702688,0.699412,0.130588,-0.370176,-0.516123,0.77239
0.736782,0.428576,0.522948,-0.13798,0.852473,-0.504234,-0.661902,0.299354,0.687222
0.790039,-0.0642821,-0.609678,-0.340775,0.780645,-0.523894,0.509619,0.621659,0.594834
0.778984,-0.312587,0.543575,0.0265288,0.882538,0.469493,-0.626482,-0.351307,0.695775
0.841067,-0.180595,0.509894,-0.0501322,0.912543,0.405898,-0.538603,-0.366949,0.758456
0.85537,0.475562,0.205385,-0.504693,0.854415,0.123534,-0.116736,-0.209324,0.970853
0.949249,0.307216,0.0674085,-0.275522,0.915586,-0.292901,-0.151702,0.259463,0.953764
0.79748,-0.0836165,0.597524,0.10459,0.994515,-0.00041972,-0.594212,0.06283,0.801851
0.930223,-0.347143,-0.119068,0.277072,0.877058,-0.392428,0.240658,0.332055,0.912043
0.737033,0.486925,-0.468707,-0.0878366,0.756629,0.647918,0.670124,-0.436367,0.600431
0.740252,-0.396146,-0.543228,0.138763,0.880602,-0.453083,0.657854,0.260016,0.706838
0.670696,0.488163,0.558447,-0.485764,0.858055,-0.166658,-0.560535,-0.159497,0.812626
0.775973,0.0270915,0.630184,0.392229,0.761705,-0.515715,-0.493985,0.647358,0.580436
0.950063,-0.309515,0.0397533,0.259444,0.854234,0.450525,-0.173403,-0.417713,0.891878
0.852691,0.368593,0.370213,-0.148528,0.850458,-0.504639,-0.500857,0.375314,0.779924
0.740671,0.629433,0.23499,-0.377719,0.679351,-0.629135,-0.555639,0.377222,0.740924
0.80011,0.485807,-0.351874,-0.598894,0.680117,-0.422807,0.0339129,0.549028,0.835116
0.963337,-0.00422529,0.268261,0.130625,0.880751,-0.455209,-0.234348,0.473561,0.849012
0.864549,0.223551,-0.450088,-0.15843,0.971184,0.178051,0.476922,-0.0826262,0.875054
0.740322,-0.619723,-0.260514,0.671674,0.697963,0.2484,0.02789,-0.358876,0.932968
0.619855,-0.545848,-0.563765,0.409739,0.837852,-0.360719,0.669249,-0.00740266,0.743001
0.811425,0.364796,0.456632,-0.513133,0.81868,0.257796,-0.279793,-0.443495,0.851486
0.888137,0.450099,0.0928643,-0.308652,0.733879,-0.605108,-0.340509,0.508756,0.790709
0.826101,0.555999,0.091771,-0.552453,0.766944,0.326485,0.111142,-0.320409,0.940737
0.769734,-0.625536,0.127339,0.631003,0.715358,-0.300165,0.0966707,0.311398,0.94535
0.690171,-0.261146,0.674883,0.614059,0.704789,-0.355251,-0.382878,0.659602,0.646784
0.992928,-0.0924413,-0.0744828,0.0472199,0.883185,-0.466641,0.108919,0.459824,0.881305
0.640788,-0.440683,0.628641,0.309379,0.897638,0.313895,-0.702621,-0.00665165,0.711534
0.873431,-0.110343,0.474281,-0.0960334,0.915826,0.389924,-0.477384,-0.386119,0.789314
0.799227,0.573527,-0.179731,-0.595976,0.717545,-0.360475,-0.0777769,0.395217,0.915289
0.782636,0.622217,0.018062,-0.473415,0.613809,-0.631757,-0.404177,0.485885,0.774956
0.919669,-0.188203,-0.344656,0.159624,0.981055,-0.109779,0.358787,0.0459449,0.932288
0.752564,-0.131425,-0.645271,-0.129303,0.931315,-0.340489,0.6457,0.339675,0.68388
0.834292,0.17082,0.524193,0.0551618,0.920156,-0.387647,-0.548557,0.352326,0.758256
0.864659,0.30457,-0.399502,-0.0701259,0.860644,0.504356,0.49744,-0.40808,0.765522
0.863903,-0.270559,0.424817,0.476424,0.712587,-0.515015,-0.163377,0.647316,0.744507
0.980564,-0.0615815,0.186286,0.0978524,0.976449,-0.192282,-0.170058,0.206773,0.963496
0.679285,0.461739,0.570411,-0.715576,0.589221,0.375192,-0.162857,-0.663035,0.730659
0.81279,-0.364873,0.454137,0.452071,0.88673,-0.0966552,-0.36743,0.283862,0.885673
0.771341,0.441713,0.458173,-0.62903,0.638541,0.443381,-0.0967147,-0.630203,0.770383
0.853741,0.108767,0.509211,0.0935187,0.930008,-0.355441,-0.512231,0.351076,0.783815
0.888722,-0.151426,0.432717,-0.0672692,0.890586,0.449813,-0.453485,-0.428867,0.781297
0.73566,0.0709028,0.67363,-0.231395,0.960983,0.151554,-0.636601,-0.267367,0.723363
0.843818,0.243584,0.478162,-0.483324,0.732146,0.479959,-0.233174,-0.636104,0.735528
0.77566,-0.366617,0.513753,0.262878,0.92769,0.265115,-0.5738,-0.0705851,0.815948
0.952998,0.149412,-0.263574,-0.264498,0.834572,-0.483249,0.147768,0.53025,0.834865
0.693378,-0.452096,-0.561103,0.376961,0.891218,-0.252253,0.614107,-0.0366073,0.788373
0.791263,-0.557149,-0.251965,0.6076,0.670076,0.426405,-0.0687353,-0.490493,0.86873
0.857531,-0.284821,-0.428389,0.48497,0.725359,0.488526,0.171594,-0.626682,0.760148
0.736984,-0.587076,0.334958,0.478704,0.803215,0.354525,-0.477176,-0.100934,0.872992
0.585212,0.55942,0.587006,-0.528794,0.812091,-0.24675,-0.614739,-0.166004,0.771064
0.769962,0.34592,0.536188,-0.450385,0.889874,0.0726505,-0.452008,-0.297429,0.840967
0.983484,0.180166,0.0173067,-0.154817,0.787853,0.596086,0.0937591,-0.588921,0.802734
0.726031,-0.429309,-0.537189,0.0244288,0.796792,-0.60376,0.687227,0.425226,0.588983
0.708592,0.515563,-0.48176,-0.416562,0.856723,0.304141,0.569538,-0.0148293,0.821831
0.953624,-0.0775704,0.290833,0.0921407,0.995069,-0.0367213,-0.28655,0.0618159,0.956069
0.588766,0.650375,0.479965,-0.399037,0.750259,-0.527144,-0.70294,0.118841,0.701251
0.623659,-0.472392,0.622812,0.37476,0.879899,0.292119,-0.686006,0.0512223,0.725791
0.877416,-0.00119864,0.479728,0.124273,0.966429,-0.22488,-0.463354,0.256931,0.84811
0.940919,-0.327466,0.0862456,0.311823,0.738536,-0.597772,0.132054,0.589348,0.797014
0.812838,-0.00355305,0.582478,0.0951716,0.987354,-0.126788,-0.574662,0.158493,0.802897
0.877227,0.418929,-0.234462,-0.474605,0.830294,-0.292167,0.0722753,0.367574,0.927182
0.811817,0.371209,-0.450729,-0.473372,0.870329,-0.135818,0.341866,0.323622,0.882268
0.838975,-0.438813,-0.321813,0.38358,0.896366,-0.22225,0.385988,0.0630207,0.920349
0.974601,-0.201867,0.0969662,0.110312,0.809547,0.576598,-0.194895,-0.551256,0.811254
0.931451,0.294263,-0.214029,-0.265723,0.951932,0.152368,0.248578,-0.0850509,0.964871
0.666212,0.538435,0.515994,-0.607861,0.792902,-0.0425621,-0.43205,-0.285298,0.855534
0.876393,-0.341175,-0.339904,0.260117,0.929319,-0.262118,0.405308,0.141304,0.903194
0.932194,-0.350513,0.0903087,0.325932,0.921375,0.211745,-0.157428,-0.167953,0.973144
0.879091,-0.460208,0.12413,0.455849,0.735609,-0.501081,0.13929,0.49708,0.856452
0.536549,-0.488367,-0.688195,0.660559,0.750567,-0.0176255,0.525144,-0.445136,0.725312
0.989135,0.119425,0.0857274,-0.143499,0.911016,0.386599,-0.0319295,-0.3947,0.918255
0.76972,0.259877,-0.583091,-0.479006,0.838909,-0.258428,0.422001,0.478221,0.770208
0.944576,0.241245,-0.222659,-0.327828,0.729215,-0.600645,0.0174642,0.640348,0.767886
0.893732,0.157648,-0.419988,-0.289304,0.918066,-0.27103,0.342849,0.363732,0.866114
0.731192,-0.662596,-0.162252,0.574803,0.726514,-0.376535,0.367369,0.182056,0.912083
0.8807,-0.449328,0.149906,0.448768,0.892776,0.0394831,-0.151573,0.0325003,0.987912
0.734869,-0.402026,0.546207,0.311994,0.915483,0.254068,-0.602186,-0.0162936,0.79819
0.95701,0.210784,0.199254,-0.194854,0.976058,-0.0966616,-0.214858,0.0536808,0.975169
0.812001,0.565508,0.144412,-0.569825,0.821655,-0.0135246,-0.126305,-0.0713079,0.989425
0.831199,0.555883,-0.0100761,-0.55597,0.831131,-0.0108673,0.00233364,0.0146349,0.99989
0.943699,-0.0753005,-0.322121,-0.117081,0.834693,-0.538127,0.309393,0.545544,0.778882
0.89137,-0.255183,-0.374621,0.303056,0.950103,0.073902,0.33707,-0.179405,0.924228
0.922189,0.273599,0.273332,-0.0145456,0.730798,-0.682439,-0.386465,0.625362,0.677914
0.877299,-0.477649,0.0468835,0.451953,0.855055,0.254205,-0.161509,-0.201824,0.966013
0.70964,-0.506265,0.490008,0.519203,0.845893,0.122037,-0.476277,0.167811,0.863133
0.829853,-0.495887,0.255812,0.340147,0.813008,0.472565,-0.442316,-0.305145,0.843352
0.954661,0.0549877,0.292571,0.129061,0.809181,-0.57321,-0.268262,0.584981,0.765397
0.819979,-0.207729,0.533369,0.308876,0.94509,-0.106773,-0.481902,0.252297,0.839117
0.874176,0.449749,-0.183145,-0.39807,0.879682,0.260191,0.27813,-0.154549,0.948029
0.846423,0.527115,-0.0756204,-0.339594,0.643694,0.685809,0.410177,-0.554804,0.723842
0.632249,-0.66314,-0.400632,0.624722,0.742198,-0.24262,0.458239,-0.0968875,0.883532
0.628788,-0.453786,0.63143,0.609813,0.791617,-0.0383539,-0.482446,0.409171,0.774484
0.753573,0.462582,0.467061,-0.546845,0.835433,0.0548777,-0.364813,-0.296764,0.882521
0.787626,0.381115,-0.484145,-0.303381,0.923781,0.233642,0.536288,-0.0371424,0.843217
0.94183,-0.0700649,-0.328704,-0.0191413,0.965258,-0.260595,0.335543,0.251728,0.907769
0.695928,0.0610432,0.715512,-0.483455,0.776582,0.40397,-0.530994,-0.627052,0.569957
0.8437,-0.0892654,-0.529341,-0.00119959,0.985761,-0.168146,0.536814,0.1425,0.83158
0.745804,-0.502742,0.437066,0.149785,0.765846,0.625335,-0.649108,-0.400911,0.646474
0.770333,0.525014,-0.361867,-0.611526,0.769041,-0.18604,0.180617,0.364604,0.913478
0.874749,-0.368331,-0.314875,0.43386,0.884725,0.170373,0.215824,-0.285645,0.933717
0.797944,-0.356803,0.485774,0.575309,0.691211,-0.437318,-0.179735,0.628426,0.75682
0.996276,-0.0845984,0.0166206,0.0850194,0.932024,-0.352283,0.0143118,0.352384,0.935746
0.914512,-0.0809309,-0.396382,0.215129,0.927059,0.307053,0.342619,-0.366077,0.865217
0.93262,-0.126559,0.337938,0.0243631,0.956428,0.290949,-0.360035,-0.263112,0.895068
0.799332,0.386328,0.460237,0.03119,0.738219,-0.67384,-0.600079,0.552977,0.578033
0.743138,-0.631247,0.221978,0.66402,0.654738,-0.361104,0.0826083,0.415747,0.905721
0.931474,-0.0256149,0.362904,-0.0743453,0.963066,0.2588,-0.35613,-0.268046,0.895167
0.723727,0.665107,-0.18399,-0.644339,0.746748,0.164911,0.247077,-0.000798575,0.968995
0.841433,-0.466206,0.273207,0.538518,0.681763,-0.495175,0.0445913,0.563783,0.824718
0.693804,0.566191,0.445043,-0.565669,0.810912,-0.149801,-0.445706,-0.147815,0.882891
0.888237,0.438309,0.137549,-0.443568,0.740413,0.50501,0.119507,-0.509581,0.852083
0.749428,0.128514,-0.649494,-0.439891,0.82981,-0.343382,0.494827,0.543046,0.678415
0.798123,-0.190136,0.571706,0.111243,0.979089,0.170323,-0.592135,-0.0723409,0.802585
0.868944,-0.402138,-0.288481,0.131452,0.749493,-0.64883,0.477134,0.525876,0.704129
0.929658,0.292385,-0.224157,-0.214091,0.923884,0.317181,0.299834,-0.24688,0.921493
0.779846,-0.491721,0.387363,0.190674,0.776012,0.601207,-0.596224,-0.394989,0.698928
0.921778,-0.372009,-0.109246,0.387361,0.895719,0.218263,0.0166584,-0.243507,0.969756
0.788255,0.295554,0.539724,-0.349833,0.93681,-0.00207522,-0.506232,-0.187178,0.841839
0.726568,-0.549515,-0.412471,0.62404,0.778972,0.0614607,0.28753,-0.302054,0.908895
0.630275,-0.707043,-0.320692,0.499097,0.685397,-0.53022,0.59469,0.174128,0.784871
0.839506,0.242797,0.486086,-0.386858,0.895279,0.220946,-0.381537,-0.373531,0.84552
0.854059,0.0783077,-0.514249,0.276394,0.769185,0.57616,0.44067,-0.63421,0.635286
0.95323,0.201825,0.224988,-0.152192,0.963641,-0.219624,-0.261133,0.175111,0.949287
0.841256,0.0563284,0.537694,0.172718,0.914437,-0.366023,-0.512305,0.400789,0.759547
0.6719,0.353025,0.651094,-0.383277,0.917962,-0.102197,-0.633758,-0.180883,0.752085
0.84378,0.535998,0.0272389,-0.502292,0.80656,-0.311712,-0.189047,0.249335,0.949786
0.781945,-0.534401,-0.320902,0.25364,0.743032,-0.619331,0.569411,0.402889,0.716555
0.888669,-0.165412,-0.427675,0.0215667,0.946716,-0.321347,0.458042,0.276347,0.844885
0.871315,0.0738709,0.485132,-0.0837969,0.996482,-0.00123163,-0.483516,-0.0395794,0.87444
0.910335,-0.410727,-0.0509284,0.4121,0.910924,0.0197883,0.0382643,-0.0390016,0.998506
0.984652,-0.154055,-0.0820244,0.140831,0.978914,-0.147968,0.10309,0.134146,0.985585
0.809849,-0.0477004,-0.584695,-0.371885,0.729088,-0.574571,0.453702,0.682756,0.572713
0.87907,-0.199885,-0.432761,-0.00572564,0.903348,-0.42887,0.476659,0.379485,0.792961
0.921519,-0.107975,0.37302,0.315693,0.767676,-0.557684,-0.226143,0.631676,0.741515
0.927536,0.348979,0.133758,-0.35135,0.692223,0.630382,0.1274,-0.631698,0.764675
0.914876,-0.318754,0.247787,0.305078,0.947791,0.0928359,-0.264442,-0.00933882,0.964356
0.941504,-0.29809,-0.157201,0.321268,0.93478,0.15157,0.101767,-0.193207,0.975866
0.752585,0.124048,0.646705,0.050731,0.968255,-0.244763,-0.656538,0.217013,0.722401
0.787187,-0.603857,0.125275,0.511637,0.752864,0.414032,-0.344331,-0.261825,0.9016
0.852884,-0.328074,-0.406149,0.141882,0.894277,-0.424426,0.502453,0.304361,0.809262
0.917785,0.383444,-0.103157,-0.372509,0.741471,-0.558084,-0.137506,0.550628,0.823347
0.730383,-0.650668,-0.207777,0.523824,0.72881,-0.440959,0.438347,0.21323,0.873146
0.841398,0.526963,-0.119835,-0.42731,0.784486,0.449432,0.330842,-0.326944,0.885241
0.875641,-0.408895,-0.257017,0.248164,0.837474,-0.486879,0.414328,0.362549,0.8348
0.830968,-0.517033,0.20535,0.544694,0.831213,-0.11132,-0.113134,0.204356,0.972337
0.781902,-0.456827,0.424192,0.590514,0.760839,-0.269104,-0.199808,0.460904,0.864664
0.956318,-0.19046,0.221766,0.0029052,0.764777,0.644289,-0.292313,-0.615501,0.731923
0.64149,0.480022,0.59839,-0.717568,0.651302,0.246784,-0.271271,-0.587695,0.762251
0.823926,0.557809,0.0999796,-0.551897,0.829878,-0.0819232,-0.128668,0.0123201,0.991611
0.847354,0.253529,-0.466598,-0.00816224,0.884783,0.465931,0.530965,-0.391,0.751795
0.984971,-0.170085,-0.0300448,0.15178,0.769352,0.620533,-0.0824281,-0.615767,0.783605
0.997293,0.0298802,0.0671809,0.0258814,0.71256,-0.701134,-0.0688205,0.700975,0.709858
0.844055,0.516396,-0.144588,-0.495024,0.646621,-0.580373,-0.206209,0.561441,0.801412
0.553788,0.449534,-0.700884,-0.637578,0.770324,-0.00969663,0.535549,0.452238,0.713209
0.96167,0.260819,0.0846403,-0.270942,0.951319,0.146909,-0.0422032,-0.164211,0.985522
0.975155,-0.186814,0.11905,0.211049,0.946776,-0.243051,-0.067308,0.262138,0.96268
0.788671,0.155709,-0.594771,-0.436473,0.823116,-0.363279,0.432999,0.546109,0.717131
0.842044,-0.243063,0.481541,-0.103994,0.802821,0.587081,-0.529289,-0.544426,0.650734
0.789555,-0.611786,-0.0481778,0.474594,0.558953,0.67995,-0.389055,-0.559723,0.731674
0.780286,0.347489,0.520005,0.12171,0.731182,-0.671237,-0.613466,0.587046,0.528238
0.985863,-0.102245,0.132739,0.137713,0.945726,-0.294343,-0.0954392,0.308462,0.946437
0.727223,-0.685698,-0.0310621,0.661175,0.711934,-0.236637,0.184376,0.15155,0.971102
0.64905,-0.634594,-0.419552,0.432261,0.761461,-0.483039,0.626007,0.13216,0.768537
0.949564,0.313226,-0.0147543,-0.255412,0.799879,0.5431,0.181915,-0.51194,0.839538
0.798605,-0.539143,0.267499,0.421732,0.81838,0.39038,-0.429387,-0.198946,0.880936
0.859005,0.449895,-0.244345,-0.355311,0.867496,0.348146,0.368597,-0.212241,0.905036
0.712229,0.506252,-0.48625,-0.67632,0.680382,-0.282261,0.187941,0.529895,0.826976
0.740736,0.567818,0.359017,-0.160532,0.668541,-0.726142,-0.652334,0.480246,0.586366
0.798708,-0.589443,-0.120927,0.334255,0.601739,-0.725385,0.500339,0.538951,0.677638
0.924903,-0.361532,0.117684,0.246414,0.805721,0.538603,-0.289543,-0.469157,0.8343
0.80098,0.595757,0.0591994,-0.540594,0.7622,-0.356102,-0.257272,0.253228,0.93257
0.607599,-0.726129,-0.321807,0.466654,0.65424,-0.595151,0.642695,0.211441,0.736367
0.842256,0.517446,-0.151174,-0.530319,0.84567,-0.0600345,0.0967787,0.130735,0.986682
0.567865,0.65458,0.499053,-0.597313,0.744861,-0.29732,-0.566345,-0.129253,0.81397
0.790702,0.172056,0.587526,-0.522711,0.689322,0.501606,-0.31869,-0.703727,0.634984
0.849182,-0.0251834,-0.5275,0.245535,0.903163,0.35215,0.46755,-0.428559,0.773133
0.729804,0.563249,0.387475,-0.571833,0.813549,-0.105568,-0.374691,-0.144527,0.915816
0.695204,0.219173,0.684583,-0.16795,0.975548,-0.141771,-0.698916,-0.0164159,0.715015
0.746657,-0.605313,0.275862,0.424336,0.752774,0.50326,-0.512291,-0.258704,0.81892
0.999859,0.00745444,0.015017,-0.00756443,0.999945,0.00728064,-0.0149619,-0.00739321,0.999861
0.762046,-0.143703,0.631376,-0.342088,0.738537,0.580981,-0.549783,-0.65872,0.51364
0.837153,0.0414324,0.545398,-0.39885,0.728576,0.556862,-0.374292,-0.68371,0.626455
0.753734,-0.569223,0.328435,0.361947,0.776702,0.515489,-0.548525,-0.269666,0.791455
0.701515,0.287887,0.651918,-0.336951,0.940055,-0.0525432,-0.627965,-0.182805,0.756467
0.839104,0.145287,0.524209,-0.276181,0.944015,0.180445,-0.468645,-0.296189,0.832252
0.781788,0.0233373,0.623107,-0.405495,0.778167,0.479614,-0.473689,-0.627623,0.617825
0.953724,0.175951,0.243826,-0.260568,0.888298,0.378194,-0.150047,-0.424226,0.893039
0.834911,0.490673,-0.249325,-0.436284,0.866185,0.243679,0.335528,-0.0946736,0.937261
0.702785,0.514691,0.491106,-0.257751,0.827653,-0.498552,-0.663066,0.223792,0.714325
0.880851,-0.401557,0.250706,0.414597,0.910004,0.000877912,-0.228497,0.103169,0.968063
0.921594,-0.0955661,-0.376206,-0.110006,0.865174,-0.489258,0.37224,0.492282,0.786826
0.968944,0.238419,0.065603,-0.166364,0.824802,-0.540393,-0.182949,0.512696,0.838852
0.798302,0.487744,0.353297,-0.598798,0.705582,0.37894,-0.0644541,-0.514062,0.855328
0.980622,-0.1889,0.0519408,0.168441,0.948339,0.268849,-0.100043,-0.25489,0.961781
0.845654,0.471595,-0.249935,-0.526022,0.815715,-0.240644,0.0903889,0.334973,0.937882
0.805407,-0.389711,0.446593,0.509644,0.84002,-0.186089,-0.302627,0.377481,0.875172
0.905976,0.263741,-0.33113,-0.104286,0.897149,0.429241,0.410282,-0.35435,0.8403
0.937778,0.343065,0.0536506,-0.297286,0.713403,0.634569,0.179424,-0.611035,0.771002
0.936577,-0.303761,-0.174792,0.219427,0.897152,-0.383367,0.273267,0.320699,0.906905
0.960554,0.275031,0.0411625,-0.253464,0.804933,0.536506,0.114423,-0.525776,0.842892
0.764292,0.626314,-0.153587,-0.639186,0.704204,-0.309092,-0.0854321,0.334407,0.938548
0.835942,0.454374,0.307807,-0.54585,0.746592,0.380327,-0.0569958,-0.485948,0.872127
0.934533,-0.277261,0.223101,0.353882,0.790273,-0.500236,-0.0376147,0.546439,0.836654
0.872716,0.0450531,-0.486145,0.259516,0.800607,0.540074,0.413543,-0.597494,0.687011
0.973464,0.00831441,-0.228691,0.0417266,0.976138,0.213106,0.225005,-0.216993,0.949888
0.73346,-0.657549,-0.172241,0.459833,0.666597,-0.586687,0.50059,0.351109,0.791285
0.76823,0.612521,-0.186123,-0.623544,0.781788,-0.000880146,0.14497,0.116732,0.982526
0.920961,0.309662,0.236515,-0.387152,0.658521,0.64534,0.044087,-0.6859,0.726359
0.864514,0.263433,-0.428041,-0.405332,0.868988,-0.28384,0.297189,0.418882,0.85803
0.840733,-0.541442,0.00294432,0.39221,0.612741,0.68609,-0.373282,-0.575664,0.72751
0.815017,-0.447472,0.368125,0.50929,0.856207,-0.0867955,-0.276353,0.258222,0.925716
0.839852,0.438808,-0.319525,-0.541283,0.632816,-0.553676,-0.0407572,0.637959,0.768991
0.90608,-0.149269,-0.395902,-0.0603277,0.880564,-0.470072,0.418784,0.449807,0.788856
0.914764,0.241833,-0.323611,-0.180817,0.961414,0.207339,0.361266,-0.131152,0.923194
0.76682,0.633304,0.104464,-0.558355,0.738437,-0.378088,-0.316585,0.231598,0.919857
0.793597,-0.517707,-0.319661,0.608424,0.679449,0.410085,0.00488964,-0.519932,0.854194
0.960975,-0.227068,0.158013,0.273686,0.697168,-0.662611,0.0402962,0.679998,0.732106
0.918486,-0.12962,0.373608,0.317798,0.804193,-0.502273,-0.235348,0.580063,0.779832
0.833042,0.485542,0.265121,-0.524625,0.845425,0.100123,-0.175526,-0.222496,0.959003
0.761007,-0.587029,-0.276163,0.497822,0.801372,-0.331625,0.415983,0.114888,0.902086
0.928587,-0.297408,0.22198,0.367363,0.65179,-0.663487,0.0526425,0.697652,0.7145
0.794016,-0.522359,-0.310934,0.549428,0.835541,-0.000638241,0.260132,-0.170329,0.950431
0.660322,0.668603,-0.341972,-0.337648,0.671064,0.66005,0.670797,-0.320379,0.668871
0.952773,0.302256,0.0293988,-0.20537,0.712615,-0.670823,-0.223711,0.633104,0.741035
0.726207,0.493521,0.478603,-0.553307,0.832757,-0.019155,-0.408013,-0.250904,0.877822
0.924381,-0.279019,-0.260129,0.288309,0.957534,-0.00254867,0.249794,-0.0726417,0.96557
0.783585,0.617162,-0.0714495,-0.596413,0.779439,0.191747,0.17403,-0.107637,0.97884
0.755444,0.231834,-0.612828,0.144121,0.853608,0.500582,0.639166,-0.466483,0.611441
0.853546,-0.469279,-0.226355,0.480736,0.87685,-0.00511268,0.200879,-0.104453,0.974032
0.882822,-0.44866,-0.139035,0.392163,0.866961,-0.30755,0.258523,0.216988,0.941319
0.896031,0.443757,0.0144463,-0.4405,0.892585,-0.0961809,-0.0555756,0.0798175,0.995259
0.892938,0.0706515,0.444601,0.023455,0.978965,-0.202674,-0.449569,0.191404,0.872498
0.92071,0.38816,0.0403069,-0.310606,0.666364,0.677852,0.236256,-0.636625,0.734093
0.890953,0.445293,-0.0889722,-0.312276,0.743071,0.591887,0.329676,-0.499559,0.801096
0.740753,-0.194469,-0.643013,0.564925,0.698286,0.43961,0.363517,-0.688897,0.627118
0.71268,0.393555,-0.580691,-0.0514584,0.854897,0.51624,0.6996,-0.338032,0.629519
0.769073,0.23382,0.594856,-0.0822581,0.959153,-0.270665,-0.633845,0.15923,0.756893
0.834496,0.405852,0.372693,-0.463716,0.882617,0.0771605,-0.29763,-0.237214,0.924741
0.767606,-0.156894,0.621421,0.0103631,0.972486,0.232729,-0.640838,-0.172205,0.748113
0.775658,0.629896,0.0398136,-0.505029,0.581587,0.637733,0.37855,-0.51477,0.769228
0.866254,-0.405906,-0.291279,0.332953,0.903712,-0.26916,0.372486,0.136179,0.917992
0.963639,0.2659,0.0264017,-0.267148,0.960799,0.0741409,-0.00565267,-0.0784982,0.996898
0.84693,0.477607,-0.23367,-0.531688,0.764181,-0.365151,0.00416761,0.433497,0.901146
0.966637,0.236511,0.0983592,-0.205125,0.944727,-0.255761,-0.153413,0.227052,0.961723
0.874024,-0.0288848,-0.485023,-0.14866,0.934464,-0.32354,0.462581,0.354885,0.81245
0.9036,0.382339,0.193196,-0.399411,0.914977,0.0573319,-0.15485,-0.12897,0.979484
0.840748,-0.526528,0.12614,0.353292,0.710053,0.609105,-0.410277,-0.46754,0.782994
0.855347,0.281257,-0.435059,-0.240001,0.959369,0.148358,0.459109,-0.0224827,0.888096
0.799377,-0.585837,-0.133388,0.482325,0.758079,-0.438952,0.358273,0.286551,0.888554
0.813242,-0.525471,-0.250034,0.278298,0.728539,-0.625924,0.511065,0.439444,0.738716
0.812761,0.537991,0.223575,-0.41981,0.806904,-0.41553,-0.403955,0.243867,0.881674
0.743331,0.000813441,-0.668923,-0.467647,0.715652,-0.518796,0.478294,0.698457,0.532347
0.984243,0.0636758,-0.164956,-0.0226569,0.970634,0.239493,0.175362,-0.231982,0.956782
0.80517,-0.592611,-0.0226787,0.577211,0.774323,0.259329,-0.13612,-0.221894,0.965523
0.79436,-0.574502,-0.19733,0.604706,0.717062,0.34663,-0.0576417,-0.394676,0.91701
0.871807,0.47848,0.104925,-0.367766,0.78083,-0.505027,-0.323574,0.401699,0.856702
0.804649,-0.485906,0.341225,0.124959,0.700409,0.702717,-0.580452,-0.522802,0.624302
0.735777,-0.458809,-0.498122,0.570359,0.816393,0.0905174,0.365133,-0.350709,0.862369
0.943438,0.14347,-0.298899,-0.25234,0.895483,-0.366653,0.215056,0.421338,0.881036
0.992792,0.0962047,-0.0714813,-0.0376831,0.816711,0.575815,0.113776,-0.568971,0.814449
0.839465,0.302966,0.451122,-0.499584,0.756905,0.421321,-0.21381,-0.579057,0.786752
0.773536,0.583779,0.246666,-0.393302,0.747394,-0.535459,-0.496947,0.317182,0.807737
0.900041,-0.393732,-0.186821,0.432962,0.758947,0.486358,-0.0497071,-0.518628,0.853554
0.701158,0.167917,0.692951,-0.491831,0.817541,0.299547,-0.516217,-0.550845,0.655813
0.952699,0.301572,-0.0376627,-0.20742,0.735778,0.644677,0.222127,-0.606371,0.763527
0.770161,0.0837317,0.63233,-0.485294,0.720257,0.495701,-0.413934,-0.688635,0.595349
0.801393,0.411276,-0.434305,-0.578081,0.719008,-0.38581,0.153595,0.560249,0.813959
0.932459,-0.141126,0.332571,0.26565,0.891719,-0.366425,-0.244848,0.430024,0.868982
0.967923,-0.230828,-0.0992161,0.217302,0.967331,-0.130577,0.126116,0.104829,0.986461
0.936433,0.0292824,0.349623,-0.166928,0.913679,0.370575,-0.308592,-0.405381,0.860487
0.819664,0.499042,0.281262,-0.563162,0.612099,0.555143,0.104879,-0.613427,0.782757
0.657226,0.524061,-0.541678,-0.689635,0.708094,-0.151679,0.30407,0.473247,0.826788
0.998295,-0.00480329,-0.0581702,0.00601708,0.999767,0.0207089,0.0580572,-0.0210236,0.998092
0.698996,0.635617,0.327713,-0.668092,0.743866,-0.0177594,-0.255063,-0.206529,0.94461
0.835922,0.0977436,-0.540074,-0.299846,0.905518,-0.300217,0.459702,0.412897,0.78625
0.671393,0.577073,-0.464992,-0.526748,0.812939,0.248328,0.521314,0.078208,0.849774
0.819408,0.246697,0.517408,-0.432915,0.857975,0.276521,-0.375706,-0.450577,0.809831
0.939665,0.0110626,0.341916,0.0997499,0.947184,-0.304781,-0.32723,0.320499,0.888933
0.776007,-0.414836,0.475103,0.209212,0.879918,0.426585,-0.595015,-0.231636,0.769611
0.924069,-0.175896,-0.339349,0.301583,0.880979,0.364588,0.234829,-0.439246,0.867132
0.95476,0.0113783,-0.297159,0.200696,0.712723,0.672121,0.21944,-0.701353,0.678196
0.818223,-0.218542,-0.531744,0.360379,0.915622,0.178223,0.447927,-0.337455,0.82794
0.79861,-0.580302,-0.159598,0.5633,0.814077,-0.141318,0.211932,0.0229562,0.977015
0.811937,-0.0430974,0.582152,0.16607,0.973116,-0.159579,-0.559625,0.226246,0.797266
0.909556,0.268778,0.316964,-0.362606,0.885899,0.289309,-0.203038,-0.378075,0.903236
0.925743,-0.298529,-0.23212,0.0600118,0.722027,-0.689257,0.37336,0.624145,0.686327
0.92614,-0.331022,-0.1808,0.129033,0.728485,-0.672801,0.354422,0.599778,0.717392
0.999641,-0.0248461,-0.0100588,0.0255238,0.996928,0.0740421,0.00818829,-0.0742723,0.997204
0.789987,0.583844,-0.187207,-0.326685,0.659202,0.677296,0.518843,-0.473897,0.711494
0.717064,-0.22271,-0.66047,0.384575,0.916705,0.108416,0.581311,-0.331742,0.742984
0.736393,-0.390323,0.552606,0.545384,0.825817,-0.14347,-0.400352,0.407032,0.821001
0.977829,0.115322,-0.174787,-0.142703,0.977841,-0.153173,0.15325,0.174719,0.972619
0.915476,0.392903,-0.0867791,-0.352404,0.678829,-0.644206,-0.194202,0.620337,0.759913
0.608852,-0.546234,-0.575263,0.355681,0.836163,-0.417519,0.709076,0.0495973,0.703385
0.823497,0.40163,0.400682,-0.522094,0.812849,0.258253,-0.221972,-0.421864,0.879067
0.758023,0.412524,-0.505198,-0.0263042,0.793279,0.60829,0.651697,-0.447809,0.612175
0.752592,-0.506271,-0.421063,0.636663,0.722707,0.26899,0.168123,-0.470515,0.866228
0.729542,0.413454,0.544815,-0.00923306,0.802469,-0.596622,-0.683873,0.430231,0.589253
0.773921,0.300743,-0.557314,-0.585952,0.673889,-0.450039,0.240222,0.674854,0.697758
0.764621,-0.0676943,-0.640915,-0.1186,0.962705,-0.243174,0.633473,0.261949,0.728076
0.761042,-0.224597,-0.608581,0.241838,0.968751,-0.0550949,0.601938,-0.105248,0.791577
0.73208,0.66465,-0.14933,-0.481718,0.660091,0.576392,0.48167,-0.35003,0.803413
0.801453,-0.41035,0.435069,0.180155,0.859331,0.478638,-0.570278,-0.305226,0.76264
0.949609,0.310295,-0.0442706,-0.288937,0.811862,-0.507341,-0.121484,0.494567,0.860607
0.951368,-0.292098,-0.0978656,0.305973,0.932866,0.190107,0.0357656,-0.210806,0.976873
0.730545,-0.244912,0.637434,0.521354,0.802906,-0.28902,-0.441015,0.543471,0.714245
0.857871,-0.456202,0.236512,0.353975,0.858274,0.371574,-0.372505,-0.235043,0.897772
0.787752,0.615966,0.00578266,-0.615889,0.787756,-0.0109912,-0.0113255,0.00509684,0.999923
0.941291,-0.0442355,0.334685,0.0385808,0.998978,0.0235282,-0.335384,-0.00923447,0.942036
0.970075,0.226202,-0.0882405,-0.239631,0.9505,-0.197804,0.0391289,0.21303,0.976262
0.96802,0.179725,-0.17503,-0.171512,0.983286,0.0610991,0.183085,-0.0291256,0.982666
0.740978,0.452593,-0.496095,-0.612337,0.758649,-0.222475,0.275672,0.468626,0.839282
0.942885,0.311907,0.116968,-0.33302,0.891102,0.308276,-0.00807678,-0.329621,0.944079
0.748429,-0.13559,0.649207,0.53126,0.708539,-0.464474,-0.39701,0.692523,0.602325
0.759186,0.64668,-0.0737628,-0.622836,0.688899,-0.3708,-0.188974,0.327449,0.925779
0.700244,-0.406523,0.586854,0.462786,0.884407,0.0604395,-0.543588,0.229265,0.807434
0.949546,-0.0168763,-0.313172,-0.146895,0.858318,-0.491643,0.277098,0.512841,0.812533
0.734249,0.555651,-0.390038,-0.618203,0.784677,-0.0459145,0.280541,0.274835,0.919653
0.904369,0.356312,-0.234859,-0.319134,0.930046,0.182118,0.28332,-0.0897502,0.954816
0.996827,-0.00106187,0.0795963,0.0124687,0.989652,-0.142949,-0.0786208,0.143488,0.986524
0.715386,0.208494,-0.666898,-0.293403,0.955857,-0.0159039,0.634143,0.207047,0.744979
0.721006,0.679767,-0.134412,-0.581947,0.699324,0.41507,0.376149,-0.221047,0.899806
0.964674,-0.246652,0.0925621,0.234448,0.964005,0.125411,-0.120163,-0.0992797,0.987777
0.786419,-0.350166,-0.50885,0.273732,0.936049,-0.221096,0.553729,0.0345852,0.831978
0.777735,0.570977,-0.262894,-0.221679,0.640492,0.735274,0.588206,-0.51357,0.624707
0.885343,-0.222506,0.408239,0.0707915,0.932324,0.354629,-0.459518,-0.285068,0.841178
0.68754,-0.663253,-0.295606,0.585505,0.747147,-0.314572,0.429502,0.0432019,0.902032
0.578339,-0.647111,0.49676,0.374468,0.751564,0.543071,-0.724774,-0.128058,0.676981
0.763627,-0.035052,0.644706,0.184164,0.968869,-0.165458,-0.618836,0.245079,0.74631
0.888004,-0.454759,-0.0681415,0.420727,0.743706,0.51951,-0.185574,-0.489996,0.851743
0.919308,-0.361705,0.155057,0.269856,0.866175,0.420617,-0.286446,-0.344833,0.89389
0.649813,-0.477119,0.591693,0.732062,0.602308,-0.318291,-0.204519,0.639986,0.740668
0.950857,-0.115021,-0.287474,0.203229,0.932302,0.299184,0.2336,-0.342904,0.909861
0.847087,0.378301,0.373271,-0.460467,0.873124,0.160077,-0.265355,-0.307479,0.913807
0.759534,0.650072,-0.0226602,-0.493963,0.553772,-0.670326,-0.423212,0.520329,0.741721
0.853108,-0.486371,-0.188814,0.424467,0.857448,-0.290878,0.303372,0.168005,0.937944
0.826217,-0.43003,-0.363922,0.398367,0.902749,-0.162319,0.398332,-0.0108639,0.917177
0.756467,-0.251341,-0.603809,0.173144,0.967232,-0.185699,0.630697,0.0359296,0.775197
0.96169,-0.268081,-0.0573205,0.263924,0.848838,0.45806,-0.0741411,-0.455639,0.887071
0.919776,-0.384189,0.0800733,0.311443,0.838722,0.446709,-0.23878,-0.385934,0.891089
0.886985,0.234083,0.398073,-0.409329,0.797594,0.443049,-0.213791,-0.555921,0.803272
0.711247,0.612682,0.3446,-0.678044,0.727278,0.106403,-0.185429,-0.309334,0.9327
0.945766,-0.292376,0.141575,0.277022,0.953518,0.118583,-0.169665,-0.0729325,0.982799
0.612353,-0.48368,-0.625362,0.704459,0.692852,0.153924,0.358833,-0.534798,0.765003
0.919052,-0.368036,0.141041,0.386793,0.910958,-0.14334,-0.0757282,0.186291,0.979572
0.805818,0.0360797,-0.591063,-0.0820018,0.995324,-0.0510394,0.586458,0.0895967,0.805009
0.925677,-0.369126,0.0828807,0.369434,0.929178,0.0121515,-0.0814963,0.0193705,0.996485
0.746675,-0.664582,0.0284224,0.552804,0.643721,0.52918,-0.36998,-0.379413,0.848033
0.98554,-0.145573,0.0867202,0.11333,0.946763,0.301325,-0.125968,-0.28714,0.94957
0.749964,0.660823,-0.0294405,-0.657977,0.74068,-0.135868,-0.067979,0.121268,0.990289
0.62365,-0.576092,-0.528374,0.34743,0.809771,-0.472824,0.700252,0.111304,0.705165
0.632573,0.508642,-0.584067,-0.515336,0.839376,0.172848,0.57817,0.191651,0.793089
0.575966,-0.575842,0.580232,0.490276,0.811294,0.318484,-0.654135,0.101038,0.749599
0.91463,0.375477,-0.149897,-0.285051,0.861834,0.419509,0.286702,-0.340967,0.895289
0.918391,0.0459832,-0.392992,0.00148943,0.992815,0.119648,0.395671,-0.110469,0.911724
0.934301,-0.356361,-0.00942435,0.30762,0.79259,0.52647,-0.180144,-0.494781,0.850141
0.785686,0.540987,0.30005,-0.404159,0.816089,-0.413102,-0.468351,0.2033,0.859835
0.91355,0.251172,0.319905,-0.0713014,0.873255,-0.482018,-0.400428,0.417538,0.815671
0.612251,0.704859,0.358222,-0.605657,0.709337,-0.360583,-0.508261,0.00380785,0.861195
0.999257,0.0118075,-0.0366839,-0.0180136,0.984623,-0.173763,0.0340681,0.174295,0.984104
0.781043,-0.386697,-0.490343,0.578245,0.74434,0.334052,0.235805,-0.544447,0.804968
0.786722,-0.61719,0.0120182,0.603001,0.77251,0.199042,-0.132131,-0.149344,0.979917
0.56712,0.60875,-0.554796,-0.516678,0.787517,0.335947,0.641419,0.0961292,0.761144
0.548228,-0.452914,0.703076,0.687224,0.723057,-0.0700827,-0.476622,0.521592,0.707653
0.725783,0.486644,-0.486227,-0.685045,0.575873,-0.446188,0.0628703,0.656923,0.751332
0.741259,0.529379,-0.412665,-0.656887,0.698505,-0.283884,0.137966,0.481506,0.865516
0.950053,-0.237351,0.202644,0.306652,0.830629,-0.46478,-0.058006,0.503707,0.861925
0.879048,-0.0148937,0.476501,0.314847,0.768663,-0.556802,-0.357976,0.63948,0.680381
0.837078,0.11166,-0.535568,-0.03965,0.988758,0.144173,0.545645,-0.0994491,0.832094
0.820934,0.548754,-0.157915,-0.277668,0.625272,0.729339,0.498967,-0.554892,0.665678
0.87254,-0.445098,-0.201401,0.303185,0.816594,-0.491175,0.383084,0.367508,0.847458
0.708664,0.0533843,-0.703524,0.0514691,0.990565,0.127011,0.703667,-0.126218,0.69923
0.968077,0.0347004,0.24824,0.129385,0.779046,-0.613471,-0.214678,0.626006,0.749687
0.909744,-0.11129,-0.399976,0.22235,0.944194,0.243019,0.350609,-0.31002,0.88372
0.786225,0.600027,0.147709,-0.614708,0.783856,0.0877726,-0.0631164,-0.159807,0.985128
0.82165,0.297981,-0.4859,-0.552039,0.628279,-0.548195,0.141929,0.71866,0.680723
0.699675,-0.372429,-0.609714,0.129395,0.905332,-0.404513,0.702646,0.204134,0.681629
0.91403,0.397209,-0.0823051,-0.374695,0.904462,0.203846,0.155411,-0.155482,0.975537
0.805655,0.488586,0.334969,-0.409468,0.867931,-0.281127,-0.428084,0.0893319,0.899313
0.752278,-0.0334542,0.657995,0.442508,0.765576,-0.46699,-0.488123,0.642475,0.59073
0.727086,-0.601257,-0.331415,0.548579,0.799051,-0.246128,0.412804,-0.00285048,0.910815
0.635037,0.309516,-0.707762,-0.598173,0.776772,-0.197013,0.488791,0.548475,0.678423
0.881322,-0.161266,0.444145,0.05559,0.968817,0.241463,-0.469234,-0.188116,0.862804
0.930206,-0.0062301,0.366985,-0.210373,0.810274,0.546991,-0.300767,-0.586018,0.752411
0.731539,-0.593414,-0.335725,0.402752,0.773428,-0.489489,0.550128,0.222867,0.804792
0.777629,-0.513447,-0.362857,0.628296,0.613345,0.478594,-0.0231755,-0.60015,0.799552
0.932958,0.083326,-0.350209,-0.202507,0.925798,-0.319202,0.297625,0.368722,0.880604
0.735256,0.538215,0.411975,-0.674682,0.639305,0.368908,-0.0648263,-0.549194,0.833177
0.851974,0.518253,-0.0745278,-0.502063,0.768246,-0.397153,-0.14857,0.375782,0.914721
0.827724,-0.551933,0.101207,0.462437,0.773111,0.43411,-0.317843,-0.312521,0.895157
0.874733,-0.330233,0.354668,0.133541,0.867792,0.478648,-0.465843,-0.371326,0.803186
0.742508,-0.00814952,-0.669787,-0.122192,0.9815,-0.147401,0.658597,0.19129,0.727776
0.743129,0.508299,-0.435191,-0.62399,0.761271,-0.176362,0.241653,0.402615,0.882896
0.990681,0.0512,0.126215,0.0453213,0.749939,-0.659953,-0.128443,0.659523,0.74063
0.748352,0.644043,-0.158676,-0.369495,0.603437,0.706638,0.550857,-0.470184,0.689553
0.836596,-0.0428868,0.546139,0.320784,0.846489,-0.424916,-0.444078,0.530676,0.721927
0.959878,-0.24223,0.141273,0.273324,0.920782,-0.278306,-0.0626672,0.305753,0.950046
0.894379,-0.214094,-0.392747,-0.110348,0.745281,-0.657556,0.433485,0.631443,0.642938
0.930907,-0.35933,-0.0655323,0.353774,0.842375,0.406507,-0.0908675,-0.401603,0.911295
0.795215,0.252678,0.551169,-0.235683,0.966358,-0.102979,-0.558647,-0.0480104,0.828015
0.888813,-0.278774,-0.363726,-0.0534095,0.725271,-0.686389,0.455147,0.629498,0.629741
0.729481,-0.621879,0.284823,0.629359,0.773332,0.0765864,-0.26789,0.123387,0.955516
0.961336,-0.270351,0.0523765,0.274129,0.957603,-0.0886018,-0.0262023,0.099534,0.994689
0.784097,-0.490927,-0.379715,0.619376,0.657974,0.428303,0.0395773,-0.571017,0.819984
0.750907,0.56325,0.3448,-0.30235,0.757378,-0.57876,-0.587131,0.330345,0.73902
0.570529,0.478362,-0.667582,-0.699427,0.709057,-0.0896632,0.430463,0.518081,0.739117
0.791588,-0.610632,0.0227358,0.507996,0.678303,0.530891,-0.339601,-0.408697,0.847135
0.82363,-0.322335,-0.46662,0.182985,0.929813,-0.319317,0.536797,0.177614,0.824804
0.712122,-0.0911897,-0.696108,0.293786,0.939246,0.177504,0.63763,-0.330911,0.695648
0.975821,0.212774,0.0500026,-0.199649,0.960814,-0.192295,-0.0889586,0.177662,0.980062
0.752741,-0.656548,-0.0482318,0.484297,0.601899,-0.63496,0.445912,0.454601,0.771038
0.850764,-0.0777614,-0.519763,0.167472,0.977549,0.127873,0.49815,-0.195836,0.844687
0.876303,0.129401,-0.464056,-0.298623,0.901776,-0.312449,0.378043,0.412378,0.828871
0.724846,-0.686777,-0.0541814,0.652699,0.659454,0.372967,-0.220415,-0.305707,0.926261
0.996548,-0.0805899,0.0199186,0.0552073,0.822564,0.565986,-0.0619971,-0.562933,0.824174
0.811357,-0.142773,-0.566848,0.393038,0.851036,0.348223,0.432691,-0.505326,0.746608
0.810156,-0.325941,0.487248,0.51796,0.787251,-0.334595,-0.274528,0.523449,0.80662
0.735109,0.672467,-0.0860405,-0.426288,0.557176,0.712624,0.527156,-0.487179,0.69625
0.720285,-0.374468,0.583921,0.102065,0.889824,0.444743,-0.686129,-0.260744,0.679146
0.844012,0.496864,0.201917,-0.49901,0.589538,0.635164,0.196552,-0.636845,0.745517
0.970168,0.200468,-0.13633,-0.0517141,0.720528,0.691495,0.236852,-0.663816,0.709401
0.725707,-0.594991,-0.345451,0.667368,0.730825,0.143232,0.167242,-0.334487,0.927442
0.968324,-0.23921,-0.0716098,0.23522,0.970096,-0.0598712,0.0837902,0.0411307,0.995634
0.98698,0.0776837,-0.140836,-0.142885,0.825511,-0.546,0.0738461,0.559014,0.825863
0.945883,0.256811,-0.198378,-0.30256,0.918931,-0.253029,0.117315,0.299357,0.946902
0.96712,0.230241,-0.108022,-0.122533,0.794034,0.595395,0.222858,-0.562582,0.796138
0.899046,0.35894,0.250756,-0.371961,0.928236,0.00489896,-0.231002,-0.0976757,0.968038
0.948478,0.0670996,0.309656,-0.25989,0.723788,0.639209,-0.181234,-0.686753,0.703935
0.688582,0.478632,0.544763,-0.535725,0.842063,-0.0626836,-0.488727,-0.248681,0.836244
0.786238,0.449201,-0.424321,-0.56608,0.798931,-0.203133,0.247755,0.399911,0.882434
0.971463,0.194277,-0.136072,-0.113622,0.884745,0.452013,0.208205,-0.423653,0.881572
0.765465,0.338094,0.5475,-0.41228,0.910951,0.013879,-0.494053,-0.236347,0.836691
0.826981,-0.224131,0.515624,0.128509,0.96818,0.214739,-0.547347,-0.111323,0.829469
0.789404,-0.578322,0.205878,0.27655,0.634445,0.721803,-0.548053,-0.512858,0.660768
0.985899,-0.0512544,-0.159298,-0.0471215,0.828387,-0.558171,0.160569,0.557806,0.814291
0.892641,0.450325,-0.0199882,-0.443469,0.885271,0.140111,0.0807903,-0.116205,0.989934
0.63521,-0.610245,-0.473403,0.493971,0.792189,-0.35837,0.593718,-0.00620725,0.804649
0.969914,-0.157745,-0.185426,0.063952,0.900015,-0.431142,0.234897,0.406312,0.883025
0.832986,-0.124641,-0.539073,-0.0110102,0.970369,-0.241375,0.553185,0.206997,0.806931
0.989479,-0.059994,-0.131655,0.070682,0.994439,0.0780668,0.126239,-0.0865511,0.988217
0.812793,-0.279583,0.511078,0.556075,0.633838,-0.537616,-0.173632,0.721168,0.670648
0.92052,0.270528,0.281882,-0.389667,0.688036,0.612181,-0.028333,-0.673365,0.738767
0.953914,0.300018,0.00612879,-0.292372,0.924614,0.244146,0.0675813,-0.234686,0.969719
0.926841,0.117042,-0.356745,-0.307059,0.783075,-0.54084,0.216057,0.610814,0.761725
0.785631,-0.182876,-0.59105,0.273429,0.959588,0.0665393,0.554996,-0.213885,0.803886
0.724785,-0.196475,0.660366,0.458614,0.85286,-0.249606,-0.514159,0.483764,0.708247
0.698675,-0.651353,0.295961,0.709898,0.682551,-0.173692,-0.0888734,0.331456,0.939275
0.945194,-0.27402,0.177542,0.32058,0.882,-0.345405,-0.061944,0.383391,0.921506
0.839732,0.521927,0.14981,-0.382409,0.7643,-0.519238,-0.385504,0.378732,0.841397
0.886884,-0.294902,0.355626,0.330485,0.942862,-0.0423203,-0.322826,0.155062,0.93367
0.909702,0.0325605,-0.413984,-0.081732,0.99146,-0.101621,0.407139,0.12628,0.904594
0.920345,-0.178559,-0.347967,0.186108,0.982457,-0.0119071,0.343989,-0.0538008,0.937431
0.895417,-0.187419,0.403858,0.30466,0.919387,-0.248816,-0.324669,0.345834,0.880334
0.823962,-0.566621,0.00517855,0.45343,0.653828,-0.605731,0.339834,0.501447,0.795653
0.959996,0.262709,-0.0969099,-0.137936,0.744861,0.652806,0.243682,-0.613324,0.751301
0.957917,-0.285929,-0.0252829,0.285833,0.942077,0.175475,-0.026355,-0.175317,0.984159
0.677352,0.150863,0.720024,-0.41736,0.884795,0.207239,-0.605809,-0.440882,0.662282
0.726935,0.661183,0.185477,-0.600855,0.743184,-0.294366,-0.332473,0.10254,0.937522
0.962462,0.27048,-0.0225397,-0.241631,0.891702,0.38273,0.123619,-0.362916,0.923585
0.652386,0.703852,0.281041,-0.517055,0.684468,-0.513963,-0.554117,0.189989,0.810468
0.718157,-0.693863,-0.0529594,0.693157,0.706543,0.142583,-0.061515,-0.139106,0.988365
0.897676,0.320724,0.302182,-0.202676,0.909422,-0.363145,-0.39128,0.264741,0.881369
0.816285,0.134057,-0.561878,0.0394273,0.9575,0.285726,0.576302,-0.255387,0.776307
0.84403,-0.463978,0.268956,0.509051,0.850933,-0.129537,-0.168761,0.246245,0.954402
0.916425,0.031961,0.398929,-0.239214,0.842886,0.481996,-0.320846,-0.537143,0.780087
0.938943,0.201752,0.278714,-0.288993,0.902051,0.320605,-0.186732,-0.381577,0.905279
0.752086,0.182074,0.633416,-0.0211212,0.967247,-0.252955,-0.658726,0.176865,0.731299
0.735193,0.647338,-0.201106,-0.607929,0.760902,0.226827,0.299856,-0.0445039,0.952946
0.801318,-0.0373235,0.597073,-0.221671,0.908483,0.35429,-0.555654,-0.416253,0.71971
0.8351,0.243769,0.493138,0.0357484,0.870511,-0.490849,-0.548936,0.427537,0.718249
0.757119,0.461713,-0.462161,-0.0347657,0.734924,0.677258,0.652352,-0.496697,0.572476
0.826443,-0.453064,-0.334252,0.340495,0.875001,-0.344145,0.448391,0.170605,0.877405
0.726955,0.436325,-0.530242,-0.194552,0.871406,0.450334,0.658549,-0.224213,0.718361
0.671544,-0.370476,0.641698,0.333304,0.924502,0.184943,-0.661768,0.0896829,0.744325
0.700051,0.499662,-0.510163,-0.696369,0.63586,-0.332793,0.158108,0.588235,0.793084
0.938353,-0.333005,0.0927391,0.28513,0.897297,0.336986,-0.195433,-0.289769,0.936931
0.996046,-0.070728,0.0537568,0.0591683,0.979522,0.192447,-0.0662674,-0.188505,0.979834
0.903605,0.0852031,-0.419808,-0.22241,0.93089,-0.289789,0.366104,0.355224,0.860107
0.936356,0.325913,0.130453,-0.343297,0.927776,0.146218,-0.0733771,-0.181696,0.980613
0.783048,0.441194,0.438388,-0.56732,0.795555,0.2127,-0.25492,-0.41526,0.873255
0.839941,0.490298,0.232609,-0.443163,0.867104,-0.227457,-0.313218,0.0879664,0.945598
0.925776,-0.0928601,-0.366492,-0.174632,0.754736,-0.632359,0.335326,0.649424,0.6825
0.801583,0.493409,0.337657,-0.582737,0.771071,0.256648,-0.133725,-0.40249,0.905605
0.8326,0.0721281,-0.549158,-0.343934,0.844495,-0.410534,0.43415,0.530685,0.727934
0.670621,0.69302,-0.264557,-0.415006,0.646118,0.640547,0.614847,-0.319772,0.720908
0.779813,0.382761,-0.495364,-0.39168,0.915602,0.0908823,0.488343,0.123153,0.863918
0.888204,-0.125723,0.441914,0.231449,0.953312,-0.193976,-0.396895,0.274571,0.875834
0.624123,-0.536974,0.567565,0.524071,0.826477,0.205636,-0.5795,0.169103,0.797235
0.618982,0.447386,-0.645529,-0.68089,0.715332,-0.157126,0.391472,0.536792,0.747398
0.799418,-0.465706,-0.379538,0.0843916,0.712531,-0.696547,0.594819,0.524802,0.608912
0.816113,-0.468948,-0.337709,0.516023,0.854432,0.060553,0.260153,-0.223684,0.939301
0.590218,0.455666,-0.666342,-0.603619,0.797204,0.0104927,0.535991,0.396023,0.745573
0.859721,-0.323348,-0.395381,0.0486845,0.82245,-0.56675,0.508439,0.467998,0.72282
0.810997,-0.426405,-0.400579,0.580165,0.67445,0.456646,0.0754543,-0.60274,0.794362
0.811571,0.118551,-0.572099,0.128398,0.919069,0.372593,0.56997,-0.375842,0.730669
0.869175,0.460113,0.181192,-0.468299,0.648172,0.600474,0.158842,-0.606769,0.778846
0.929797,0.351333,0.109739,-0.327361,0.65305,0.682906,0.168262,-0.670888,0.722217
0.732644,0.533645,0.42244,-0.65625,0.718456,0.230558,-0.180468,-0.446143,0.876577
0.692894,-0.28662,-0.661625,0.54915,0.804409,0.226629,0.467261,-0.520361,0.714767
0.998593,-0.0232237,-0.0476782,-0.00132108,0.887849,-0.460134,0.053017,0.459549,0.886569
0.722214,0.682094,-0.114694,-0.673165,0.731261,0.110029,0.158921,-0.00225608,0.987289
0.863097,-0.0865078,0.497574,0.320644,0.855046,-0.407535,-0.390194,0.511286,0.765725
0.835393,0.453479,-0.310604,-0.230155,0.801763,0.551548,0.499146,-0.389272,0.774158
0.875308,-0.316051,0.365988,0.294248,0.94872,0.115541,-0.383736,0.00655736,0.923419
0.834304,-0.532717,-0.141948,0.480569,0.828915,-0.286276,0.270167,0.170626,0.947574
0.915986,-0.370413,0.154155,0.326577,0.911556,0.249827,-0.23306,-0.178495,0.955941
0.949102,-0.274741,0.154024,0.219564,0.927722,0.301869,-0.225827,-0.252686,0.940825
0.824813,0.0228094,-0.564945,-0.250672,0.910371,-0.329223,0.506801,0.413163,0.756604
0.809332,0.508491,0.293971,-0.182644,0.693569,-0.696852,-0.558233,0.510293,0.6542
0.973428,-0.162598,-0.161243,0.126871,0.969139,-0.211359,0.190634,0.185286,0.964017
0.97139,0.0831229,-0.222467,-0.0110141,0.951507,0.30743,0.237234,-0.296184,0.9252
0.963896,0.266279,-0.000121652,-0.255451,0.924572,-0.282687,-0.0751612,0.272512,0.959212
0.769886,0.317111,-0.55382,-0.241194,0.948026,0.207536,0.590848,-0.0262016,0.806358
0.942618,0.0332516,0.332213,-0.119539,0.962677,0.242823,-0.31174,-0.268602,0.911412
0.865689,0.241543,0.438451,-0.267791,0.963475,-0.00204596,-0.422931,-0.115642,0.898753
0.863777,-0.503293,-0.024195,0.443917,0.737399,0.509097,-0.238384,-0.450487,0.860369
0.978003,0.196187,0.0708586,-0.094695,0.720263,-0.687207,-0.185858,0.665381,0.722997
0.710551,-0.285827,0.642978,0.494353,0.85305,-0.167095,-0.500732,0.436588,0.747434
0.717532,0.539584,-0.440452,-0.573851,0.816357,0.0652433,0.39477,0.20594,0.895402
0.943585,-0.31055,0.114916,0.330605,0.903069,-0.274164,-0.018635,0.296689,0.954792
0.831449,0.511783,-0.216266,-0.271312,0.713675,0.6458,0.484853,-0.478274,0.732237
0.970489,-0.203335,-0.129637,0.13212,0.898069,-0.419542,0.201731,0.390033,0.898431
0.724314,0.309088,-0.616306,-0.116461,0.935888,0.332492,0.679563,-0.169054,0.713873
0.842804,-0.349338,-0.409444,0.118682,0.862636,-0.491705,0.524973,0.365817,0.768493
0.989217,0.146186,-0.00889696,-0.144823,0.967327,-0.208097,-0.0218146,0.207142,0.978068
0.884118,-0.456526,0.0995978,0.420467,0.684313,-0.595755,0.203821,0.568595,0.796967
0.991537,0.129235,0.0123441,-0.129203,0.973044,0.191027,0.012676,-0.191005,0.981507
0.970879,-0.017226,-0.238949,-0.108271,0.858189,-0.501786,0.213707,0.513045,0.831333
0.691939,0.546329,0.471959,-0.327094,0.82001,-0.469674,-0.643607,0.170611,0.746098
0.728218,-0.514089,-0.453224,0.236522,0.809194,-0.537832,0.643239,0.284461,0.710862
0.793692,0.272984,0.543629,-0.555112,0.690525,0.463709,-0.248804,-0.669817,0.699601
0.998642,-0.0472957,0.0218539,0.051503,0.832793,-0.551183,0.00786881,0.55156,0.834098
0.872987,-0.477988,0.0970612,0.41994,0.63538,-0.64803,0.248079,0.606482,0.755405
0.955028,0.160907,-0.249059,-0.281683,0.754662,-0.59257,0.0926066,0.636077,0.766049
0.844078,-0.222591,-0.487839,0.159962,0.972872,-0.16713,0.511806,0.0630348,0.856785
0.824349,0.0337864,-0.565072,0.0785842,0.981722,0.17334,0.5606,-0.187299,0.806627
0.760393,-0.00380549,0.649452,-0.289148,0.893427,0.343776,-0.581546,-0.449193,0.678255
0.745289,-0.573197,-0.340571,0.665602,0.609776,0.430288,-0.0389682,-0.547374,0.83598
0.74824,0.486685,-0.45086,-0.511325,0.856065,0.0754989,0.422709,0.174045,0.889396
0.940627,0.319277,0.115255,-0.323564,0.740723,0.588757,0.102605,-0.591093,0.800051
0.997508,0.0447975,0.0545098,-0.0533909,0.984325,0.16809,-0.0461254,-0.170581,0.984263
0.626925,-0.554019,0.547748,0.487741,0.827348,0.278576,-0.607514,0.0925128,0.788903
0.902167,-0.0458986,0.428939,-0.0338559,0.983723,0.176471,-0.430057,-0.173728,0.885929
0.89761,-0.383125,-0.217972,0.360185,0.922567,-0.138334,0.254093,0.0456602,0.966101
0.762583,-0.230946,0.60426,0.513522,0.784181,-0.34836,-0.393397,0.575955,0.716599
0.797205,0.309914,0.51809,-0.463971,0.86359,0.197343,-0.386258,-0.397701,0.832249
0.856558,-0.0219877,0.515582,-0.346534,0.715814,0.606238,-0.382391,-0.697945,0.605517
0.678299,0.577679,-0.454089,-0.488116,0.816177,0.309189,0.549229,0.0119258,0.835587
0.694886,-0.128913,-0.70747,0.514004,0.77707,0.363266,0.502924,-0.616071,0.606237
0.868561,-0.00832179,0.495512,0.0385721,0.997961,-0.0508512,-0.494079,0.0632803,0.867111
0.961672,0.165833,0.218371,-0.207905,0.96023,0.186372,-0.178779,-0.224629,0.957904
0.700166,-0.577583,0.419721,0.67472,0.727514,-0.124405,-0.233499,0.370299,0.899087
0.902924,-0.425406,0.0613096,0.323239,0.766131,0.555482,-0.283277,-0.48174,0.829265
0.825331,-0.14067,-0.546846,0.216695,0.973222,0.0766973,0.521413,-0.181799,0.833713
0.648607,0.429081,-0.628648,-0.361083,0.900553,0.242121,0.670021,0.0699525,0.739039
0.702126,0.709661,0.0583072,-0.690278,0.698464,-0.18885,-0.174745,0.0923486,0.980273
0.829355,0.230062,-0.509158,-0.496498,0.721404,-0.482769,0.256242,0.653183,0.712525
0.58084,-0.485645,-0.65328,0.585072,0.80705,-0.0797613,0.565965,-0.335887,0.752903
0.996591,0.0754389,-0.0333975,-0.0524145,0.891573,0.449834,0.0637113,-0.44655,0.892487
0.9223,0.24422,-0.299533,-0.346478,0.865864,-0.360878,0.171221,0.436619,0.883203
0.990677,0.128859,-0.0441991,-0.121379,0.982243,0.143059,0.0618486,-0.13636,0.988727
0.750997,0.137541,-0.645822,-0.409189,0.864567,-0.2917,0.518235,0.483329,0.705567
0.860876,-0.0068108,0.50877,-0.00453877,0.999768,0.0210636,-0.508795,-0.0204424,0.860645
0.919972,-0.211911,-0.329765,-0.0556544,0.762136,-0.645021,0.388013,0.611754,0.68935
0.881333,-0.389281,-0.267794,0.381266,0.92068,-0.0835742,0.279086,-0.028444,0.959845
0.910512,0.161441,0.380664,-0.0326248,0.945808,-0.323084,-0.412194,0.281753,0.866436
0.825794,-0.204267,0.52568,-0.0775509,0.88212,0.464596,-0.558615,-0.424428,0.712608
0.859403,0.501425,0.099995,-0.491391,0.864034,-0.10945,-0.14128,0.0449255,0.98895
0.712622,-0.00427147,-0.701535,0.474232,0.73984,0.477222,0.516985,-0.672769,0.529252
0.713761,-0.505394,-0.484894,0.663998,0.708543,0.238903,0.222827,-0.492488,0.841311
0.850614,-0.520051,0.0774728,0.457677,0.659811,-0.59597,0.258818,0.542398,0.79926
0.734314,-0.482432,-0.477539,0.437216,0.874273,-0.210922,0.519255,-0.0539043,0.852918
0.931285,-0.0441792,-0.361602,0.141258,0.95875,0.246666,0.335788,-0.280796,0.89911
0.772408,-0.618991,0.142256,0.49017,0.723404,0.48623,-0.403881,-0.305838,0.862174
0.937121,0.298806,0.18033,-0.344341,0.707431,0.617228,0.0568601,-0.640513,0.76584
0.807951,-0.0856648,-0.58299,-0.0291979,0.98234,-0.18481,0.588526,0.16634,0.791181
0.734463,0.391677,0.554214,0.114651,0.733293,-0.670176,-0.668894,0.555761,0.493671
0.954511,0.0375725,0.295799,0.126046,0.848192,-0.514473,-0.270224,0.528355,0.804873
0.815218,0.526069,-0.242219,-0.573089,0.793109,-0.206269,0.0835946,0.306967,0.948042
0.973944,0.0198544,-0.225919,-0.0335519,0.997813,-0.0569525,0.224295,0.0630485,0.97248
0.937503,0.244631,0.247477,-0.275748,0.956063,0.0995347,-0.212254,-0.161555,0.963768
0.833552,0.494787,0.245717,-0.551972,0.727604,0.407331,0.0227572,-0.475161,0.879605
0.863342,0.3944,-0.314786,-0.431239,0.900599,-0.0543561,0.262058,0.182676,0.947605
0.947596,0.171196,0.26973,0.0108703,0.826533,-0.562783,-0.319287,0.536223,0.781358
0.744516,0.494355,0.448675,-0.0412538,0.70485,-0.708156,-0.666329,0.508724,0.545166
0.796026,-0.602827,0.0542385,0.593656,0.760157,-0.26407,0.117959,0.242406,0.962977
0.783848,0.196557,-0.589022,-0.00143569,0.94915,0.314822,0.620951,-0.245927,0.744271
0.872441,0.0618147,-0.484795,-0.0966454,0.994201,-0.0471563,0.479069,0.0879943,0.873356
0.997029,0.0302519,-0.0708383,-0.0668447,0.796791,-0.600547,0.0382757,0.603498,0.796446
0.587589,-0.437875,0.680445,0.634857,0.770867,-0.05216,-0.501693,0.462634,0.73094
0.745369,0.642142,0.179107,-0.622784,0.57487,0.530721,0.237835,-0.507128,0.828405
0.77588,-0.5335,0.33673,0.479251,0.845533,0.235354,-0.410278,-0.0212289,0.911713
0.612118,-0.541645,-0.576136,0.721858,0.680202,0.12746,0.322851,-0.493909,0.807354
0.673799,0.521331,-0.523649,-0.616554,0.787255,-0.00957309,0.407254,0.329308,0.85188
0.874254,0.35319,0.333073,-0.246419,0.913976,-0.322376,-0.41828,0.199763,0.886079
0.921594,0.326237,0.21032,-0.38697,0.814542,0.432177,-0.0303229,-0.479679,0.87692
0.768959,-0.136437,-0.624569,0.40383,0.861035,0.309096,0.495604,-0.489902,0.717198
0.917004,0.363818,-0.163522,-0.375834,0.650766,-0.659736,-0.133609,0.666439,0.73349
0.827757,-0.129958,-0.545829,0.245228,0.958769,0.143614,0.504661,-0.25273,0.825497
0.817104,-0.521771,0.245147,0.576473,0.742885,-0.340296,-0.00455961,0.419378,0.9078
0.848631,0.429033,-0.309445,-0.134922,0.741182,0.657606,0.511489,-0.516314,0.686876
0.812404,0.452789,0.3674,-0.545952,0.811954,0.206561,-0.204783,-0.368393,0.906835
0.849992,0.509569,0.133616,-0.508286,0.859951,-0.0461478,-0.138419,-0.0286899,0.989958
0.859699,-0.509577,0.0353517,0.493906,0.846923,0.196923,-0.130288,-0.151834,0.979781
0.953111,0.193663,-0.232539,-0.253937,0.929792,-0.266466,0.164608,0.313021,0.935373
0.717303,0.607944,-0.340411,-0.593558,0.789042,0.158434,0.364918,0.0884085,0.926833
0.74546,-0.441786,-0.499114,0.141291,0.836518,-0.529409,0.651404,0.324133,0.686011
0.827385,0.208885,0.521345,-0.145535,0.976297,-0.160202,-0.542451,0.0566744,0.838173
0.986869,0.0695569,0.145777,-0.0063519,0.91854,-0.395277,-0.161396,0.389161,0.906921
0.82537,-0.415985,-0.381734,0.54514,0.763118,0.347092,0.146923,-0.494578,0.856625
0.630035,-0.464429,0.622384,0.574676,0.817882,0.028571,-0.522306,0.339668,0.782191
0.893084,-0.0390184,-0.448194,-0.0897784,0.960737,-0.262534,0.44084,0.274703,0.854516
0.792664,-0.494338,0.356809,0.607433,0.690339,-0.39301,-0.0520396,0.528263,0.847485
0.832502,-0.551324,-0.0546016,0.553353,0.83229,0.0330812,0.0272059,-0.0577541,0.99796
0.973584,-0.183036,-0.136498,0.207844,0.957923,0.197949,0.0945233,-0.22109,0.970662
0.831659,0.507506,-0.225347,-0.542519,0.656093,-0.524609,-0.118394,0.558551,0.820978
0.9243,-0.377778,0.0543456,0.299244,0.80569,0.511192,-0.236903,-0.456232,0.857746
0.655453,0.403504,0.638409,-0.638034,0.748139,0.18221,-0.404096,-0.526757,0.747819
0.977722,-0.137105,0.158938,0.131931,0.990338,0.0427089,-0.163258,-0.0207886,0.986364
0.752523,0.186568,0.631586,0.104003,0.913332,-0.393712,-0.650301,0.361964,0.6679
0.845035,-0.370025,0.386001,0.376296,0.924399,0.0623495,-0.37989,0.0925632,0.920389
0.751479,-0.496907,-0.434008,0.149139,0.768745,-0.621924,0.64268,0.402635,0.651803
0.978494,0.0530072,-0.199348,-0.151266,0.841443,-0.518741,0.140243,0.537739,0.831365
0.726246,0.451124,0.518705,-0.303279,0.88741,-0.347167,-0.616919,0.0948161,0.781294
0.800656,0.282738,0.528213,-0.56787,0.63917,0.518637,-0.190979,-0.715206,0.672315
0.908236,-0.357486,0.217512,0.361642,0.932062,0.0218057,-0.21053,0.0588568,0.975814
0.738306,0.339405,0.582845,0.127654,0.778221,-0.61488,-0.662275,0.528372,0.531239
0.954795,-0.238612,-0.177288,0.296185,0.814425,0.498986,0.0253235,-0.52894,0.848282
0.952579,-0.0230519,0.303418,-0.0948588,0.924942,0.368081,-0.289129,-0.379408,0.878894
0.768715,-0.432732,0.470978,0.450241,0.889129,0.0820571,-0.454269,0.148975,0.87832
0.652667,-0.651442,0.386844,0.381566,0.723732,0.574995,-0.654548,-0.227674,0.720924
0.988748,-0.147777,0.0232199,0.149435,0.982809,-0.108425,-0.00679799,0.110675,0.993833
0.928993,-0.295591,-0.222708,0.333088,0.930072,0.154981,0.161323,-0.218158,0.962487
0.769165,-0.204928,-0.605301,0.00923108,0.950653,-0.310119,0.638983,0.232945,0.733101
0.702602,0.675149,0.224775,-0.516565,0.701181,-0.491433,-0.489398,0.229171,0.84141
0.912711,-0.334812,0.234221,0.408605,0.746576,-0.52504,0.00092614,0.574913,0.818214
0.952797,0.175798,-0.247535,-0.01992,0.849748,0.526813,0.302955,-0.497014,0.813139
0.950875,-0.197894,0.238065,0.233137,0.963701,-0.130108,-0.203676,0.179219,0.962495
0.969729,-0.147955,0.194253,0.217449,0.885169,-0.411329,-0.111089,0.441118,0.890547
0.938673,-0.259931,0.226558,0.0831745,0.808342,0.582808,-0.334626,-0.528222,0.780389
0.782682,0.597938,-0.172855,-0.57635,0.591382,-0.563992,-0.235009,0.541051,0.807486
0.871837,0.128766,0.472567,-0.0352489,0.978817,-0.20168,-0.488526,0.159175,0.857908
0.856817,-0.223821,-0.464509,0.234488,0.971468,-0.0355674,0.459216,-0.0784472,0.884854
0.843888,-0.50615,0.177947,0.533732,0.82575,-0.182394,-0.0546214,0.248896,0.966989
0.99597,0.0891022,0.0102279,-0.0810761,0.943229,-0.322096,-0.0383467,0.319969,0.946652
0.966022,-0.0818181,-0.245166,0.0542175,0.991616,-0.117295,0.252708,0.100017,0.962359
0.760072,0.612936,-0.21587,-0.64574,0.749639,-0.145124,0.0728727,0.2497,0.965577
0.767128,-0.628208,0.129883,0.616494,0.777935,0.121458,-0.177341,-0.0131022,0.984062
0.707042,0.404631,0.57997,-0.0841471,0.862439,-0.499118,-0.702147,0.304095,0.643829
0.915458,-0.00420237,-0.402391,0.211011,0.856461,0.471115,0.342653,-0.516195,0.78494
0.791821,0.158696,-0.589775,-0.282827,0.95115,-0.123784,0.541321,0.264819,0.798024
0.906662,0.214637,-0.363174,-0.250435,0.96663,-0.053929,0.33948,0.139847,0.930159
0.93726,-0.228883,-0.262975,0.279901,0.943719,0.17621,0.207843,-0.238762,0.948575
0.899697,-0.389751,0.19657,0.436158,0.784419,-0.440968,0.0176748,0.482473,0.875733
0.722906,-0.672958,0.156632,0.533131,0.687472,0.493106,-0.43952,-0.272964,0.855753
0.878812,0.46299,-0.115457,-0.428908,0.872493,0.234081,0.209112,-0.156193,0.965337
0.797141,-0.601433,-0.0533355,0.448299,0.648714,-0.614977,0.404467,0.466313,0.786739
0.93929,0.0969368,-0.329148,0.112035,0.820047,0.561223,0.32432,-0.564027,0.759401
0.836868,0.100383,-0.538122,0.158612,0.896404,0.413886,0.523922,-0.431721,0.73425
0.72006,0.64637,-0.252427,-0.687179,0.613665,-0.388845,-0.0964319,0.453454,0.886048
0.757853,0.282226,0.588223,-0.462371,0.868421,0.179046,-0.460294,-0.407668,0.788629
0.736013,0.672718,-0.0757319,-0.620902,0.715397,0.32045,0.269751,-0.188833,0.944233
0.972513,-0.0808874,0.218349,0.165961,0.898534,-0.406318,-0.163328,0.431387,0.887259
0.709888,0.625521,-0.323702,-0.428607,0.74837,0.5062,0.558888,-0.220604,0.799361
0.694247,0.52506,0.492274,-0.426448,0.851061,-0.30633,-0.579796,0.00273983,0.814757
0.852643,-0.447474,-0.269755,0.341375,0.867945,-0.360741,0.395555,0.215495,0.892803
0.731442,-0.0711779,0.678179,0.374997,0.872637,-0.312861,-0.569535,0.483154,0.664975
0.956562,0.0729316,-0.28226,-0.245547,0.72347,-0.645211,0.15715,0.686492,0.709952
0.643696,-0.545639,0.536594,0.609955,0.789261,0.0708653,-0.46218,0.281683,0.84086
0.804431,0.512462,0.300456,-0.328402,0.805097,-0.493934,-0.495019,0.298666,0.815938
0.89205,-0.0292236,-0.450991,-0.268688,0.768099,-0.581232,0.363391,0.639664,0.677331
0.832999,-0.522961,0.180623,0.533814,0.845487,-0.0138966,-0.145447,0.107995,0.983454
0.87711,0.290733,0.3823,-0.192666,0.942109,-0.274427,-0.439953,0.167046,0.882347
0.985112,0.102401,-0.138085,-0.086454,0.98937,0.116928,0.14859,-0.103249,0.983494
0.720334,-0.567996,0.39812,0.441991,0.818221,0.367639,-0.534567,-0.0888577,0.840442
0.992347,0.1133,-0.0490961,-0.0847705,0.914198,0.396303,0.0897846,-0.389108,0.916806
0.71807,-0.22424,0.658856,0.354967,0.932287,-0.0695673,-0.598643,0.283826,0.749046
0.902686,0.426289,-0.0586228,-0.396519,0.876976,0.271453,0.167128,-0.221792,0.960665
0.979828,-0.0273246,-0.197967,-0.112205,0.744509,-0.658116,0.165371,0.667053,0.726425
0.885075,0.0158103,-0.46518,0.235547,0.846784,0.476943,0.401447,-0.531702,0.745743
0.779288,0.613394,0.128286,-0.610876,0.789229,-0.0628287,-0.139786,-0.0294052,0.989745
0.915744,0.0398521,0.399782,-0.147732,0.958755,0.242823,-0.373616,-0.281425,0.883862
0.992089,0.000320652,0.125539,-0.0310722,0.96951,0.243075,-0.121634,-0.245052,0.96185
0.914679,-0.275933,-0.295338,0.340564,0.919671,0.195504,0.217667,-0.279405,0.935176
0.848277,-0.392434,0.355559,0.448776,0.889173,-0.0892809,-0.281117,0.235301,0.93038
0.676834,-0.503892,-0.536646,0.196443,0.826202,-0.528015,0.70944,0.251959,0.658188
0.856674,0.327601,-0.398482,-0.400547,0.909202,-0.113638,0.325073,0.256961,0.910109
0.753644,0.292169,-0.588777,-0.533086,0.795716,-0.2875,0.384501,0.530541,0.755437
0.956651,0.261026,-0.129167,-0.270861,0.960404,-0.06526,0.107018,0.0974173,0.989473
0.764719,-0.431532,0.478524,0.560059,0.812375,-0.16242,-0.318652,0.392207,0.862922
0.755863,0.582697,0.298554,-0.654366,0.687532,0.31481,-0.021827,-0.433317,0.900977
0.618397,-0.338001,0.709465,0.544374,0.835345,-0.0765255,-0.566782,0.433537,0.700574
0.815813,0.577043,-0.0383543,-0.407764,0.620983,0.669409,0.410095,-0.530473,0.741903
0.821127,-0.253915,0.511153,-0.00100695,0.894943,0.44618,-0.570745,-0.366885,0.734606
0.842155,-0.503853,-0.19211,0.290906,0.724488,-0.624892,0.454035,0.470371,0.756706
0.978507,0.0522276,-0.199488,-0.140274,0.877671,-0.458275,0.151151,0.476409,0.866134
0.697872,0.336772,-0.632108,-0.432992,0.901395,0.00220218,0.57052,0.27216,0.774878
0.96415,0.150278,-0.218702,0.00275473,0.818469,0.574544,0.265342,-0.55455,0.788713
0.987189,0.149903,-0.0546558,-0.158937,0.8937,-0.41957,-0.014049,0.422881,0.906076
0.999203,-0.0386067,-0.0101294,0.0386226,0.87121,0.489389,-0.0100688,-0.48939,0.872007
0.8574,-0.14593,-0.493527,-0.14009,0.856568,-0.496655,0.495216,0.494971,0.713978
0.983609,-0.176119,0.0386748,0.137002,0.869394,0.474747,-0.117236,-0.461667,0.879272
0.760561,0.395937,0.514568,-0.624865,0.661611,0.414506,-0.176326,-0.636793,0.750602
0.738408,0.43753,-0.513148,-0.128534,0.838313,0.529821,0.661992,-0.325266,0.675255
0.58501,0.613465,0.530494,-0.501787,0.787658,-0.357498,-0.63716,-0.057055,0.768617
0.933988,0.0694793,0.350484,0.170705,0.774953,-0.60853,-0.313888,0.628189,0.711936
0.878272,0.478039,0.0108249,-0.44534,0.809533,0.38253,0.174101,-0.340786,0.92388
0.887713,-0.345859,0.303887,0.329919,0.938254,0.104085,-0.321122,0.00785999,0.947005
0.727337,-0.359611,-0.584518,0.168124,0.919133,-0.356272,0.665369,0.160858,0.728978
0.70055,0.352558,-0.620429,-0.111968,0.912969,0.392366,0.704764,-0.205404,0.679056
0.995674,-0.0830548,0.0416491,0.0910467,0.961546,-0.259115,-0.0185268,0.261786,0.964948
0.942528,-0.01935,0.333566,-0.0485218,0.979812,0.193942,-0.330585,-0.198981,0.922562
0.6065,-0.461073,-0.647742,0.438495,0.873557,-0.211236,0.663234,-0.155917,0.73199
0.880453,0.396796,-0.259531,-0.288121,0.882479,0.371776,0.37655,-0.252555,0.891306
0.736811,0.296423,0.607654,0.126572,0.822399,-0.554653,-0.664146,0.485586,0.568434
0.850106,0.35598,-0.38807,-0.139491,0.862812,0.485898,0.507802,-0.358933,0.783138
0.877457,0.231903,0.419868,-0.203838,0.972664,-0.111239,-0.434187,0.0120223,0.900742
0.780518,-0.621876,-0.0637425,0.564078,0.656663,0.50061,-0.26946,-0.42669,0.863323
0.968797,-0.180058,-0.170326,0.228662,0.91445,0.333909,0.0956319,-0.362437,0.927089
0.988955,0.0176963,0.147155,-0.0224916,0.999267,0.0309868,-0.146499,-0.0339543,0.988628
0.835735,-0.0692912,0.544743,-0.290255,0.786364,0.545329,-0.466153,-0.613865,0.63708
0.968417,0.244506,-0.0488487,-0.239209,0.966345,0.0946418,0.0703451,-0.0799677,0.994312
0.833296,-0.0498846,-0.550572,0.18628,0.963015,0.194682,0.520498,-0.264789,0.811769
0.986171,-0.00247863,-0.16571,-0.0502536,0.948339,-0.313253,0.157926,0.317249,0.9351
0.904549,-0.400654,-0.145833,0.203892,0.706861,-0.67733,0.374458,0.582944,0.721081
0.783846,0.488144,-0.383798,-0.423457,0.872275,0.244585,0.45417,-0.0291948,0.890437
0.920847,-0.272442,0.278954,0.22087,0.954019,0.202641,-0.321336,-0.124989,0.938681
0.780903,-0.440879,0.442511,0.121533,0.802109,0.58468,-0.612715,-0.402799,0.679951
0.603298,0.460633,0.651037,-0.558775,0.826604,-0.0670517,-0.569036,-0.323331,0.756079
0.654728,-0.551289,-0.517119,0.701498,0.697951,0.144102,0.281481,-0.457106,0.843696
0.786239,-0.541396,0.297857,0.546117,0.834347,0.0749801,-0.28911,0.103713,0.951661
0.965212,-0.2243,-0.13437,0.257757,0.729979,0.633003,-0.0438952,-0.645617,0.762399
0.960123,-0.250573,0.124007,0.261737,0.961508,-0.0836388,-0.0982758,0.112761,0.98875
0.871158,0.131674,-0.473017,-0.205433,0.972742,-0.107563,0.445961,0.190877,0.874463
0.735996,0.594678,0.323525,-0.590093,0.797761,-0.123964,-0.331815,-0.099673,0.938064
0.929434,-0.356819,0.0939853,0.330283,0.690934,-0.643057,0.164517,0.628721,0.760029
0.987449,0.147894,0.0554246,-0.0968681,0.844284,-0.527068,-0.124744,0.515084,0.848014
0.782988,0.618047,-0.0703429,-0.621994,0.776584,-0.100205,-0.00730417,0.122212,0.992477
0.871809,0.0151833,0.48961,-0.0544188,0.996334,0.0660019,-0.486813,-0.0841851,0.86944
0.805495,0.152477,0.57265,-0.354376,0.89845,0.259242,-0.474969,-0.411751,0.777731
0.720244,-0.25241,0.646172,0.183086,0.967595,0.173892,-0.669125,-0.00693931,0.743118
0.894147,0.362298,0.263138,-0.393078,0.916543,0.0737527,-0.214457,-0.169379,0.961935
0.869422,0.260193,0.420006,-0.256581,0.964251,-0.0662238,-0.422222,-0.0501889,0.905102
0.772379,-0.62449,0.115946,0.538961,0.547791,-0.639879,0.336084,0.55672,0.759678
0.631366,0.397163,-0.666063,-0.539127,0.842178,-0.00886448,0.557423,0.364689,0.745843
0.895708,-0.361745,-0.258548,0.312998,0.92597,-0.211217,0.315815,0.108264,0.942624
0.94979,-0.227186,-0.215139,0.293347,0.885752,0.359709,0.108839,-0.404758,0.907923
0.893763,0.446662,0.040991,-0.369002,0.784156,-0.498936,-0.254999,0.430805,0.865669
0.952395,-0.00557238,0.304816,-0.0390835,0.989351,0.140202,-0.302352,-0.145441,0.942035
0.800333,0.145797,-0.581559,-0.3373,0.911414,-0.235696,0.495677,0.384796,0.778612
0.864413,0.470111,-0.178288,-0.502555,0.818555,-0.27822,0.0151449,0.330096,0.943826
0.865413,-0.492304,-0.0932633,0.499629,0.833807,0.23481,-0.0378341,-0.249804,0.967557
0.793421,-0.0195176,0.608361,-0.336101,0.819244,0.464624,-0.507464,-0.573113,0.643445
0.879072,0.300898,-0.369719,-0.295204,0.952611,0.0733903,0.374281,0.044627,0.926241
0.586493,-0.605301,-0.538179,0.463777,0.795716,-0.389546,0.664031,-0.0211289,0.747407
0.880199,0.11799,0.459703,-0.0622831,0.988944,-0.134575,-0.470499,0.0898209,0.877817
0.905741,0.42366,-0.0121048,-0.423831,0.905296,-0.0283933,-0.00107063,0.0308474,0.999524
0.996766,0.0717417,-0.0361978,-0.042243,0.851019,0.523433,0.068357,-0.520211,0.851298
0.911925,-0.351976,0.210963,0.227861,0.861887,0.453023,-0.341279,-0.365053,0.866178
0.835363,-0.061687,0.546226,-0.116953,0.950988,0.286258,-0.537113,-0.303012,0.787206
0.905668,-0.0876841,-0.414823,-0.189501,0.791507,-0.581038,0.379283,0.604837,0.700226
0.683036,0.608294,0.404278,-0.327337,0.749759,-0.575076,-0.652926,0.260462,0.711229
0.98434,0.0610352,-0.165377,-0.072574,0.995266,-0.0646481,0.160648,0.0756378,0.984109
0.744879,-0.649513,-0.152608,0.660095,0.750701,0.0268712,0.0971097,-0.120751,0.987921
0.942584,-0.265664,0.202381,0.0751083,0.75909,0.646638,-0.325414,-0.59431,0.73546
0.817201,0.395824,-0.418935,-0.265014,0.903535,0.336738,0.511811,-0.164159,0.843268
0.726906,0.396565,0.560664,-0.666264,0.605106,0.435819,-0.16643,-0.69035,0.704072
0.771239,-0.504888,-0.387658,0.566417,0.822212,0.0560239,0.290451,-0.262784,0.920099
0.609282,-0.563998,0.557388,0.582026,0.795479,0.168698,-0.538536,0.221629,0.812933
0.846775,-0.297065,0.441276,0.515876,0.660977,-0.54496,-0.129785,0.689102,0.712947
0.785446,-0.177223,-0.593015,0.532655,0.681501,0.501832,0.315204,-0.710034,0.629681
0.939048,0.34349,-0.0142322,-0.341955,0.928983,-0.141622,-0.0354243,0.137856,0.989819
0.935738,-0.193767,-0.2947,0.345208,0.67442,0.652678,0.0722842,-0.712469,0.697971
0.842537,0.483845,-0.236696,-0.537184,0.787058,-0.303271,0.0395575,0.382667,0.923039
0.919654,-0.209212,-0.332364,0.280076,0.942642,0.181612,0.275305,-0.260107,0.9255
0.873897,0.0550407,-0.482986,0.0515031,0.977494,0.204582,0.483376,-0.203659,0.851393
0.840165,0.507553,-0.191086,-0.308771,0.737325,0.600843,0.445852,-0.445806,0.776192
0.606164,0.529446,0.593509,-0.688222,0.723197,0.0577612,-0.398642,-0.443479,0.802752
0.990891,-0.0209936,-0.133022,0.0245439,0.999383,0.0251061,0.132413,-0.0281422,0.990795
0.579513,0.565079,0.587239,-0.579965,0.792185,-0.189957,-0.572543,-0.230495,0.786808
0.982332,0.154632,-0.105414,-0.179511,0.937804,-0.297152,0.0529088,0.310825,0.948993
0.926198,0.134036,-0.352409,-0.333031,0.729048,-0.59798,0.176772,0.671211,0.71988
0.807169,-0.281373,-0.518948,0.0482085,0.907579,-0.417104,0.588348,0.311656,0.746134
0.728345,0.645955,-0.228596,-0.68454,0.67119,-0.284445,-0.0303069,0.363657,0.93104
0.937816,0.312077,-0.152014,-0.347025,0.831978,-0.432881,-0.00862015,0.458715,0.888541
0.829118,-0.193996,-0.524337,0.471721,0.746129,0.469862,0.300071,-0.636912,0.710141
0.734676,0.46175,0.49703,-0.498657,0.864293,-0.065862,-0.459991,-0.19946,0.86523
0.971591,-0.225731,-0.071108,0.220484,0.754141,0.618594,-0.0860104,-0.616698,0.782487
0.678119,-0.415703,0.60609,0.335138,0.908839,0.248385,-0.654092,0.0346887,0.755619
0.985156,0.076922,-0.153464,-0.0130162,0.924883,0.38003,0.171169,-0.372391,0.912155
0.786086,-0.117996,-0.60675,-0.337166,0.740863,-0.580897,0.518062,0.66121,0.542598
0.835931,-0.490819,0.245594,0.413753,0.857576,0.305568,-0.360594,-0.153818,0.919952
0.829896,-0.138254,0.540517,-0.264044,0.756115,0.598807,-0.491481,-0.639668,0.590992
0.944939,-0.323408,0.049967,0.306462,0.821002,-0.481702,0.114763,0.470492,0.874909
0.688463,0.709974,0.148174,-0.648512,0.694088,-0.312527,-0.324732,0.11907,0.938281
0.660179,-0.518937,-0.543017,0.669686,0.734046,0.112683,0.340124,-0.438042,0.832127
0.599051,-0.703518,0.382362,0.484548,0.698677,0.526369,-0.637457,-0.130049,0.759431
0.86473,0.425898,0.266181,-0.502035,0.748019,0.434084,-0.0142332,-0.508998,0.86065
0.79864,0.320585,-0.509313,-0.160831,0.929218,0.332696,0.57992,-0.183791,0.793671
0.852012,-0.513132,0.103783,0.522893,0.824377,-0.216764,0.0256723,0.238953,0.970692
0.963791,0.0331785,0.264588,-0.0127086,0.996817,-0.0787053,-0.266358,0.0724929,0.961144
0.729789,0.677845,0.0890735,-0.563727,0.670336,-0.482557,-0.386808,0.301952,0.871323
0.773818,-0.256107,0.579323,0.584929,0.639859,-0.498436,-0.243032,0.724561,0.644939
0.732445,-0.0105167,0.680745,0.0113903,0.99993,0.00319227,-0.680731,0.00541575,0.732514
0.95786,-0.16259,-0.23679,0.180623,0.981933,0.0564166,0.223339,-0.0968089,0.969921
0.746985,0.480279,0.459724,-0.122396,0.779003,-0.614959,-0.653478,0.403097,0.640687
0.769656,0.636754,-0.0466195,-0.538359,0.608001,-0.583528,-0.343219,0.474214,0.810754
0.958664,-0.259741,0.11618,0.279698,0.935227,-0.217072,-0.0522727,0.240594,0.969217
0.805975,0.574913,-0.140996,-0.514651,0.798244,0.312954,0.292471,-0.179669,0.939244
0.70896,-0.552988,-0.437699,0.398829,0.826226,-0.397852,0.581646,0.107494,0.806308
0.872647,-0.0918248,-0.47964,-0.0739442,0.945994,-0.315638,0.48272,0.310908,0.818729
0.650667,0.581309,-0.488582,-0.709354,0.694928,-0.117862,0.271015,0.423266,0.864521
0.761572,-0.495796,-0.417366,0.277739,0.831552,-0.481022,0.585551,0.250414,0.770989
0.78368,-0.173766,0.596365,0.455024,0.814145,-0.360723,-0.422847,0.554052,0.717097
0.976068,0.168471,-0.137511,-0.212431,0.873941,-0.437151,0.046529,0.4559,0.888814
0.950284,0.0724341,-0.302842,-0.162772,0.944662,-0.284813,0.265453,0.319948,0.909488
0.975513,-0.135171,0.173502,0.173339,0.958061,-0.228195,-0.13538,0.252681,0.958032
0.971991,0.188369,0.140539,-0.0389041,0.718699,-0.694232,-0.231777,0.669319,0.705897
0.776292,-0.238516,-0.583508,0.500128,0.796505,0.339783,0.383723,-0.555599,0.737608
0.913261,0.183768,-0.36357,0.0310698,0.858452,0.511952,0.406188,-0.478842,0.778281
0.923722,-0.212303,0.31885,0.291537,0.929561,-0.225658,-0.248483,0.301402,0.92055
0.783991,0.521405,-0.33689,-0.209202,0.732865,0.647413,0.584459,-0.437088,0.683638
0.725239,-0.670249,-0.157461,0.639505,0.740508,-0.206597,0.255073,0.049135,0.965673
0.873131,-0.215844,-0.437097,0.417588,0.793789,0.442176,0.251522,-0.568604,0.783215
0.785762,0.456435,-0.417426,-0.238641,0.846332,0.476206,0.570638,-0.274569,0.77394
0.675874,-0.391978,-0.624137,0.471307,0.880926,-0.0428754,0.566625,-0.265182,0.780137
0.97138,0.00516721,0.237476,0.0266225,0.991096,-0.130463,-0.236036,0.133051,0.962593
0.711104,0.54235,-0.447423,-0.211485,0.771895,0.599543,0.670526,-0.331714,0.663597
0.91105,0.363231,-0.195069,-0.280557,0.892863,0.352253,0.302119,-0.266192,0.91535
0.683054,0.201429,-0.702042,-0.405495,0.904053,-0.135138,0.607462,0.376981,0.699196
0.683776,0.553279,0.475744,-0.719949,0.617729,0.316363,-0.118843,-0.558832,0.820721
0.89111,-0.451854,0.0418459,0.453778,0.886676,-0.0888298,0.0030344,0.0981458,0.995167
0.872818,-0.475295,0.110831,0.335694,0.749507,0.570569,-0.354258,-0.460798,0.813736
0.784283,0.587129,0.200446,-0.61954,0.724156,0.302933,0.0327064,-0.361769,0.931694
0.878981,0.29973,-0.370884,-0.0101608,0.789362,0.613844,0.476749,-0.535788,0.69688
0.807398,0.0994051,0.581573,-0.264282,0.94222,0.205855,-0.527507,-0.319906,0.787018
0.815092,-0.446684,-0.368914,0.189165,0.807098,-0.559293,0.547577,0.38609,0.742357
0.816047,0.572387,0.0802519,-0.577968,0.807046,0.120954,0.00446571,-0.145088,0.989409
0.899529,-0.0214461,-0.436334,-0.238772,0.812273,-0.532167,0.365835,0.582884,0.725542
0.852074,-0.446425,-0.273266,0.474538,0.879164,0.0434038,0.22087,-0.166659,0.960959
0.739739,-0.133998,0.659417,0.0190626,0.983751,0.178521,-0.672624,-0.119489,0.730274
0.754765,-0.487462,-0.438988,0.414343,0.87306,-0.257072,0.508576,0.0121375,0.860932
0.880416,0.264252,-0.393748,-0.41807,0.824417,-0.381516,0.223796,0.500507,0.836306
0.699762,-0.628892,0.338864,0.541952,0.776385,0.321736,-0.465426,-0.0414907,0.884114
0.926696,0.250858,0.279831,-0.364608,0.780594,0.507675,-0.0910797,-0.572489,0.814838
0.832324,-0.337542,-0.439661,-0.0361227,0.75848,-0.650694,0.553111,0.55747,0.619108
0.927576,-0.137646,0.347357,0.233427,0.939398,-0.251086,-0.291746,0.313984,0.903492
0.874756,0.111316,-0.471604,-0.378657,0.764326,-0.521944,0.302358,0.63515,0.710749
0.948236,0.289621,-0.130262,-0.317477,0.874265,-0.367245,0.00752167,0.389591,0.920957
0.830236,0.266601,0.489522,-0.313792,0.949371,0.0151544,-0.460698,-0.16619,0.871859
0.872273,0.20933,-0.441951,-0.177501,0.977643,0.112728,0.455668,-0.019883,0.889928
0.965775,0.22575,-0.12773,-0.253207,0.713758,-0.65302,-0.0562508,0.663013,0.746491
0.722027,-0.404473,-0.561319,0.610793,0.753726,0.242547,0.324977,-0.517975,0.79126
0.783503,0.591604,0.190073,-0.572369,0.806183,-0.149878,-0.241902,0.0086378,0.970262
0.922519,0.0944384,0.37422,0.117062,0.855461,-0.504463,-0.367771,0.509183,0.778124
0.712543,-0.349826,0.608197,0.615247,0.728218,-0.301943,-0.337273,0.589339,0.734116
0.910378,0.413675,-0.00922646,-0.301009,0.646802,-0.700743,-0.283912,0.640718,0.713354
0.689395,0.119298,0.714494,-0.4497,0.843745,0.293024,-0.567894,-0.523318,0.635323
0.756738,-0.363586,-0.54328,0.474127,0.877407,0.0732162,0.450058,-0.312989,0.836353
0.938086,-0.322933,-0.125338,0.326009,0.945357,0.00428089,0.117106,-0.044877,0.992105
0.608943,0.350641,0.711505,-0.580774,0.808042,0.0988403,-0.540268,-0.473412,0.695695
0.812782,0.507094,-0.286776,-0.536867,0.843106,-0.0307613,0.226184,0.178963,0.957504
0.755998,0.652178,0.0559522,-0.647977,0.733535,0.205065,0.0926961,-0.191285,0.977148
0.759005,-0.517031,0.395714,0.649919,0.638008,-0.412979,-0.0389459,0.570635,0.820279
0.765848,-0.64297,0.00816181,0.602998,0.713713,-0.356381,0.223317,0.277855,0.934305
0.826028,0.455022,0.332614,-0.56318,0.642779,0.519292,0.0224925,-0.616271,0.787213
0.808059,-0.346921,-0.476115,0.484444,0.851187,0.201979,0.335192,-0.393862,0.855873
0.596612,-0.517273,0.613582,0.553521,0.81883,0.152092,-0.581092,0.24889,0.774846
0.932352,0.205302,0.297609,-0.138064,0.962931,-0.231738,-0.334154,0.174972,0.926135
0.762393,0.645668,-0.0432388,-0.639141,0.740859,-0.206463,-0.101273,0.185042,0.977499
0.80112,0.28052,-0.528693,-0.342227,0.939402,-0.020133,0.491007,0.197062,0.848575
0.746332,0.607695,-0.271469,-0.411782,0.742031,0.528985,0.5229,-0.283012,0.80404
0.91493,0.336668,-0.222617,-0.272855,0.92236,0.273499,0.297411,-0.18949,0.935756
0.792022,-0.510057,0.335474,0.501889,0.856863,0.117868,-0.347575,0.0750173,0.934647
0.907267,0.4099,-0.0940694,-0.416755,0.906292,-0.0703625,0.0564127,0.103041,0.993076
0.893217,0.0128944,0.449442,0.134185,0.946392,-0.29383,-0.429137,0.322762,0.843603
0.757604,0.593827,-0.270936,-0.636338,0.764359,-0.104067,0.145294,0.251248,0.956956
0.832713,0.432689,0.345498,-0.216508,0.828738,-0.516059,-0.509621,0.354926,0.783782
0.794303,0.603971,0.0655893,-0.586145,0.790262,-0.178663,-0.15974,0.103468,0.981722
0.957286,0.2671,-0.110731,-0.113452,0.699229,0.705838,0.265956,-0.663126,0.699665
0.789757,0.578723,0.20338,-0.430133,0.75884,-0.489027,-0.437344,0.298732,0.848227
0.904188,0.423316,-0.056991,-0.370323,0.710427,-0.59846,-0.21285,0.562225,0.799123
0.869732,-0.204451,0.449184,0.119619,0.970345,0.210052,-0.478809,-0.128958,0.868396
0.850009,-0.452745,-0.269272,0.30813,0.84194,-0.442937,0.427248,0.29353,0.85516
0.984856,0.172932,0.012409,-0.132099,0.702103,0.699715,0.112291,-0.690757,0.714314
0.790999,-0.609132,0.0572568,0.598592,0.789857,0.133465,-0.126522,-0.0712971,0.989398
0.931262,0.102683,0.349581,-0.184141,0.960554,0.208393,-0.314393,-0.258441,0.913436
0.881151,-0.30784,-0.358898,0.432864,0.830611,0.350306,0.190266,-0.464026,0.865147
0.752172,0.615025,-0.236602,-0.316997,0.652482,0.688317,0.577711,-0.442731,0.68574
0.99131,0.0483962,-0.122322,-0.0416348,0.997492,0.0572412,0.124785,-0.0516509,0.990838
0.777902,0.173315,-0.604011,0.294907,0.748091,0.594466,0.554885,-0.640564,0.53083
0.583346,-0.614606,-0.531006,0.628731,0.755581,-0.183834,0.514204,-0.226621,0.827187
0.86159,-0.0670252,0.50316,0.0704289,0.997441,0.0122681,-0.502694,0.0248669,0.864106
0.919603,-0.388361,-0.0592211,0.365187,0.78951,0.493267,-0.14481,-0.475236,0.86786
0.819025,0.565601,0.0964067,-0.342454,0.616709,-0.708799,-0.460352,0.547509,0.698792
0.77941,-0.38528,-0.494044,0.616205,0.613882,0.493397,0.113189,-0.688991,0.715877
0.746953,0.112103,-0.655358,-0.494543,0.752498,-0.434942,0.444397,0.648984,0.61752
0.801167,0.59351,-0.0766617,-0.423279,0.652556,0.628495,0.423044,-0.47108,0.774026
0.750337,-0.22006,-0.623352,0.336847,0.938639,0.0741029,0.568795,-0.265577,0.778422
0.801346,0.066963,-0.594441,0.0224726,0.989644,0.141777,0.597778,-0.126971,0.791543
0.685382,0.611461,0.395434,-0.709759,0.682343,0.175074,-0.162771,-0.400655,0.901655
0.873767,-0.200763,-0.442974,0.371327,0.8636,0.341045,0.314083,-0.462482,0.829134
0.912896,-0.12139,-0.389726,-0.126705,0.823328,-0.553242,0.38803,0.554433,0.736232
0.865099,0.419807,-0.27453,-0.240603,0.827528,0.507256,0.44013,-0.372774,0.8169
0.83733,-0.281724,0.468519,0.0046432,0.860632,0.509207,-0.546678,-0.424199,0.721941
0.692987,0.459332,0.555682,-0.580743,0.812378,0.0527206,-0.427208,-0.359243,0.829721
0.980174,-0.146356,0.133563,0.0925556,0.934223,0.344473,-0.175193,-0.325281,0.929247
0.675213,0.454516,0.580949,-0.429398,0.882591,-0.19144,-0.599753,-0.120196,0.791106
0.833518,0.251063,0.492153,0.092806,0.814506,-0.572684,-0.544642,0.523017,0.655605
0.837934,-0.240443,-0.489953,0.432677,0.83983,0.327836,0.332651,-0.486696,0.807756
0.941576,0.318118,-0.110613,-0.319554,0.947555,0.00497073,0.106394,0.0306666,0.993851
0.844364,-0.233903,-0.482015,-0.116363,0.798131,-0.591139,0.522981,0.555226,0.646696
0.85307,-0.506325,0.126124,0.50857,0.86087,0.016128,-0.116743,0.0503848,0.991883
0.890361,0.378734,0.252621,-0.433812,0.874112,0.218485,-0.138071,-0.304121,0.942575
0.917304,-0.341447,-0.20486,0.229094,0.873358,-0.429838,0.325683,0.34736,0.879359
0.745309,0.649935,0.148654,-0.66578,0.73735,0.114245,-0.0353585,-0.184119,0.982268
0.829748,0.552187,-0.0812892,-0.507298,0.806857,0.302707,0.23274,-0.209933,0.949611
0.947969,-0.149824,-0.280905,-0.0750561,0.752294,-0.654538,0.309389,0.641566,0.701906
0.946124,-0.317922,-0.0614382,0.268263,0.663341,0.69858,-0.181339,-0.677425,0.71289
0.805808,-0.591119,0.0353807,0.591271,0.806441,0.00713129,-0.0327479,0.0151731,0.999348
0.894418,0.199021,-0.400508,-0.33402,0.892774,-0.302298,0.2974,0.404159,0.864991
0.712912,0.0855988,0.69601,-0.163048,0.985555,0.0457988,-0.682036,-0.146133,0.71657
0.896665,-0.434028,0.0872457,0.436209,0.89982,-0.0067232,-0.0755874,0.0440858,0.996164
0.894638,-0.444478,0.0454057,0.4316,0.833471,-0.345034,0.115515,0.328277,0.937491
0.852611,-0.166755,-0.495224,-0.0655921,0.906065,-0.418024,0.518413,0.388895,0.761583
0.944157,-0.328249,0.028625,0.317371,0.929327,0.188749,-0.0885588,-0.169124,0.981608
0.838849,0.519561,-0.162448,-0.540071,0.831718,-0.128719,0.0682334,0.195709,0.978285
0.826657,0.472807,0.30511,-0.420521,0.879364,-0.22334,-0.373899,0.0563209,0.925758
0.772488,0.59887,-0.211227,-0.634197,0.710524,-0.304878,-0.0325008,0.369474,0.928672
0.951056,0.298142,0.0812702,-0.303656,0.852857,0.424768,0.0573292,-0.428656,0.901647
0.69904,-0.204583,-0.685193,0.097132,0.976486,-0.192461,0.708455,0.0679837,0.702474
0.887071,0.412229,-0.207781,-0.450567,0.675179,-0.584057,-0.100476,0.611719,0.784668
0.73346,-0.655964,0.178179,0.411286,0.636978,0.651999,-0.541184,-0.404933,0.736987
0.96348,-0.261815,-0.0561975,0.266757,0.956747,0.116083,0.0233745,-0.126834,0.991648
0.744463,-0.0146566,-0.667503,0.324017,0.882068,0.342007,0.58377,-0.470894,0.661416
0.789586,0.61067,-0.0602908,-0.389481,0.574655,0.719775,0.474192,-0.544842,0.691584
0.782885,0.560382,-0.270302,-0.259467,0.68894,0.676785,0.56548,-0.459711,0.684761
0.910956,-0.337218,-0.237576,0.333391,0.941041,-0.057379,0.242918,-0.0269358,0.969673
0.985552,-0.097665,-0.138378,0.0111265,0.852574,-0.522488,0.169006,0.513399,0.841343
0.721976,0.225621,0.6541,-0.497922,0.825826,0.264737,-0.480442,-0.516824,0.708568
0.990139,-0.0906824,0.106779,0.113789,0.965207,-0.235431,-0.0817148,0.245259,0.966008
0.979966,-0.186618,-0.0695785,0.192815,0.801404,0.566193,-0.0499015,-0.568265,0.821331
0.862366,0.376669,-0.338299,-0.505834,0.612788,-0.607143,-0.0213864,0.694702,0.718979
0.860944,0.508393,-0.0176669,-0.507999,0.857414,-0.0823343,-0.0267104,0.0798599,0.996448
0.789044,-0.130413,0.600334,-0.291241,0.781009,0.552452,-0.540913,-0.610751,0.578269
0.812386,0.186552,-0.552474,-0.508345,0.690744,-0.514255,0.285683,0.69862,0.655984
0.628945,-0.572873,0.52559,0.440423,0.819644,0.366349,-0.640668,0.00106835,0.767817
0.757867,0.585656,0.287481,-0.531696,0.809798,-0.248045,-0.37807,0.0351333,0.92511
0.694357,0.66469,0.275781,-0.406163,0.678331,-0.61229,-0.594054,0.313136,0.740976
0.997863,0.0234866,0.0609766,-0.0555387,0.796501,0.602081,-0.034427,-0.604181,0.796103
0.817437,-0.375791,0.436552,-0.0145017,0.744212,0.667786,-0.575835,-0.552203,0.602897
0.808113,0.561589,0.177684,-0.569739,0.668672,0.477782,0.149505,-0.487336,0.860321
0.995893,-0.0248743,-0.0870548,-0.00265194,0.953093,-0.302666,0.0904999,0.301654,0.949113
0.743907,0.515629,0.425123,-0.414218,0.854972,-0.312165,-0.524429,0.0561284,0.849602
0.938068,0.332336,-0.0978866,-0.312118,0.933301,0.177573,0.150372,-0.136023,0.979227
0.753836,-0.528888,-0.389883,0.113293,0.689109,-0.715746,0.647222,0.495385,0.579395
0.765302,0.212809,-0.607475,-0.346409,0.931606,-0.110051,0.542507,0.294657,0.786679
0.899389,0.383606,0.209635,-0.257451,0.852364,-0.455187,-0.353298,0.35542,0.865366
0.848881,-0.428512,0.30948,0.315319,0.880425,0.354156,-0.424234,-0.203052,0.882494
0.829521,-0.207581,0.518464,0.504273,0.677369,-0.535612,-0.240008,0.705749,0.666569
0.788225,0.592903,0.164823,-0.562844,0.586294,0.582638,0.248813,-0.552019,0.795843
0.92597,-0.293383,-0.23771,0.256496,0.950713,-0.174227,0.277109,0.100357,0.955583
0.622007,0.300684,-0.722977,-0.563503,0.812987,-0.146686,0.543665,0.49864,0.67512
0.953003,-0.302765,-0.0108792,0.294502,0.934223,-0.201239,0.0710918,0.188578,0.979482
0.952694,-0.297964,0.0599338,0.303632,0.924307,-0.231226,0.0134996,0.238485,0.971052
0.930481,-0.266283,0.251591,0.239405,0.961825,0.132581,-0.277291,-0.0631317,0.95871
0.709031,-0.353843,-0.609976,0.632997,0.700586,0.329385,0.31079,-0.619657,0.720718
0.793872,0.436801,0.423052,-0.499802,0.86498,0.0448036,-0.346361,-0.24701,0.904997
0.860365,0.436608,-0.262953,-0.509412,0.753283,-0.416009,0.0164451,0.491872,0.870512
0.709172,0.692165,-0.134101,-0.664255,0.719705,0.201966,0.236307,-0.0541513,0.970168
0.893909,0.19086,0.405585,-0.0217121,0.922196,-0.386114,-0.447722,0.336345,0.828503
0.708794,-0.367156,0.602335,0.497358,0.86563,-0.0576143,-0.500246,0.340413,0.796161
0.91903,-0.306866,0.247422,0.0865925,0.769506,0.632742,-0.384559,-0.560084,0.733771
0.998235,-0.00263092,0.0593331,0.00693486,0.997348,-0.0724499,-0.0589851,0.0727334,0.995606
0.75417,-0.499865,-0.425866,0.54693,0.837062,-0.0139481,0.363449,-0.2224,0.904679
0.819886,-0.57232,0.0153587,0.569965,0.818459,0.0725516,-0.0540932,-0.0507302,0.997246
0.732753,0.0723201,0.676641,0.378986,0.782487,-0.494048,-0.565192,0.618453,0.545962
0.70424,-0.521725,-0.481507,0.435025,0.853088,-0.288086,0.56107,-0.00658657,0.827742
0.847192,0.319534,-0.424458,-0.140322,0.905129,0.401311,0.512422,-0.280427,0.811655
0.864474,0.083309,-0.495727,0.206329,0.840462,0.501051,0.458381,-0.535428,0.709368
0.628233,-0.298142,0.718634,0.55163,0.822052,-0.14119,-0.54866,0.48512,0.680904
0.771433,0.517655,0.370034,-0.375906,0.839955,-0.391371,-0.513407,0.162818,0.842558
0.907018,-0.40866,0.101568,0.419276,0.85406,-0.30788,0.039073,0.321837,0.945988
0.70276,-0.646408,0.297128,0.324307,0.66281,0.674913,-0.633209,-0.377941,0.675431
0.85765,-0.48078,0.182449,0.305513,0.761784,0.571268,-0.413641,-0.434207,0.800228
0.75556,-0.195492,0.625229,-0.106347,0.905167,0.411537,-0.646389,-0.377432,0.663119
0.839765,0.0703447,-0.538373,0.0717443,0.9685,0.238454,0.538189,-0.238871,0.808266
0.915908,0.12926,0.380005,-0.155295,0.987116,0.0385298,-0.370128,-0.0943027,0.924182
0.749168,0.252897,-0.612201,-0.557947,0.739058,-0.377476,0.35699,0.624369,0.694782
0.756251,0.100848,-0.646463,0.338847,0.784855,0.518831,0.559703,-0.611419,0.559375
0.990524,0.136961,-0.0101511,-0.117541,0.807202,-0.578454,-0.0710317,0.574166,0.815652
0.730625,0.681777,0.0369771,-0.673535,0.728557,-0.124722,-0.111973,0.0662199,0.991502
0.771123,-0.34177,0.53718,0.616973,0.609439,-0.497923,-0.157204,0.715386,0.680816
0.963939,-0.252688,-0.0834939,0.160061,0.801139,-0.576677,0.21261,0.542517,0.812694
0.858995,0.122273,0.497168,0.202896,0.810259,-0.549831,-0.470064,0.573176,0.6712
0.920176,-0.167312,-0.353953,0.226862,0.964696,0.13377,0.319076,-0.20339,0.925647
0.976454,-0.148786,0.156207,0.0526771,0.866627,0.496168,-0.209196,-0.476256,0.854059
0.859415,-0.511004,0.016766,0.381085,0.662088,0.645301,-0.340852,-0.548192,0.763745
0.912297,0.101795,-0.396675,0.0806699,0.904968,0.417762,0.401505,-0.413123,0.817388
0.902331,-0.407738,0.139818,0.378219,0.904529,0.19692,-0.206761,-0.124805,0.970399
0.754653,-0.484754,-0.442168,0.649852,0.645178,0.401793,0.0905063,-0.590558,0.801904
0.854962,0.456078,-0.247049,-0.304817,0.827152,0.472129,0.419675,-0.328348,0.846204
0.723411,-0.607293,0.328439,0.676953,0.717396,-0.164554,-0.135688,0.341377,0.930081
0.602164,0.397032,-0.69265,-0.507904,0.859882,0.0513377,0.61598,0.320886,0.719445
0.987137,-0.129499,0.0937587,0.0709138,0.88025,0.469182,-0.14329,-0.456498,0.87811
0.948824,-0.0920737,-0.302087,0.147796,0.9748,0.1671,0.279088,-0.203195,0.938521
0.851799,-0.519209,-0.0697199,0.523607,0.839589,0.14466,-0.0165727,-0.159727,0.987022
0.892148,-0.443134,-0.0877728,0.391094,0.66041,0.641018,-0.226091,-0.606211,0.76249
0.762617,-0.635228,0.122071,0.642472,0.765765,-0.0288754,-0.0751355,0.100448,0.992101
0.979813,0.0312565,-0.197455,-0.102142,0.927322,-0.360056,0.171851,0.372956,0.911796
0.93554,-0.286858,-0.2061,0.351175,0.818078,0.455438,0.0379599,-0.498458,0.866082
0.742302,-0.254917,0.619682,-0.233107,0.768799,0.595491,-0.628212,-0.586486,0.511258
0.972442,-0.218399,-0.0815958,0.144401,0.838977,-0.524657,0.183042,0.498416,0.847394
0.969994,-0.0863984,0.227259,0.20433,0.796257,-0.569407,-0.131761,0.598758,0.790018
0.715485,0.24233,-0.655253,-0.275658,0.959741,0.053941,0.641945,0.142032,0.753481
0.980914,-0.0443942,0.189305,0.161874,0.725826,-0.668561,-0.107722,0.686445,0.719159
0.845404,-0.012972,0.53397,-0.0533449,0.992656,0.108573,-0.531457,-0.120273,0.838503
0.747024,-0.128714,-0.652218,0.00687887,0.982522,-0.18602,0.664762,0.134475,0.734853
0.684846,-0.405432,0.605484,0.579056,0.807216,-0.114442,-0.442358,0.428984,0.787586
0.896323,0.299605,-0.326868,-0.400994,0.862327,-0.309185,0.189233,0.408202,0.893063
0.960521,-0.278134,-0.00634531,0.25766,0.897958,-0.356768,0.104927,0.341048,0.934172
0.851107,-0.0517127,-0.52244,0.392682,0.723206,0.568132,0.348452,-0.688694,0.635832
0.855947,-0.496982,-0.142697,0.515311,0.842615,0.156376,0.042523,-0.207383,0.977335
0.744671,0.0571301,0.664982,0.30576,0.856431,-0.415978,-0.593276,0.513091,0.620291
0.903004,0.0607198,-0.42532,0.166943,0.862579,0.477584,0.395871,-0.502265,0.768776
0.98197,-0.160284,0.100219,0.104996,0.903314,0.415933,-0.157197,-0.397911,0.903856
0.587338,0.524753,0.616172,-0.587418,0.800115,-0.121475,-0.556753,-0.290604,0.778187
0.994296,-0.0537013,0.0921462,0.069703,0.981132,-0.180336,-0.0807233,0.18573,0.979279
0.673612,0.318957,0.666719,-0.466955,0.8829,0.0494052,-0.572888,-0.344607,0.74367
0.854229,-0.428318,0.29468,0.347158,0.891855,0.289958,-0.387006,-0.14539,0.910543
0.883088,0.162455,-0.440187,0.139136,0.805287,0.576328,0.448104,-0.570194,0.688536
0.843907,-0.503414,0.185457,0.368414,0.795084,0.481781,-0.38999,-0.338254,0.856442
0.664732,-0.512768,0.543324,0.691335,0.697863,-0.187201,-0.283175,0.500057,0.818385
0.540065,-0.464893,-0.701573,0.688487,0.723483,0.0505802,0.484061,-0.51034,0.7108
0.549334,0.487301,0.6788,-0.604393,0.792667,-0.0799264,-0.57701,-0.366356,0.729961
0.867157,0.428774,-0.25336,-0.374334,0.896682,0.236296,0.328501,-0.110065,0.938069
0.915708,0.28597,-0.282311,-0.113272,0.857742,0.501446,0.385548,-0.4272,0.817834
0.821655,0.567352,-0.0547241,-0.569895,0.819435,-0.0612052,0.0101179,0.0814766,0.996624
0.662692,0.66454,-0.34529,-0.543816,0.744014,0.38821,0.514882,-0.0694898,0.85444
0.862267,0.426313,-0.27341,-0.501404,0.794637,-0.342267,0.071349,0.432214,0.898944
0.652512,-0.505039,-0.564946,0.613719,0.789519,0.00304619,0.444497,-0.348705,0.825123
0.941332,0.316641,0.116762,-0.302312,0.944938,-0.125299,-0.150007,0.08265,0.985224
0.588867,-0.607206,0.53342,0.577471,0.777849,0.247949,-0.565476,0.162025,0.808693
0.573244,-0.532707,-0.622587,0.721798,0.68792,0.0759845,0.387812,-0.49294,0.778853
0.822491,0.127984,0.554192,0.180726,0.865054,-0.467995,-0.539302,0.485078,0.688369
0.776116,0.352109,-0.523128,-0.00199165,0.830949,0.556344,0.630587,-0.430746,0.645615
0.885196,0.410345,-0.219191,-0.465002,0.794794,-0.389969,0.0141899,0.447124,0.89436
0.793222,-0.360867,-0.490483,0.356703,0.928181,-0.106029,0.49352,-0.0908518,0.864976
0.723034,0.098717,-0.683723,-0.108966,0.993644,0.0282332,0.682164,0.0540887,0.729196
0.967436,0.252868,-0.0112438,-0.246197,0.950371,0.190216,0.0587853,-0.181254,0.981678
0.790489,-0.602264,-0.111379,0.610139,0.790213,0.0573893,0.0534498,-0.113322,0.992119
0.834455,-0.549496,0.041702,0.466813,0.745052,0.476427,-0.292865,-0.37809,0.878224
0.951238,-0.30715,-0.0283719,0.285005,0.910366,-0.300009,0.117977,0.277294,0.953514
0.732186,0.237503,-0.638354,-0.475051,0.849708,-0.228741,0.488088,0.470732,0.734971
0.952759,-0.295034,-0.0721444,0.239864,0.876608,-0.417161,0.186319,0.380149,0.905965
0.799406,-0.600539,0.0173734,0.417336,0.575873,0.702994,-0.43218,-0.554728,0.710983
0.791413,-0.605938,0.0806509,0.407738,0.621572,0.668878,-0.455429,-0.496474,0.738984
0.894488,0.435019,-0.103199,-0.428378,0.899986,0.08073,0.127997,-0.0280036,0.991379
0.972461,-0.0321706,-0.230835,0.0939676,0.96048,0.262008,0.213284,-0.276483,0.937052
0.909008,-0.271212,0.316464,0.156734,0.926018,0.343403,-0.386186,-0.262555,0.884265
0.987764,-0.0902706,-0.127178,0.129853,0.927675,0.35008,0.086378,-0.362311,0.928046
0.734104,0.303558,0.607408,-0.00998657,0.899243,-0.437335,-0.678964,0.314984,0.663169
0.576221,0.625318,-0.526257,-0.458612,0.780362,0.425101,0.676494,-0.00360415,0.736439
0.772528,0.495512,-0.397074,-0.526299,0.849529,0.0361923,0.355259,0.18102,0.917073
0.551744,0.504105,-0.664422,-0.678872,0.734226,-0.00667739,0.48447,0.454742,0.747328
0.770573,-0.106113,-0.628457,0.285698,0.938937,0.191768,0.569732,-0.32732,0.753835
0.803526,0.173613,0.569389,-0.0974883,0.981989,-0.161842,-0.587232,0.0745357,0.805979
0.609891,-0.709815,0.352415,0.428666,0.669508,0.606634,-0.666542,-0.218913,0.7126
0.82894,-0.52111,-0.203229,0.552273,0.704975,0.444977,-0.0886111,-0.481098,0.872177
0.843738,0.492139,0.214256,-0.290258,0.754108,-0.589128,-0.451505,0.43488,0.779117
0.807268,-0.577426,0.122052,0.560961,0.814978,0.145377,-0.183414,-0.0488917,0.981819
0.903051,-0.252839,0.347233,0.157628,0.947069,0.279668,-0.399564,-0.197821,0.895106
0.567507,0.516205,-0.641457,-0.57955,0.803823,0.134131,0.584857,0.295636,0.755342
0.776607,-0.627621,0.0545304,0.468292,0.633015,0.616437,-0.421407,-0.453193,0.785514
0.680315,-0.684246,0.262639,0.659212,0.727879,0.188764,-0.320331,0.0447155,0.94625
0.953494,-0.197577,-0.227622,0.185346,0.979873,-0.0741336,0.237688,0.0284973,0.970924
0.914758,0.0619043,0.399231,-0.0498294,0.997934,-0.0405643,-0.400918,0.0172131,0.915952
0.976434,-0.0376357,0.212511,0.0284258,0.998526,0.0462295,-0.213937,-0.0390993,0.976065
0.808795,-0.494362,0.318522,0.55857,0.815208,-0.153086,-0.183982,0.301732,0.935472
0.80968,-0.579301,-0.0939652,0.525123,0.78663,-0.324745,0.262041,0.213596,0.941122
0.87325,-0.0240951,0.486676,-0.0966394,0.970373,0.221444,-0.477593,-0.240408,0.84505
0.747679,0.487281,-0.451148,-0.363029,0.868801,0.336742,0.556045,-0.0879948,0.826481
0.610906,0.735404,0.293213,-0.515855,0.650693,-0.557218,-0.600573,0.189153,0.776874
0.819571,0.317854,0.47673,-0.379606,0.924438,0.0362419,-0.429188,-0.210672,0.878302
0.940719,0.33809,-0.0272451,-0.338665,0.94069,-0.0202278,0.0187904,0.0282556,0.999424
0.699924,-0.548416,0.457544,0.644642,0.760881,-0.0741379,-0.307478,0.346843,0.886091
0.771827,-0.608935,-0.18298,0.60152,0.606027,0.520486,-0.206051,-0.511791,0.834034
0.865624,0.48541,-0.122768,-0.275857,0.666982,0.692125,0.417848,-0.565254,0.71126
0.9608,0.181297,0.209749,0.0153795,0.720535,-0.693247,-0.276815,0.669298,0.689502
0.624779,-0.539775,-0.564175,0.584257,0.802528,-0.120801,0.517972,-0.254149,0.81677
0.682936,-0.709594,-0.17342,0.483314,0.616952,-0.62111,0.547728,0.340362,0.764295
0.886706,-0.388074,-0.251298,0.459587,0.680696,0.570467,-0.0503257,-0.62133,0.781931
0.913589,0.389394,0.117168,-0.242391,0.75283,-0.61196,-0.326501,0.530679,0.782162
0.790444,-0.180159,-0.585441,0.505417,0.731793,0.457201,0.346052,-0.657284,0.669497
0.888186,-0.459401,-0.00868534,0.426489,0.817228,0.387616,-0.170973,-0.347979,0.92178
0.741319,-0.351674,0.571639,0.405984,0.913198,0.03531,-0.534437,0.2059,0.819745
0.981793,0.0290487,0.187717,-0.013067,0.996225,-0.0858205,-0.189501,0.0818051,0.978467
0.977941,-0.0140792,0.208405,0.0956348,0.917189,-0.386804,-0.185701,0.398203,0.898304
0.827407,-0.523365,-0.203682,0.537687,0.842947,0.0182503,0.162142,-0.124618,0.978867
0.950079,0.141989,0.277831,-0.093895,0.979287,-0.17939,-0.297547,0.144348,0.943732
0.737302,0.664334,0.122664,-0.674368,0.712963,0.192124,0.0401795,-0.224374,0.973675
0.747662,0.659109,-0.0810995,-0.663506,0.746499,-0.0499924,0.0275902,0.0911874,0.995451
0.708751,0.0230437,-0.705082,-0.0957245,0.993364,-0.0637573,0.698934,0.112682,0.706254
0.631602,-0.528889,0.566882,0.430925,0.847319,0.310408,-0.644502,0.0482293,0.76308
0.776793,0.591067,0.21733,-0.552536,0.805251,-0.215116,-0.302153,0.0470181,0.952099
0.644292,-0.478662,0.596465,0.685398,0.7074,-0.172669,-0.339289,0.520065,0.783846
0.979847,0.123891,-0.156689,-0.137999,0.986983,-0.0825827,0.144418,0.102541,0.984189
0.519226,-0.620178,0.588034,0.558407,0.767057,0.315921,-0.646983,0.164328,0.744587
0.833864,-0.543872,0.0942031,0.515537,0.828375,0.219126,-0.197212,-0.134156,0.971138
0.746291,0.0999829,0.658068,0.241837,0.880362,-0.408016,-0.620133,0.463644,0.632827
0.718525,0.612455,0.329575,-0.568129,0.790196,-0.229825,-0.401186,-0.0221055,0.91573
0.943214,0.147612,-0.297586,-0.123565,0.987469,0.0981694,0.308348,-0.0558237,0.949634
0.804269,0.114374,0.583155,-0.13058,0.991334,-0.0143373,-0.579742,-0.0646175,0.812234
0.788601,-0.490436,-0.37092,0.17985,0.7608,-0.623568,0.588016,0.425037,0.688172
0.775184,0.388928,0.49782,-0.394883,0.913412,-0.0987186,-0.493109,-0.120055,0.861644
0.8882,0.452305,0.0807585,-0.337674,0.761806,-0.552836,-0.311573,0.463759,0.829367
0.850467,0.492878,-0.183787,-0.405642,0.83694,0.367405,0.334905,-0.237914,0.911721
0.89008,0.417693,0.182455,-0.452598,0.762528,0.462282,0.0539651,-0.494047,0.867759
0.967945,-0.195254,-0.157979,0.215412,0.968819,0.122427,0.129149,-0.152533,0.979824
0.765758,0.420914,-0.486258,-0.500241,0.865007,-0.0390121,0.404195,0.27312,0.872944
0.983452,-0.0578723,0.171677,-0.0110824,0.926615,0.375847,-0.18083,-0.37153,0.91064
0.961141,-0.216698,0.171024,0.102774,0.855878,0.506863,-0.256212,-0.469591,0.844891
0.768185,-0.391545,-0.506541,0.574853,0.770128,0.276491,0.281843,-0.503583,0.816681
0.69953,-0.460257,0.546645,0.499193,0.862106,0.0870577,-0.511335,0.211982,0.832827
0.941064,0.196595,0.275225,-0.245762,0.956519,0.157072,-0.232378,-0.215455,0.948462
0.68848,0.621018,0.374609,-0.68015,0.732176,0.0362394,-0.251775,-0.279741,0.926474
0.662694,0.652294,0.367899,-0.548453,0.757236,-0.354674,-0.509937,0.0332653,0.859568
0.860154,0.367209,-0.353968,-0.304794,0.926534,0.220535,0.408945,-0.0818065,0.908885
0.841851,-0.5345,0.0748028,0.538074,0.841981,-0.039294,-0.0419799,0.0733292,0.996424
0.882106,-0.295557,0.366791,-0.00529554,0.772392,0.635124,-0.471022,-0.562189,0.679766
0.94509,0.260428,0.197441,-0.302789,0.925103,0.229135,-0.12298,-0.276336,0.95316
0.70863,0.313634,-0.632042,-0.59493,0.747193,-0.296246,0.379344,0.585949,0.716073
0.932537,0.20267,0.298831,-0.316406,0.85741,0.405876,-0.173962,-0.473047,0.863692
0.901878,-0.278035,-0.330625,0.0637362,0.842617,-0.534728,0.427263,0.461187,0.777658
0.959831,-0.228157,0.163306,0.142409,0.897637,0.417093,-0.241752,-0.377083,0.894072
0.874517,0.482065,0.0532293,-0.437559,0.831556,-0.342136,-0.209195,0.275913,0.938141
0.951481,0.0180225,-0.30718,-0.0176764,0.999836,0.00390935,0.3072,0.00171015,0.951644
0.968033,-0.192378,-0.160944,0.134678,0.939983,-0.31352,0.211599,0.281822,0.935843
0.758399,0.114419,-0.641669,-0.33935,0.909831,-0.238848,0.556482,0.398892,0.728843
0.871165,-0.443203,0.211286,0.474664,0.870275,-0.131585,-0.125558,0.214922,0.968527
0.951256,0.308244,0.00991685,-0.279685,0.848678,0.448911,0.129958,-0.429803,0.893521
0.727311,0.680389,-0.0899414,-0.618559,0.593086,-0.515397,-0.297327,0.430488,0.852219
0.889144,-0.121466,-0.441213,0.0270653,0.976401,-0.214262,0.456827,0.178568,0.871449
0.991255,0.11225,-0.0693764,-0.0425713,0.769657,0.637037,0.124904,-0.628513,0.767705
0.764823,0.257871,0.59038,-0.536283,0.762643,0.361629,-0.356996,-0.593193,0.721579
0.811623,0.522203,0.261863,-0.322273,0.774116,-0.544871,-0.487245,0.357839,0.796582
0.766654,-0.60771,0.207196,0.441286,0.733133,0.517477,-0.466378,-0.305293,0.830233
0.819588,-0.569298,-0.0646156,0.491782,0.756852,-0.430494,0.293984,0.321051,0.900277
0.791456,-0.59902,0.121544,0.570314,0.652202,-0.499374,0.219864,0.464551,0.857819
0.897537,-0.422626,0.125754,0.299089,0.793073,0.530643,-0.323996,-0.43866,0.838215
0.773584,-0.05821,0.631014,-0.267278,0.872894,0.408189,-0.574569,-0.484425,0.659699
0.531548,0.553938,0.640789,-0.617688,0.771149,-0.154243,-0.579584,-0.31382,0.752063
0.976218,-0.124022,0.177812,0.142173,0.985443,-0.0932176,-0.163662,0.116281,0.979639
0.832185,0.525897,0.175784,-0.553246,0.766188,0.326916,0.0372404,-0.369307,0.928561
0.631263,0.486281,-0.604184,-0.551975,0.828939,0.0904627,0.544822,0.276389,0.791694
0.761916,-0.464207,0.45166,0.623688,0.713891,-0.318391,-0.174636,0.524282,0.833445
0.607384,-0.531115,0.590763,0.598992,0.794664,0.0985847,-0.521818,0.293983,0.8008
0.838167,0.019264,0.545073,0.0991004,0.977362,-0.18693,-0.536335,0.210696,0.817284
0.841976,0.321946,-0.432928,-0.520643,0.695239,-0.495554,0.141447,0.642645,0.752994
0.998204,0.0155988,-0.0578448,0.0148515,0.870948,0.491151,0.0580412,-0.491128,0.869152
0.987228,-0.00111973,-0.159312,0.0330609,0.979647,0.197987,0.155848,-0.200726,0.967171
0.785901,0.565335,0.250512,-0.611137,0.771843,0.175412,-0.0941896,-0.290954,0.952089
0.745593,-0.554013,0.370352,0.254476,0.750332,0.610117,-0.6159,-0.360654,0.700426
0.964692,0.202077,-0.168919,-0.122365,0.911806,0.391965,0.233229,-0.357455,0.90434
0.841621,-0.276928,0.463664,0.186369,0.954713,0.231924,-0.506892,-0.10878,0.855118
0.905275,-0.315217,-0.284807,0.36291,0.922323,0.13273,0.220845,-0.223516,0.949351
0.724575,-0.347042,-0.595444,0.597332,0.747184,0.291393,0.343781,-0.566814,0.74869
0.91418,0.145743,-0.378198,0.0958075,0.828963,0.551037,0.393821,-0.539981,0.743858
0.744682,0.0666085,-0.664087,0.2447,0.898471,0.364515,0.620943,-0.43395,0.652776
0.879889,-0.24435,0.407539,0.223064,0.969682,0.0997949,-0.419568,0.00309864,0.907719
0.890792,-0.338822,0.302804,0.276461,0.932944,0.230618,-0.360638,-0.121719,0.92473
0.744025,0.594104,0.305724,-0.648467,0.531831,0.544652,0.160986,-0.603486,0.780953
0.855004,-0.139701,0.499451,0.426434,0.737469,-0.52373,-0.295164,0.660774,0.690113
0.811511,-0.51365,-0.278593,0.509361,0.855456,-0.093518,0.28636,-0.0660136,0.955845
0.618793,0.675954,0.400227,-0.457774,0.724321,-0.515559,-0.638387,0.13581,0.757639
0.677472,-0.537073,-0.502578,0.572542,0.813988,-0.0980748,0.461766,-0.221304,0.858951
0.950661,0.278132,-0.137426,-0.238281,0.938295,0.250647,0.198659,-0.205534,0.958275
0.636128,0.284316,0.717291,-0.636178,0.719299,0.279082,-0.436599,-0.633856,0.638442
0.966209,0.11013,-0.23305,-0.082677,0.988771,0.124482,0.244142,-0.101008,0.964465
0.989425,-0.0548589,-0.134271,0.0478135,0.997333,-0.0551475,0.136939,0.0481443,0.989409
0.966443,0.19545,0.166693,-0.256469,0.770853,0.583104,-0.0145279,-0.606288,0.795112
0.960903,0.247907,0.123318,-0.238694,0.967384,-0.0848145,-0.140322,0.0520632,0.988736
0.801207,-0.405332,-0.440197,0.137144,0.840442,-0.52426,0.582459,0.35967,0.728957
0.737866,-0.596725,0.315394,0.31456,0.717464,0.621529,-0.597165,-0.359395,0.717098
0.807852,0.0300104,0.588621,0.0132484,0.997526,-0.0690408,-0.589236,0.0635731,0.805456
0.761636,0.563676,0.319656,-0.63218,0.754692,0.175465,-0.142336,-0.335721,0.931146
0.698194,0.218417,-0.681776,-0.464384,0.862963,-0.199105,0.544859,0.45562,0.703945
0.984602,-0.103599,0.140805,0.00571298,0.824111,0.5664,-0.174717,-0.556874,0.812013
0.856201,-0.441031,-0.269093,0.125372,0.682645,-0.719915,0.5012,0.582655,0.639774
0.767371,0.111582,0.631421,-0.0924755,0.993706,-0.0632172,-0.6345,-0.00987992,0.772859
0.791646,-0.102477,0.602325,0.332121,0.899639,-0.283452,-0.512828,0.424438,0.74623
0.766201,0.63812,0.0757604,-0.519511,0.684505,-0.511431,-0.378213,0.352501,0.855978
0.80342,-0.108253,0.58549,0.237612,0.959931,-0.148572,-0.545946,0.258485,0.796949
0.700192,-0.671696,-0.241982,0.574109,0.731197,-0.368442,0.424418,0.119056,0.897605
0.564749,0.614416,-0.550955,-0.572294,0.772582,0.274949,0.594591,0.16003,0.787942
0.8991,0.426596,0.0981577,-0.437595,0.881753,0.17613,-0.0114146,-0.201312,0.979461
0.773741,-0.109599,0.623949,-0.262954,0.840503,0.473719,-0.57635,-0.530606,0.621512
0.863063,0.235222,-0.446982,-0.132712,0.959456,0.248659,0.487349,-0.155288,0.859288
0.943824,0.0989655,0.31528,-0.191012,0.941945,0.276141,-0.269648,-0.320851,0.907934
0.775087,0.611182,0.160303,-0.598918,0.629803,0.494616,0.201341,-0.479379,0.8542
0.79315,-0.602545,0.0886139,0.367678,0.589735,0.719045,-0.485515,-0.53773,0.689291
0.940872,-0.328615,0.0822895,0.315848,0.938778,0.137608,-0.122472,-0.103481,0.987063
0.748437,-0.104789,0.654875,0.225038,0.968982,-0.102139,-0.623859,0.223816,0.748803
0.77021,0.405533,0.492261,-0.492453,0.868603,0.0549418,-0.405298,-0.284732,0.868712
0.873402,0.226762,0.430986,-0.404308,0.830972,0.382126,-0.271486,-0.508,0.817454
0.747188,-0.654143,0.117506,0.413833,0.596267,0.687901,-0.52005,-0.465364,0.716229
0.945959,0.0572458,0.319194,-0.201864,0.874287,0.441443,-0.253797,-0.482021,0.838596
0.918288,0.219757,0.329322,-0.382783,0.705242,0.59675,-0.101112,-0.674048,0.731735
0.733158,-0.671125,-0.109863,0.630289,0.609912,0.480357,-0.255373,-0.421423,0.870165
0.596486,-0.525796,-0.606419,0.473147,0.840656,-0.263495,0.648334,-0.129754,0.750218
0.841045,0.19744,0.503647,-0.0471955,0.954247,-0.295272,-0.538902,0.224567,0.811883
0.622193,-0.494764,-0.606699,0.501469,0.846992,-0.176447,0.601169,-0.194457,0.775102
0.9966,0.0361641,0.0740279,0.0182591,0.779224,-0.626479,-0.0803404,0.625701,0.775915
0.850744,0.431236,0.30045,-0.46302,0.885435,0.0402052,-0.248691,-0.173319,0.95295
0.919219,0.144114,-0.366425,-0.246165,0.936658,-0.249149,0.307309,0.319224,0.896469
0.963782,0.239071,-0.11819,-0.229415,0.969189,0.0896802,0.135989,-0.0593176,0.988933
0.841495,0.477016,-0.253659,-0.203357,0.714637,0.669283,0.500533,-0.511615,0.698368
0.767295,0.555512,-0.320414,-0.595981,0.802171,-0.036446,0.23678,0.218925,0.946576
0.975733,-0.211824,0.0554608,0.18071,0.922041,0.342321,-0.123649,-0.323991,0.937945
0.732442,-0.680824,0.00274202,0.667847,0.719253,0.191455,-0.132319,-0.138398,0.981498
0.678263,0.564773,0.470096,-0.500219,0.823502,-0.26763,-0.538276,-0.0536275,0.841061
0.899388,-0.0753404,0.43061,0.305598,0.812716,-0.496088,-0.312588,0.577769,0.75397
0.807923,-0.500394,-0.311232,0.447354,0.864595,-0.228801,0.383581,0.0456229,0.92238
0.822991,-0.521318,0.225641,0.486798,0.851962,0.192843,-0.29277,-0.0488664,0.954933
0.698796,-0.620058,-0.356669,0.64795,0.75993,-0.0516331,0.303059,-0.195023,0.932803
0.898637,0.43817,-0.0214011,-0.315319,0.679062,0.662909,0.304999,-0.588966,0.748394
0.752232,0.628641,-0.197375,-0.651618,0.665353,-0.36428,-0.0976771,0.402636,0.910134
0.879155,0.0897525,-0.468008,0.0876434,0.934897,0.343929,0.468408,-0.343384,0.814053
0.702325,0.589178,-0.39951,-0.564382,0.802897,0.19191,0.433835,0.0906924,0.896416
0.796065,0.572214,0.197107,-0.576554,0.617995,0.534479,0.184025,-0.539123,0.821877
0.980929,0.138098,-0.136773,-0.192147,0.795022,-0.575343,0.0292839,0.590651,0.806395
0.721669,0.0141051,0.692095,0.442297,0.759703,-0.47668,-0.53251,0.650117,0.542016
0.911179,-0.267925,0.313001,0.0252999,0.79464,0.606553,-0.411234,-0.544759,0.730838
0.921529,0.388026,-0.0148436,-0.374025,0.897254,0.234608,0.104352,-0.210646,0.971977
0.747248,-0.596717,0.292488,0.647622,0.752587,-0.11916,-0.149018,0.278464,0.948816
0.663708,-0.353671,-0.659097,0.317004,0.931107,-0.18041,0.677496,-0.0891967,0.730098
0.607389,0.467191,-0.642504,-0.644722,0.762429,-0.0550923,0.464125,0.447699,0.764299
0.856133,-0.270644,-0.440213,0.415468,0.867062,0.274937,0.307282,-0.418277,0.854764
0.758003,0.256346,0.599765,0.180735,0.800976,-0.570765,-0.626711,0.54104,0.560812
0.623491,0.701643,0.344899,-0.509897,0.699339,-0.500929,-0.592675,0.136462,0.793798
0.846022,0.0761822,-0.527677,0.131651,0.929238,0.345232,0.516638,-0.361543,0.776126
0.812804,0.201225,0.546678,0.212774,0.771055,-0.600169,-0.542288,0.604138,0.583901
0.89088,0.311946,-0.330186,-0.425373,0.827919,-0.365523,0.159344,0.466089,0.87027
0.885656,0.422993,-0.191545,-0.232176,0.760646,0.606228,0.402128,-0.492438,0.771879
0.869432,-0.488464,0.0741086,0.464579,0.757278,-0.459018,0.168093,0.433514,0.885331
0.809149,-0.152143,0.567565,0.145732,0.987681,0.0569985,-0.569245,0.0365919,0.821353
0.864556,0.429729,0.26053,-0.499926,0.78823,0.358841,-0.0511535,-0.440484,0.896302
0.938007,0.346609,-0.00222056,-0.329732,0.894271,0.302584,0.106864,-0.283094,0.95312
0.77807,-0.36433,-0.511734,0.588427,0.707894,0.390692,0.219913,-0.605103,0.765172
0.934429,0.10462,0.340437,-0.162035,0.976105,0.144787,-0.317154,-0.190456,0.929053
0.999479,-0.018562,-0.0263933,0.0299506,0.838011,0.544831,0.0120047,-0.545338,0.83813
0.865751,-0.369863,-0.33716,0.45769,0.857658,0.234399,0.202472,-0.357246,0.911801
0.87634,0.477872,-0.0605502,-0.450884,0.769549,-0.452215,-0.169505,0.423595,0.889851
0.723778,-0.467488,-0.507543,0.195867,0.844468,-0.498508,0.66165,0.261398,0.702773
0.725113,-0.472666,-0.500797,0.463159,0.872921,-0.153271,0.509602,-0.12081,0.851887
0.806909,0.257466,-0.53161,0.0519619,0.865573,0.49808,0.588386,-0.429528,0.68506
0.99814,0.046322,0.039634,-0.0592597,0.889854,0.452381,-0.0143132,-0.453889,0.890944
0.832288,0.402565,0.3811,-0.0591919,0.748089,-0.660954,-0.551174,0.527546,0.646454
0.952293,-0.285753,-0.107165,0.188503,0.826897,-0.529819,0.240011,0.484342,0.841313
0.825865,0.547332,0.135556,-0.545938,0.716012,0.435061,0.141063,-0.433307,0.890138
0.716716,-0.6937,0.0713974,0.577685,0.647946,0.496433,-0.390637,-0.314556,0.865134
0.730834,-0.571209,-0.373633,0.546155,0.817713,-0.181825,0.409385,-0.0711775,0.909581
0.914804,0.237372,0.326785,-0.284955,0.952698,0.105677,-0.286243,-0.189793,0.939172
0.812616,-0.0189561,0.582491,-0.386193,0.731017,0.562556,-0.436475,-0.682096,0.586716
0.926164,0.0625552,-0.371895,-0.170259,0.949283,-0.264336,0.336498,0.308138,0.889843
0.97556,0.197538,0.0962341,-0.211769,0.962075,0.171945,-0.0586189,-0.188122,0.980395
0.71672,0.214122,0.663674,-0.273068,0.961871,-0.0154359,-0.641674,-0.170165,0.747862
0.983786,-0.137756,0.11484,0.116516,0.97771,0.174665,-0.136341,-0.158453,0.977908
0.9306,0.258807,-0.25885,-0.124957,0.889302,0.439917,0.34405,-0.377042,0.859924
0.910676,0.255325,-0.324775,-0.379199,0.828591,-0.411879,0.163943,0.498243,0.851397
0.956396,0.197767,-0.21493,-0.277519,0.844717,-0.457643,0.0910482,0.497335,0.862768
0.912959,-0.385338,-0.134238,0.38404,0.922595,-0.0364876,0.137907,-0.0182411,0.990277
0.945056,-0.120863,0.303744,0.284723,0.760856,-0.583122,-0.160628,0.637566,0.753464
0.939703,0.336716,0.0598371,-0.323217,0.93159,-0.166343,-0.111754,0.136972,0.984251
0.834703,-0.473631,-0.28097,0.550518,0.730782,0.403594,0.0141727,-0.49156,0.870728
0.778124,-0.53083,0.335772,0.423472,0.838169,0.34372,-0.463891,-0.125267,0.876991
0.656281,0.654269,-0.375803,-0.565113,0.756251,0.329744,0.499942,-0.00403303,0.866049
0.670984,-0.374831,-0.639752,0.563555,0.818519,0.111497,0.481856,-0.435348,0.760451
0.999767,0.0187443,0.010691,-0.0172584,0.991971,-0.125282,-0.0129535,0.125069,0.992064
0.831824,0.408981,0.375237,-0.389404,0.911771,-0.130535,-0.395516,-0.0375369,0.917692
0.682988,-0.707656,0.180969,0.533422,0.652479,0.538268,-0.498987,-0.271098,0.823115
0.724868,-0.597936,0.34211,0.414858,0.775355,0.476148,-0.549962,-0.203217,0.810089
0.872903,0.430283,0.229992,-0.241396,0.790547,-0.562818,-0.42399,0.435766,0.79394
0.719845,0.551102,-0.42203,-0.435885,0.832057,0.343054,0.540211,-0.0629897,0.839169
0.971453,0.234122,-0.0382806,-0.145273,0.714661,0.684219,0.187548,-0.659126,0.728271
0.851939,-0.338333,0.399663,0.0570111,0.818632,0.571482,-0.520528,-0.464083,0.716713
0.956807,0.256491,-0.136868,-0.256074,0.96643,0.0209524,0.137648,0.015001,0.990368
0.88523,-0.0256857,0.464444,-0.149442,0.929836,0.336261,-0.440494,-0.367076,0.819281
0.984869,-0.17247,0.0169661,0.149929,0.897046,0.415729,-0.08692,-0.406895,0.90933
0.691417,0.578731,0.432451,-0.705921,0.668523,0.233993,-0.153684,-0.467063,0.870766
0.747781,0.518265,-0.415,-0.295659,0.819585,0.490781,0.594482,-0.244298,0.7661
0.757171,0.546525,0.357774,-0.650819,0.678057,0.341575,-0.0559117,-0.491477,0.869094
0.685567,-0.483514,0.544254,0.480429,0.862171,0.16078,-0.546979,0.151249,0.82337
0.975828,0.163521,0.144988,-0.193084,0.955853,0.221501,-0.102367,-0.244142,0.964321
0.84892,-0.404529,-0.340134,0.396843,0.912925,-0.0953057,0.349071,-0.0540728,0.935535
0.957052,-0.19915,0.210692,0.28281,0.801227,-0.527308,-0.063799,0.564246,0.823138
0.687596,-0.179981,0.703433,0.309218,0.949134,-0.0594095,-0.65696,0.258364,0.708274
0.864073,-0.495567,-0.0882733,0.482385,0.865327,-0.136068,0.143816,0.0749912,0.986759
0.966829,0.180228,0.180995,-0.056458,0.84187,-0.536719,-0.249106,0.508697,0.82412
0.939151,-0.33511,0.0754809,0.339782,0.873997,-0.347386,0.0504423,0.351894,0.93468
0.90991,-0.378608,-0.169468,0.411155,0.877281,0.247648,0.0549089,-0.295015,0.953914
0.811129,-0.0560791,-0.582172,0.427913,0.735452,0.525358,0.398698,-0.675252,0.620544
0.954457,0.0358881,-0.296182,0.0276385,0.977834,0.207549,0.297065,-0.206283,0.932309
0.722259,-0.524302,0.451053,0.689761,0.59388,-0.41417,-0.0507214,0.610257,0.790578
0.816923,-0.57155,-0.0772564,0.438959,0.703038,-0.559511,0.374102,0.423165,0.825215
0.624709,0.676617,-0.38978,-0.650726,0.727017,0.219092,0.431618,0.116771,0.894466
0.733768,0.1826,-0.654402,-0.190628,0.979848,0.0596626,0.652108,0.0809687,0.75379
0.936203,-0.121072,0.329949,-0.0734297,0.850694,0.520507,-0.343705,-0.511528,0.787532
0.959405,-0.0632985,0.274836,0.097042,0.989076,-0.110959,-0.26481,0.133125,0.955067
0.685292,0.439359,-0.580809,-0.66571,0.701303,-0.254959,0.295304,0.561372,0.773083
0.95335,-0.242155,-0.180234,0.287671,0.909747,0.299342,0.09148,-0.337226,0.936969
0.962203,-0.256974,-0.0901633,0.231783,0.946563,-0.224264,0.142975,0.194889,0.970348
0.631093,-0.613764,0.474357,0.585641,0.777994,0.227488,-0.508671,0.134236,0.850432
0.969589,-0.0754628,0.232815,-0.0248266,0.916042,0.400313,-0.243477,-0.393919,0.886311
0.960484,-0.0998465,-0.259811,0.160372,0.961447,0.223384,0.22749,-0.256223,0.939467
0.720186,-0.561905,-0.406934,0.479187,0.827033,-0.293931,0.501709,0.0166876,0.864875
0.765994,-0.588635,0.258384,0.633102,0.621041,-0.462049,0.111511,0.51751,0.84838
0.969592,0.075955,0.232643,0.102164,0.738196,-0.666805,-0.222383,0.670296,0.707989
0.74228,0.591034,0.315751,-0.634855,0.771067,0.0491317,-0.214427,-0.236926,0.947569
0.931124,0.135242,-0.338699,0.134665,0.735573,0.663926,0.338929,-0.663809,0.666698
0.861918,-0.506373,0.02617,0.484419,0.807105,-0.337519,0.149789,0.303591,0.940955
0.783479,0.607147,-0.13241,-0.545267,0.569477,-0.615126,-0.298068,0.554137,0.777231
0.805031,0.581244,-0.11866,-0.547581,0.80501,0.228285,0.228212,-0.118801,0.966336
0.884741,-0.458129,-0.0857357,0.283726,0.675332,-0.680754,0.369773,0.577966,0.727477
0.955188,-0.116395,-0.272154,-0.0245311,0.885151,-0.464658,0.294981,0.450512,0.84263
0.852668,0.274326,-0.444637,-0.0707739,0.903862,0.42193,0.517637,-0.328297,0.790109
0.889871,0.314241,0.330729,-0.0564421,0.79521,-0.603701,-0.452707,0.518549,0.725371
0.861128,-0.473316,-0.185554,0.310544,0.778703,-0.545146,0.402518,0.411818,0.817548
0.862052,0.506568,-0.0160009,-0.369548,0.649857,0.664169,0.346845,-0.566635,0.747411
0.971584,0.155102,0.178798,-0.22937,0.803434,0.549439,-0.0584337,-0.574837,0.816179
0.828939,0.474421,-0.296286,-0.522425,0.845933,-0.107093,0.199831,0.243561,0.949076
0.794261,0.255861,-0.551076,-0.0432837,0.92853,0.368726,0.606033,-0.269012,0.748569
0.737605,-0.516657,0.434748,0.648612,0.721132,-0.243455,-0.187728,0.461556,0.86702
0.73202,-0.6804,0.0346726,0.677877,0.732499,0.0626685,-0.0680373,-0.0223708,0.997432
0.742476,-0.63082,-0.225381,0.600702,0.775891,-0.192743,0.296457,0.00772062,0.955015
0.805554,-0.0379306,0.591307,0.20938,0.951787,-0.22419,-0.554295,0.304406,0.774658
0.785011,0.387771,0.483106,-0.527944,0.826765,0.194255,-0.324089,-0.407546,0.853741
0.737873,-0.382732,0.555932,0.510022,0.855663,-0.0878559,-0.442065,0.348364,0.826572
0.978073,0.026925,0.206514,-0.041061,0.997074,0.0644722,-0.204174,-0.0715382,0.976317
0.914865,-0.00639515,-0.40371,0.0308847,0.998053,0.0541792,0.402577,-0.0620351,0.913282
0.923674,0.255579,-0.285491,-0.136998,0.916083,0.376859,0.357851,-0.308983,0.881177
0.822451,-0.406571,0.397837,0.111188,0.8008,0.58852,-0.557863,-0.439794,0.703825
0.756976,-0.397311,0.518778,0.633996,0.638806,-0.435861,-0.158226,0.65884,0.735455
0.904152,0.284109,-0.319047,-0.303368,0.952807,-0.0112505,0.300793,0.106961,0.947672
0.75263,0.00786692,-0.658397,0.1687,0.964248,0.204366,0.636466,-0.264884,0.724395
0.906485,-0.0323319,0.420998,-0.214701,0.823248,0.525516,-0.363576,-0.566761,0.73932
0.722867,-0.512425,0.463557,0.596535,0.801358,-0.0443945,-0.348726,0.308619,0.884954
0.825155,-0.54865,-0.134548,0.343019,0.675867,-0.652335,0.44884,0.492125,0.745892
0.688847,-0.578821,-0.436414,0.305794,0.777864,-0.549016,0.657252,0.244735,0.712829
0.915495,0.301783,0.266074,-0.327669,0.94302,0.0578463,-0.233456,-0.140142,0.962215
0.596491,-0.634979,-0.490918,0.365064,0.759355,-0.538617,0.714791,0.142064,0.684756
0.620768,-0.36034,0.696277,0.468413,0.882641,0.0391731,-0.628678,0.301828,0.716703
0.986578,-0.0248217,-0.161392,-0.0040921,0.98431,-0.176399,0.163238,0.174692,0.970997
0.841393,-0.221519,-0.492937,0.499299,0.667647,0.552221,0.20678,-0.710758,0.672358
0.796529,0.0539832,-0.602185,0.322501,0.804541,0.498705,0.511405,-0.591439,0.623431
0.664915,-0.27829,-0.693139,0.479008,0.870911,0.109839,0.573096,-0.405053,0.712386
0.738643,-0.637393,-0.219403,0.659927,0.750126,0.0425031,0.137489,-0.176185,0.974708
0.773447,0.237213,-0.587801,-0.571845,0.661183,-0.485624,0.273447,0.711735,0.647039
0.754021,-0.653565,0.0656091,0.546442,0.568717,-0.614786,0.36449,0.499413,0.78596
0.657229,0.594461,-0.46332,-0.283135,0.764446,0.579187,0.698487,-0.249477,0.670729
0.864692,0.0940899,-0.493411,-0.320825,0.859282,-0.398379,0.386496,0.502774,0.7732
0.744102,-0.102159,-0.660209,0.0633434,0.994576,-0.0825056,0.665056,0.0195728,0.746537
0.700637,-0.656622,-0.279206,0.688468,0.724907,0.0228371,0.187403,-0.208225,0.95996
0.881157,-0.313087,0.354315,0.466051,0.701496,-0.539166,-0.0797445,0.640218,0.764043
0.92426,0.226293,0.307464,-0.0806372,0.902931,-0.422153,-0.373149,0.365386,0.852791
0.95351,0.124799,0.274306,-0.124817,0.992026,-0.0174603,-0.274298,-0.0175894,0.961484
0.955662,-0.206418,0.210006,0.143574,0.949287,0.279717,-0.257094,-0.237164,0.936833
0.790694,-0.580927,0.1932,0.569112,0.813781,0.117775,-0.225641,0.0168286,0.974065
0.974773,0.197243,-0.104461,-0.195589,0.980343,0.0259464,0.107526,-0.00486035,0.99419
0.862708,-0.475161,-0.173079,0.433851,0.87128,-0.229443,0.259823,0.122851,0.95781
0.969873,0.24061,0.0381216,-0.207425,0.897696,-0.388738,-0.127756,0.369119,0.920559
0.943211,-0.0563178,-0.327385,0.270928,0.700691,0.660022,0.192225,-0.711238,0.676158
0.9333,-0.190062,-0.304676,-0.0291106,0.805612,-0.591728,0.357916,0.561129,0.746345
0.798783,-0.396901,0.452123,0.365563,0.91707,0.159205,-0.477817,0.0381092,0.877632
0.734601,-0.274702,-0.620404,0.0296166,0.926486,-0.375161,0.677853,0.257219,0.688733
0.881375,-0.465814,-0.078711,0.47216,0.863078,0.179334,-0.0156025,-0.195224,0.980634
0.555375,0.595652,0.580308,-0.637004,0.753303,-0.163586,-0.534588,-0.278807,0.797798
0.717449,-0.196984,-0.668179,-0.0753355,0.93162,-0.355539,0.692525,0.305419,0.653551
0.840992,0.538661,0.050758,-0.370054,0.641107,-0.67234,-0.394705,0.54665,0.7385
0.8922,0.103096,0.439717,-0.247475,0.926024,0.285019,-0.377804,-0.363113,0.851712
0.730189,-0.627856,-0.269484,0.366463,0.692776,-0.6211,0.576653,0.354765,0.735943
0.750774,-0.0515948,0.658542,0.0818232,0.996531,-0.0152076,-0.655472,0.0653014,0.752391
0.734471,-0.668848,-0.114869,0.472327,0.625348,-0.621166,0.487299,0.401972,0.775215
0.73003,0.500018,-0.465874,-0.290315,0.844017,0.450947,0.618687,-0.193955,0.76132
0.632029,0.45959,0.623953,-0.584671,0.811253,-0.00531378,-0.508626,-0.361448,0.781444
0.787942,-0.495017,0.366205,0.468071,0.867938,0.166113,-0.400072,0.0405227,0.915588
0.674238,0.332133,-0.659614,-0.582542,0.788165,-0.198595,0.453925,0.518154,0.724892
0.742453,0.0343559,0.669016,0.0594522,0.991364,-0.116888,-0.667254,0.126558,0.733999
0.785072,-0.260768,-0.561838,0.131442,0.956541,-0.260295,0.605297,0.130501,0.785229
0.90476,0.393432,0.16316,-0.414322,0.901776,0.123036,-0.0987278,-0.178918,0.978898
0.797639,-0.16266,-0.580787,0.100526,0.985331,-0.1379,0.594698,0.0516105,0.802291
0.724106,-0.26258,-0.637748,-0.0305159,0.911586,-0.409975,0.689013,0.316327,0.652072
0.653504,-0.616209,-0.439566,0.700488,0.712382,0.0427582,0.286791,-0.335854,0.897192
0.984095,0.0886898,0.153922,-0.0975925,0.993905,0.0512663,-0.148437,-0.0654726,0.986752
0.651657,-0.632026,-0.419388,0.330561,0.734275,-0.592933,0.682695,0.247756,0.687419
0.974206,0.0881125,0.207745,-0.206529,0.719099,0.663508,-0.0909261,-0.689299,0.718748
0.970985,-0.198725,0.133027,0.117553,0.881065,0.458156,-0.208253,-0.429225,0.878861
0.84988,0.131843,-0.510217,-0.150053,0.988663,0.00552972,0.505161,0.0718598,0.860028
0.862185,-0.0467094,0.504436,0.324458,0.815628,-0.479039,-0.389057,0.576688,0.718377
0.899293,-0.417065,0.131636,0.394302,0.642974,-0.65659,0.189202,0.642372,0.742672
0.786682,0.606873,-0.1133,-0.602112,0.794757,0.0763077,0.136355,0.00818957,0.990626
0.785802,-0.61452,0.0698607,0.597609,0.725331,-0.3417,0.159309,0.310258,0.937209
0.932335,0.355814,0.0644087,-0.315207,0.887012,-0.337424,-0.177192,0.29429,0.939147
0.924553,0.374894,-0.0682322,-0.356019,0.786021,-0.505393,-0.135837,0.491555,0.860187
0.84889,0.523226,0.0749749,-0.522839,0.810366,0.264473,0.0776219,-0.263708,0.961474
0.990105,0.126737,0.0602561,-0.0834772,0.877064,-0.473065,-0.112803,0.463353,0.878965
0.772236,0.311108,-0.553952,-0.430357,0.897555,-0.0958577,0.46738,0.312422,0.827012
0.644516,0.406557,0.647542,-0.399238,0.901237,-0.168467,-0.65208,-0.149944,0.743174
0.953991,-0.0549088,0.294766,0.021947,0.993239,0.11399,-0.299032,-0.102276,0.948746
0.977818,-0.182537,0.102722,0.176465,0.982128,0.0654555,-0.112834,-0.0458767,0.992554
0.986688,-0.0884252,0.136482,0.157104,0.735096,-0.659509,-0.0420103,0.672172,0.739202
0.790377,-0.273283,-0.548289,-0.151698,0.779811,-0.607357,0.593542,0.563215,0.574888
0.90946,0.364121,-0.200745,-0.346053,0.930505,0.120031,0.2305,-0.0396952,0.972262
0.71444,-0.494903,0.494618,0.188603,0.81695,0.544997,-0.673799,-0.296081,0.677002
0.989357,0.104302,-0.101462,-0.137789,0.89567,-0.422835,0.0467737,0.432315,0.900509
0.994664,0.00766657,0.102879,0.0445983,0.867281,-0.495818,-0.0930264,0.49776,0.862311
0.852608,-0.520527,0.0459506,0.39595,0.700924,0.593237,-0.341003,-0.487604,0.803716
0.988152,0.120549,0.0949917,-0.110295,0.988158,-0.106674,-0.106726,0.0949332,0.989746
0.696784,0.567827,0.438252,-0.450943,0.821926,-0.347977,-0.557801,0.0448379,0.828762
0.920347,-0.389484,-0.035544,0.325683,0.71291,0.621039,-0.216545,-0.583147,0.782973
0.921514,0.346133,0.176079,-0.377039,0.906044,0.192159,-0.0930229,-0.243466,0.965438
0.689468,-0.29968,0.659413,0.610635,0.730131,-0.306649,-0.389561,0.614085,0.686397
0.710941,0.682652,0.168968,-0.396368,0.587432,-0.705561,-0.58091,0.434639,0.68821
0.617788,0.631951,-0.467949,-0.675585,0.731084,0.0953969,0.402396,0.257204,0.878592
0.970034,-0.242449,-0.0158824,0.19576,0.818605,-0.539967,0.143916,0.520677,0.841536
0.751092,0.107105,0.651451,0.301488,0.822209,-0.48278,-0.587338,0.559017,0.585264
0.702016,0.655912,0.277406,-0.582754,0.752981,-0.305642,-0.409355,0.0529059,0.91084
0.989623,-0.143406,0.00904783,0.117323,0.842772,0.525329,-0.0829604,-0.518816,0.850851
0.958641,0.0665028,0.276741,-0.135251,0.961963,0.237349,-0.25043,-0.264962,0.931171
0.76828,0.455842,-0.449393,-0.636284,0.620526,-0.458357,0.0699214,0.638088,0.766782
0.80178,0.596454,-0.0373092,-0.594483,0.802403,0.0523349,0.0611524,-0.0197814,0.997932
0.886052,0.132148,-0.444351,-0.315725,0.873872,-0.369682,0.339454,0.46785,0.816019
0.738565,0.509093,0.44198,-0.282848,0.829076,-0.482318,-0.611979,0.23121,0.756322
0.742205,0.417896,0.523923,-0.536291,0.839181,0.0903712,-0.401901,-0.348049,0.846958
0.862844,-0.461644,-0.205879,0.504639,0.810098,0.298463,0.0289984,-0.361422,0.931951
0.860114,0.174036,-0.479495,-0.437645,0.734667,-0.518393,0.26205,0.655725,0.708064
0.767055,0.0947572,-0.634545,-0.246156,0.956808,-0.154678,0.592481,0.274844,0.75725
0.73603,-0.249508,-0.62929,0.0611191,0.950294,-0.305297,0.674184,0.186246,0.714694
0.939234,0.00229076,-0.343271,-0.0509051,0.989851,-0.132677,0.339483,0.142089,0.929818
0.971064,0.0645183,0.229938,-0.0676798,0.99769,0.00588049,-0.229027,-0.0212725,0.973188
0.703523,-0.249455,-0.665453,0.0960736,0.961159,-0.258735,0.704149,0.118093,0.700163
0.625982,-0.28991,-0.723946,0.563654,0.809746,0.163111,0.538925,-0.51016,0.670296
0.921177,0.348969,0.1722,-0.382743,0.732567,0.562897,0.070285,-0.584436,0.80839
0.782106,0.302297,0.544909,0.12154,0.783654,-0.609191,-0.611177,0.542681,0.57616
0.906151,-0.328499,0.266419,0.291097,0.941356,0.170621,-0.306844,-0.0770546,0.948635
0.764341,0.628915,0.142294,-0.490541,0.710367,-0.504726,-0.418511,0.315982,0.851471
0.916005,0.321507,-0.239934,-0.192677,0.877177,0.439814,0.351868,-0.356642,0.865445
0.948368,-0.278395,0.151965,0.241606,0.944515,0.222527,-0.205484,-0.174322,0.96301
0.937333,0.241058,-0.251591,-0.338039,0.804191,-0.488883,0.0844779,0.543294,0.835282
0.622978,0.495603,-0.605207,-0.429005,0.863418,0.26545,0.654105,0.0942667,0.750507
0.981673,-0.151353,0.1158,0.190325,0.747701,-0.636175,0.00970326,0.646556,0.762805
0.809371,0.421462,0.40901,-0.521518,0.836025,0.170531,-0.27007,-0.351328,0.896454
0.885852,0.264693,-0.381057,0.0533775,0.757705,0.650411,0.460888,-0.596507,0.657086
0.7177,-0.147763,0.680495,-0.0835918,0.951879,0.294853,-0.691317,-0.2685,0.670812
0.787344,0.460029,0.410442,-0.152066,0.790087,-0.593834,-0.597465,0.405138,0.692025
0.838474,-0.5325,-0.115775,0.537238,0.772157,0.339336,-0.0912998,-0.346723,0.933513
0.885149,0.237135,-0.400348,-0.0437514,0.898996,0.435765,0.463246,-0.368201,0.806121
0.611616,0.578108,-0.540109,-0.447699,0.815765,0.366186,0.652297,0.0178409,0.757754
0.722464,0.341749,-0.601044,0.0166601,0.860446,0.509268,0.691208,-0.377941,0.615948
0.784596,-0.340593,-0.518079,0.592335,0.658624,0.464062,0.183163,-0.670977,0.718499
0.856729,-0.265374,-0.442258,-0.025619,0.834522,-0.550378,0.51513,0.482855,0.708161
0.709673,-0.485114,0.51091,0.264117,0.85548,0.445417,-0.653151,-0.18116,0.735238
0.655487,0.670466,-0.34758,-0.439797,0.713043,0.54603,0.613934,-0.20505,0.762259
0.793032,-0.600391,-0.103105,0.604484,0.754593,0.255318,-0.0754885,-0.264801,0.961344
0.922315,0.0764014,0.37881,-0.281671,0.804027,0.523642,-0.264567,-0.589663,0.763087
0.778079,0.078925,0.623189,-0.412852,0.811966,0.412631,-0.473441,-0.578345,0.664358
0.877795,-0.220462,-0.42529,0.349634,0.901743,0.254197,0.327462,-0.371829,0.868627
0.889301,-0.417407,0.186856,0.394419,0.906839,0.148585,-0.231469,-0.0584367,0.971086
0.989772,-0.142118,-0.0124027,0.137906,0.975432,-0.1718,0.0365139,0.168332,0.985054
0.758096,-0.0388352,-0.650986,-0.182803,0.945551,-0.269288,0.625998,0.323149,0.709719
0.72851,-0.681697,-0.0675446,0.602841,0.591145,0.535845,-0.325356,-0.431087,0.84161
0.933799,-0.0620352,0.352379,0.0776256,0.996523,-0.0302719,-0.349276,0.0556215,0.935368
0.941645,-0.318142,0.109953,0.279858,0.921455,0.269443,-0.187038,-0.222949,0.956719
0.711313,0.338445,0.616027,-0.636509,0.681933,0.36031,-0.298144,-0.6484,0.700491
0.741922,-0.341062,0.57726,0.120414,0.914737,0.38569,-0.659585,-0.216642,0.719732
0.599081,-0.459868,0.655457,0.70456,0.691675,-0.158682,-0.380391,0.556872,0.738374
0.996823,0.0423327,-0.0674697,-0.0658612,0.91445,-0.399303,0.0447941,0.402478,0.914333
0.649185,-0.647484,0.399153,0.683812,0.726619,0.066525,-0.333106,0.229759,0.914468
0.829317,-0.0213526,-0.55837,0.287087,0.87358,0.392988,0.479389,-0.486212,0.730605
0.802604,-0.339636,0.490382,0.549365,0.741187,-0.385798,-0.232434,0.579041,0.781464
0.99891,-0.028814,0.0367195,0.0431495,0.870025,-0.491115,-0.0177959,0.492165,0.87032
0.723545,0.0591677,-0.687736,-0.160639,0.983398,-0.0843984,0.671325,0.171543,0.721038
0.943926,0.264882,0.197081,-0.12891,0.845241,-0.518604,-0.30395,0.464118,0.831991
0.774221,-0.559721,0.295456,0.198744,0.658206,0.726131,-0.600902,-0.503465,0.620838
0.758716,-0.620706,0.19767,0.625655,0.609848,-0.486457,0.181399,0.492756,0.85105
0.874693,0.451338,-0.176654,-0.484318,0.799889,-0.354419,-0.0186596,0.395564,0.918249
0.633281,0.606879,-0.480263,-0.603758,0.77564,0.184006,0.484181,0.173435,0.857607
0.784869,0.184204,0.59165,0.206826,0.822167,-0.530344,-0.584126,0.538619,0.607195
0.831047,-0.363933,0.420612,0.491934,0.833814,-0.25051,-0.259543,0.415099,0.871969
0.696334,0.683948,0.217567,-0.411763,0.628983,-0.659418,-0.587853,0.369589,0.719606
0.727853,-0.685607,0.0131717,0.531147,0.551518,-0.643204,0.433721,0.475154,0.765581
0.805886,-0.50155,0.314635,0.590033,0.636271,-0.497012,0.0490838,0.58618,0.808693
0.931411,0.177986,-0.317481,0.055151,0.793187,0.606476,0.359766,-0.582388,0.728967
0.770135,0.0492931,-0.635974,0.10129,0.97491,0.19822,0.629788,-0.217074,0.745819
0.90479,0.347941,-0.245545,-0.185805,0.841351,0.507548,0.383187,-0.413601,0.825895
0.976384,-0.113414,-0.183878,-0.0111169,0.823621,-0.567032,0.215756,0.555685,0.802909
0.912972,0.300984,-0.275482,-0.335162,0.93826,-0.0856422,0.232697,0.17052,0.957484
0.812395,0.415558,0.409055,-0.183324,0.847958,-0.497352,-0.55354,0.329057,0.765059
0.801003,-0.594246,0.0725659,0.597954,0.800046,-0.0487644,-0.029078,0.0824514,0.996171
0.956545,-0.269135,0.112199,0.291367,0.897132,-0.332053,-0.0112907,0.350314,0.936564
0.666142,0.643462,0.377111,-0.451543,0.750378,-0.482744,-0.593603,0.151294,0.790409
0.970089,-0.241439,0.0251986,0.231449,0.951233,0.20393,-0.0732064,-0.191998,0.978661
0.783655,0.584151,-0.21131,-0.489919,0.790329,0.367912,0.381921,-0.184791,0.905532
0.946463,0.219247,-0.236935,-0.118164,0.918333,0.377759,0.300408,-0.329538,0.895075
0.893919,-0.115104,-0.433197,-0.204962,0.754534,-0.623433,0.398622,0.646087,0.650901
0.905575,0.107193,0.410418,-0.18998,0.96757,0.166477,-0.379263,-0.228729,0.896573
0.944469,-0.125909,-0.303523,0.274894,0.808806,0.519871,0.180035,-0.574438,0.798504
0.798665,0.164366,0.578894,-0.32902,0.924728,0.191371,-0.503865,-0.343309,0.792628
0.826139,-0.505236,-0.249461,0.232467,0.708905,-0.665892,0.513277,0.492128,0.703105
0.657952,-0.328062,0.677845,0.567272,0.807915,-0.159611,-0.495279,0.489539,0.71767
0.710447,0.636121,-0.301023,-0.685369,0.722525,-0.0907068,0.159796,0.270754,0.949293
0.963206,0.24607,0.108089,-0.263812,0.788788,0.555173,0.0513521,-0.563261,0.824682
0.849527,-0.357147,-0.388266,0.45497,0.868547,0.196543,0.267032,-0.343618,0.900345
0.690971,0.136972,-0.709787,-0.439944,0.858786,-0.262555,0.573593,0.493685,0.653656
0.756957,-0.65333,-0.0133042,0.635137,0.730785,0.250108,-0.153681,-0.197771,0.968126
0.544302,-0.55277,0.631016,0.606791,0.778828,0.158847,-0.579259,0.296434,0.759333
0.910753,0.375821,0.171136,-0.388084,0.637311,0.665752,0.141137,-0.672751,0.726283
0.810532,0.575139,-0.11069,-0.352547,0.630009,0.691953,0.467705,-0.521827,0.713406
0.895355,-0.396249,-0.203287,0.432902,0.881542,0.188361,0.104568,-0.256654,0.96083
0.974533,0.224189,-0.00488988,-0.186832,0.799702,-0.570588,-0.124009,0.556971,0.821222
0.92547,-0.237733,0.294937,0.112813,0.916202,0.384508,-0.361633,-0.322578,0.874737
0.961029,0.180223,-0.209627,-0.223241,0.953187,-0.203957,0.163056,0.242806,0.956273
0.836508,0.534413,-0.121068,-0.348261,0.689096,0.635501,0.423047,-0.489438,0.762549
0.728773,0.00751377,-0.684714,0.409182,0.796998,0.444257,0.549054,-0.603935,0.577756
0.69531,0.586723,-0.415091,-0.211947,0.719256,0.661627,0.686748,-0.372058,0.62446
0.617348,0.588486,0.522078,-0.66462,0.74522,-0.0541111,-0.420907,-0.313578,0.851179
0.775632,-0.463867,-0.428044,0.210395,0.829382,-0.517551,0.595087,0.311371,0.740891
0.943452,-0.314187,0.105758,0.320631,0.945867,-0.0503104,-0.0842257,0.0813746,0.993118
0.768072,-0.632155,0.102201,0.636769,0.737086,-0.22634,0.0677507,0.238924,0.968672
0.700551,-0.441235,0.560839,0.243337,0.886529,0.393514,-0.670832,-0.139203,0.728428
0.752701,-0.391283,-0.529471,0.451575,0.892066,-0.0172801,0.479084,-0.226089,0.848152
0.9412,0.329797,-0.0733231,-0.334892,0.882069,-0.331364,-0.0446068,0.336435,0.94065
0.663103,-0.354064,0.659495,0.62723,0.743661,-0.231412,-0.408506,0.567105,0.715203
0.945444,-0.21033,0.24879,0.273527,0.927312,-0.255489,-0.176969,0.309601,0.934253
0.770915,0.240254,0.589888,0.0258149,0.913585,-0.405828,-0.636414,0.328087,0.698094
0.908118,-0.418493,0.0136542,0.403492,0.865922,-0.295589,0.111878,0.273939,0.955218
0.734142,-0.658784,0.164435,0.633294,0.576999,-0.515763,0.244898,0.482779,0.840803
0.963398,-0.216847,0.157614,0.175002,0.954111,0.242997,-0.203074,-0.20652,0.957136
0.932584,-0.032426,-0.359493,-0.117617,0.914299,-0.387586,0.341252,0.403739,0.848847
0.847466,-0.33439,-0.412291,0.187422,0.915122,-0.356965,0.496662,0.225244,0.838207
0.705223,0.615984,-0.351033,-0.560839,0.787579,0.255301,0.433727,0.0168288,0.900887
0.631957,0.40974,0.657832,-0.587151,0.807152,0.06131,-0.50585,-0.424992,0.750665
0.751816,-0.417207,0.510598,0.59661,0.760152,-0.257345,-0.280766,0.498104,0.820404
0.925652,-0.360524,-0.114849,0.378322,0.876743,0.296977,-0.00637453,-0.318347,0.947953
0.874647,-0.310464,-0.372296,0.422378,0.864959,0.271004,0.237884,-0.394282,0.887667
0.976001,0.0124905,-0.217408,0.121159,0.798419,0.589785,0.180949,-0.601972,0.777745
0.664387,-0.650957,0.367212,0.697367,0.716661,0.00869848,-0.268829,0.250302,0.930097
0.857035,0.495096,-0.142729,-0.372931,0.787169,0.49121,0.355548,-0.367756,0.859268
0.77044,0.593249,-0.233405,-0.383821,0.723972,0.573189,0.509023,-0.352022,0.785479
0.902724,-0.27208,0.333259,0.0505119,0.836297,0.545944,-0.427244,-0.476004,0.768689
0.872404,-0.0677349,-0.48407,0.274801,0.886983,0.37114,0.404222,-0.456807,0.792421
0.665809,-0.684478,0.296964,0.530792,0.71424,0.456202,-0.524364,-0.146117,0.838863
0.825866,0.540922,-0.159214,-0.515107,0.838609,0.177199,0.229369,-0.0643303,0.971211
0.952147,0.245781,0.181679,-0.260588,0.963436,0.0623324,-0.159716,-0.106693,0.98138
0.725692,-0.629694,0.27723,0.535911,0.77003,0.346199,-0.431475,-0.102663,0.896264
0.732826,-0.635835,-0.242241,0.657821,0.571085,0.491053,-0.173889,-0.519208,0.836771
0.797385,-0.594378,0.104364,0.603154,0.779353,-0.169749,0.0195587,0.198303,0.979946
0.920373,0.338118,0.196445,-0.280657,0.920976,-0.27025,-0.272297,0.193597,0.942536
0.723882,-0.529668,0.442094,0.123951,0.730203,0.671893,-0.678698,-0.431573,0.594234
0.766359,0.506991,0.39453,-0.232213,0.791233,-0.56571,-0.598975,0.341921,0.724098
0.735281,0.6685,-0.111666,-0.665697,0.681376,-0.30426,-0.127312,0.298052,0.946021
0.835401,-0.342712,-0.429713,0.474097,0.844859,0.247881,0.278096,-0.410806,0.868275
0.796214,0.603985,0.0352745,-0.570595,0.769025,-0.288133,-0.201155,0.209288,0.95694
0.74098,0.205295,-0.639377,0.130824,0.889749,0.4373,0.658661,-0.407676,0.632429
0.86642,-0.472242,-0.162181,0.451117,0.879572,-0.151153,0.214031,0.0577996,0.975115
0.783907,0.616159,-0.0764075,-0.577797,0.76901,0.27345,0.227247,-0.170211,0.958847
0.997297,-0.0642548,0.0356316,0.0681767,0.990091,-0.122768,-0.0273901,0.124865,0.991796
0.909579,0.39465,-0.130068,-0.247102,0.76537,0.594264,0.334077,-0.50839,0.793683
0.937099,0.335694,-0.0956816,-0.204209,0.749531,0.629684,0.283098,-0.570537,0.770936
0.676473,-0.461858,0.573648,0.186242,0.860883,0.473492,-0.712529,-0.213468,0.668381
0.949615,-0.0538957,-0.308749,0.179558,0.900967,0.394991,0.256885,-0.430528,0.865249
0.707839,0.401476,0.581189,-0.182844,0.898874,-0.398239,-0.682299,0.175622,0.709665
0.866513,0.108684,0.487179,0.147767,0.876407,-0.458339,-0.476782,0.469146,0.743358
0.888193,-0.0565498,-0.455978,0.19944,0.941482,0.271726,0.413929,-0.332285,0.847496
0.966156,0.205519,0.155902,-0.203031,0.978653,-0.0318901,-0.159128,-0.000842125,0.987258
0.62683,-0.652751,0.425441,0.457218,0.750288,0.477513,-0.630901,-0.1048,0.768753
0.824788,0.072863,0.560728,0.0334977,0.983625,-0.177088,-0.564449,0.164843,0.808841
0.845055,0.366002,0.389775,-0.521134,0.726857,0.447324,-0.119589,-0.581138,0.80497
0.996951,0.0726369,0.0285114,-0.0531883,0.899908,-0.432824,-0.0570967,0.429988,0.901027
0.588138,0.698385,0.407863,-0.516828,0.712449,-0.474663,-0.622079,0.0683725,0.779963
0.839917,0.113887,0.53063,-0.322052,0.89157,0.31841,-0.436831,-0.438329,0.785523
0.781668,-0.333335,-0.527146,0.50364,0.835892,0.218246,0.367888,-0.436087,0.821271
0.776389,0.0617989,-0.627217,-0.431332,0.777714,-0.457289,0.459535,0.625573,0.630464
0.50427,-0.639146,-0.580693,0.576853,0.74973,-0.324262,0.642614,-0.171459,0.746759
0.916516,0.0956324,0.388397,-0.208384,0.942979,0.259549,-0.341429,-0.318817,0.884184
0.948795,-0.309656,0.0624636,0.205913,0.756207,0.621089,-0.239559,-0.576424,0.781247
0.873269,-0.476787,-0.100377,0.386849,0.80372,-0.452086,0.296224,0.355962,0.886308
0.749171,0.396927,0.530275,-0.437538,0.897593,-0.0537221,-0.497295,-0.191769,0.846122
0.910285,0.221346,0.34984,-0.0809885,0.923945,-0.373854,-0.405984,0.311981,0.858979
0.986901,0.121569,0.106049,-0.147164,0.947739,0.283078,-0.0660935,-0.294977,0.953216
0.664134,0.692943,-0.280636,-0.596584,0.717444,0.359669,0.450571,-0.0714454,0.889877
0.885499,0.403404,0.230556,-0.450893,0.626237,0.636021,0.11219,-0.667152,0.736425
0.962688,0.265233,-0.0537033,-0.269111,0.959193,-0.0867701,0.0284975,0.0979847,0.99478
0.614903,-0.660987,-0.430105,0.48391,0.746909,-0.456025,0.622676,0.0722793,0.779134
0.827322,0.0286896,-0.560995,0.0154459,0.997155,0.0737737,0.561516,-0.0696997,0.824525
0.815156,0.141585,-0.561671,-0.230289,0.968955,-0.0899676,0.531496,0.202684,0.822454
0.820266,0.140438,-0.554474,0.210746,0.826986,0.52123,0.531743,-0.5444,0.648751
0.637968,-0.467668,0.611787,0.528687,0.843641,0.0935911,-0.559898,0.263736,0.785466
0.951634,-0.162611,-0.260674,0.228755,0.941404,0.247851,0.205096,-0.295494,0.93307
0.900468,-0.385801,0.200786,0.426752,0.694698,-0.579032,0.0839056,0.607086,0.790194
0.7714,0.605089,-0.196998,-0.627922,0.774008,-0.0813975,0.103226,0.18649,0.977019
0.676443,0.643767,0.357754,-0.646584,0.751675,-0.130052,-0.352638,-0.143345,0.924715
0.974129,0.0850465,-0.209382,0.0547508,0.810078,0.58376,0.219262,-0.580121,0.784464
0.965749,0.010469,-0.259265,0.134911,0.833252,0.536181,0.221647,-0.552794,0.8033
0.789974,-0.492488,-0.365234,0.460099,0.869882,-0.177804,0.405276,-0.0275836,0.913778
0.986987,0.149776,-0.0585063,-0.0670223,0.713928,0.697004,0.146164,-0.684013,0.714676
0.976036,0.186873,-0.1115,-0.16819,0.972949,0.158371,0.13808,-0.135823,0.981064
0.916808,-0.227989,0.327848,0.389209,0.693828,-0.605904,-0.0893304,0.683099,0.724842
0.950832,-0.29877,0.0815733,0.303846,0.848906,-0.432477,0.0599633,0.435999,0.897947
0.778056,0.628168,-0.00579194,-0.541722,0.675594,0.500111,0.318067,-0.385977,0.865942
0.707446,-0.487663,-0.511572,0.571964,0.820228,0.00906734,0.415184,-0.299015,0.859193
0.767464,0.622476,0.153369,-0.62735,0.679939,0.379625,0.132026,-0.387564,0.912339
0.806212,0.244432,0.538772,-0.332006,0.940673,0.070042,-0.489688,-0.235344,0.839535
0.927086,0.282943,0.245875,-0.291803,0.956478,-0.000414438,-0.235292,-0.0713629,0.969301
0.977532,-0.0940683,-0.188635,0.117211,0.986365,0.115521,0.175196,-0.135036,0.975229
0.636195,-0.564481,-0.525943,0.457248,0.824933,-0.33228,0.621433,-0.0290914,0.782927
0.815039,0.377315,-0.439709,-0.109496,0.845526,0.522587,0.568965,-0.377783,0.730451
0.813086,-0.474983,0.336576,0.576804,0.735456,-0.355529,-0.0786672,0.483214,0.871961
0.71189,0.510546,0.482239,-0.336874,0.850757,-0.403396,-0.616221,0.12472,0.777635
0.720266,0.632957,-0.28387,-0.686607,0.708843,-0.161596,0.0989358,0.311299,0.945148
0.866813,-0.253768,-0.429228,-0.0915624,0.765167,-0.637288,0.490154,0.591711,0.640021
0.996136,-0.0608318,-0.0633439,0.0579018,0.99721,-0.047109,0.0660329,0.0432593,0.996879
0.800898,-0.00910766,0.598731,-0.118667,0.977639,0.173608,-0.586924,-0.210092,0.781909
0.884184,-0.415135,-0.214202,0.461543,0.847105,0.263424,0.0720951,-0.331778,0.940598
0.733458,0.113057,-0.670266,0.147369,0.936169,0.319171,0.663567,-0.332875,0.66998
0.796724,-0.5643,-0.216325,0.55605,0.824698,-0.103355,0.236726,-0.0379422,0.970835
0.965672,0.0542773,0.254031,-0.205913,0.756112,0.621204,-0.158359,-0.652188,0.741333
0.696974,0.566298,-0.439924,-0.674219,0.72645,-0.133038,0.244244,0.38933,0.888126
0.902467,-0.430758,-0.000923857,0.37445,0.783434,0.496003,-0.212933,-0.447972,0.86832
0.846218,-0.531757,0.0339094,0.53082,0.835776,-0.140389,0.046312,0.136799,0.989516
0.842681,-0.373728,0.387578,0.334502,0.927472,0.167047,-0.421897,-0.011122,0.906575
0.782482,0.619624,-0.0615538,-0.50949,0.580284,-0.635366,-0.357969,0.528523,0.769754
0.884053,0.267892,-0.382992,-0.184397,0.952879,0.240872,0.429473,-0.142321,0.891795
0.757472,0.346282,0.553466,-0.336423,0.933556,-0.123661,-0.559514,-0.0925285,0.82364
0.83504,0.245387,0.492436,-0.0508365,0.925614,-0.37504,-0.547836,0.28814,0.785399
0.614619,-0.670294,0.415872,0.42534,0.725607,0.540907,-0.664326,-0.155564,0.731075
0.81463,-0.0405702,-0.57856,-0.0175204,0.995374,-0.0944675,0.579716,0.0870927,0.810151
0.844067,-0.513853,0.153317,0.534867,0.786337,-0.309178,0.0383129,0.342971,0.938564
0.837123,0.188124,0.513648,-0.370028,0.886312,0.278444,-0.40287,-0.423156,0.811563
0.981961,0.163942,0.0942112,-0.186306,0.923976,0.334004,-0.0322914,-0.345531,0.937851
0.798582,0.335341,-0.499814,-0.579494,0.652778,-0.487922,0.162647,0.679285,0.715624
0.706524,0.645766,-0.2895,-0.530867,0.754132,0.386607,0.467979,-0.119461,0.875628
0.632837,0.400892,0.662422,-0.534875,0.844931,-0.000358419,-0.559844,-0.354086,0.749131
0.91489,-0.337459,0.221579,0.401668,0.81595,-0.415799,-0.040482,0.469411,0.882051
0.519004,0.539538,-0.662974,-0.627069,0.767415,0.133637,0.580878,0.346372,0.736618
0.947674,-0.169466,-0.270547,0.0858032,0.951497,-0.29545,0.307494,0.256776,0.91625
0.896234,-0.182118,-0.404472,-0.0678777,0.844787,-0.530779,0.438358,0.503157,0.744765
0.803721,0.228292,0.549468,-0.00660868,0.926834,-0.375412,-0.59497,0.298095,0.746425
0.995753,0.0537285,-0.0747574,-0.0896904,0.749292,-0.656138,0.0207617,0.660057,0.750929
0.90399,0.333055,-0.268098,-0.137955,0.820727,0.554414,0.404686,-0.464199,0.787876
0.949775,0.236967,-0.204386,-0.0905375,0.83328,0.545388,0.29955,-0.499492,0.812883
0.735686,0.352189,0.578558,-0.0327518,0.871681,-0.488977,-0.67653,0.340785,0.652819
0.88772,0.405903,-0.217248,-0.435528,0.893368,-0.1105,0.14923,0.19271,0.969842
0.784046,0.573082,-0.238431,-0.411052,0.767215,0.492359,0.46509,-0.288024,0.837098
0.723305,0.505815,0.470087,-0.444653,0.862011,-0.243355,-0.528313,-0.0330059,0.848408
0.968361,-0.241929,-0.0612209,0.214529,0.932341,-0.291064,0.127496,0.268721,0.954743
0.742805,0.620783,0.250739,-0.45045,0.740463,-0.498808,-0.495314,0.257571,0.829651
0.959491,-0.206767,-0.191377,0.280918,0.753986,0.593793,0.0215187,-0.6235,0.781528
0.972772,-0.224576,0.0572661,0.217443,0.798863,-0.560836,0.0802024,0.558017,0.825944
0.960355,-0.278295,0.0164257,0.200334,0.729896,0.653543,-0.193867,-0.624343,0.756711
0.841717,-0.289065,-0.456019,0.121703,0.92445,-0.36136,0.526023,0.248664,0.813305
0.581457,0.594839,-0.555044,-0.634389,0.758628,0.148441,0.50937,0.265802,0.818469
0.951859,0.189073,-0.241278,-0.302814,0.702259,-0.64431,0.0476186,0.686355,0.725706
0.592101,-0.675739,-0.439083,0.437364,0.727093,-0.529196,0.676853,0.121298,0.726056
0.712097,-0.593376,-0.375265,0.60205,0.791065,-0.108406,0.361185,-0.148733,0.920556
0.828485,0.317068,-0.461607,-0.410978,0.904163,-0.116565,0.380408,0.286283,0.879393
0.825884,-0.185982,-0.532284,0.492082,0.698622,0.519406,0.275265,-0.690896,0.668499
0.770125,-0.616812,0.162637,0.554975,0.773578,0.305908,-0.3145,-0.145328,0.938067
0.95029,-0.12227,0.286354,-0.0796171,0.793677,0.603107,-0.301014,-0.595926,0.744489
0.640381,-0.462681,-0.613057,0.29263,0.884965,-0.362222,0.710127,0.0525613,0.702109
0.625231,-0.709391,0.325347,0.568919,0.699653,0.432223,-0.534245,-0.0851429,0.841031
0.751245,-0.52757,-0.396611,0.476644,0.849308,-0.226907,0.456555,-0.0185799,0.889501
0.693915,-0.538781,-0.477699,0.599342,0.799872,-0.0315317,0.399087,-0.264425,0.877957
0.777807,-0.602446,0.179093,0.570738,0.557709,-0.602676,0.263198,0.570981,0.777629
0.925222,0.0300727,0.378232,0.177884,0.846132,-0.502412,-0.335143,0.532124,0.777511
0.889482,0.342692,-0.302297,-0.454763,0.728765,-0.51195,0.0448622,0.592844,0.804067
0.676726,0.559421,-0.478635,-0.714428,0.656028,-0.243351,0.177862,0.506632,0.843617
0.88688,-0.089884,-0.453171,-0.187043,0.827052,-0.530094,0.422443,0.554892,0.716684
0.941057,0.14021,0.30782,-0.245923,0.908432,0.338042,-0.232237,-0.393817,0.889367
0.892504,0.0878732,-0.442398,0.189772,0.816638,0.545059,0.409175,-0.570422,0.712176
0.962438,0.235663,-0.134819,-0.129345,0.83458,0.535487,0.238712,-0.497934,0.833713
0.908414,-0.418064,-0.0025851,0.413062,0.898466,-0.14879,0.0645264,0.134095,0.988865
0.758418,-0.21396,-0.615649,0.189005,0.976192,-0.106426,0.623762,-0.0356453,0.780801
0.862653,0.134584,0.487563,-0.439318,0.677076,0.590397,-0.250659,-0.723502,0.643206
0.794583,-0.532197,0.292241,0.607094,0.703299,-0.369876,-0.00868602,0.471315,0.881922
0.869232,0.416679,-0.266108,-0.464947,0.871945,-0.153419,0.168105,0.257083,0.951656
0.877575,-0.0352928,0.478139,0.251279,0.883198,-0.396005,-0.408315,0.46767,0.783941
0.7107,-0.155026,-0.686202,0.0997989,0.98777,-0.119795,0.696381,0.0166561,0.717479
0.773399,0.428681,-0.466997,-0.619754,0.666179,-0.414862,0.13326,0.610277,0.780899
0.940923,0.202211,-0.271614,-0.00993998,0.818268,0.57475,0.338474,-0.538096,0.771938
0.850258,0.347972,0.39494,-0.0428961,0.793625,-0.606893,-0.524616,0.499074,0.689713
0.825661,-0.527598,-0.19981,0.366014,0.77046,-0.521943,0.429322,0.357815,0.829248
0.706284,0.301651,-0.640445,-0.619195,0.701762,-0.352318,0.343163,0.645397,0.682424
0.871001,-0.374035,0.318521,0.491179,0.676241,-0.549037,-0.0100377,0.634662,0.772724
0.801495,-0.209514,0.560098,-0.0293662,0.921696,0.386799,-0.59728,-0.326465,0.732582
0.99976,0.0170432,-0.013743,-0.0218925,0.77125,-0.636156,-0.000242826,0.636304,0.771438
0.895425,-0.0282709,-0.444313,-0.210627,0.852334,-0.47871,0.392237,0.522234,0.757246
0.84671,0.0247381,-0.53148,0.272278,0.83806,0.472779,0.457108,-0.545017,0.702858
0.82376,0.339896,-0.453751,-0.467456,0.860066,-0.204381,0.320788,0.38047,0.867374
0.634029,-0.343401,-0.69288,0.563617,0.81868,0.109995,0.529475,-0.460258,0.712614
0.575264,0.434762,-0.692859,-0.657223,0.749946,-0.0750936,0.486959,0.498562,0.717152
0.686054,-0.445395,-0.575286,0.178675,0.869643,-0.460213,0.70527,0.212942,0.676203
0.799258,0.491856,0.345346,-0.600942,0.661152,0.449162,-0.00740359,-0.566529,0.824008
0.897468,0.391827,0.202541,-0.437671,0.734115,0.519152,0.0547294,-0.554569,0.830336
0.857143,0.481264,0.183553,-0.510715,0.840375,0.181492,-0.0669078,-0.249308,0.96611
0.688982,-0.459396,-0.560589,0.463214,0.873985,-0.146916,0.557438,-0.15845,0.814958
0.738895,-0.420745,-0.526315,0.525369,0.848827,0.0589994,0.421927,-0.320104,0.84824
0.904329,0.202081,0.375968,0.000506448,0.880318,-0.474384,-0.426835,0.42919,0.795995
0.769193,-0.638345,-0.0292732,0.545032,0.631459,0.551543,-0.33359,-0.440198,0.833633
0.855366,-0.351947,-0.380109,0.39464,0.918048,0.0380343,0.335572,-0.18254,0.924159
0.781915,-0.0542913,-0.621016,0.197567,0.966429,0.164266,0.59125,-0.251134,0.766391
0.933243,-0.027585,-0.358186,0.22322,0.825741,0.518,0.28148,-0.563374,0.776775
0.928799,-0.370496,-0.00804356,0.258186,0.662513,-0.703148,0.265842,0.651006,0.710998
0.722607,-0.672752,0.158885,0.565536,0.707527,0.423764,-0.397503,-0.216359,0.891729
0.717586,0.260673,0.645848,-0.0802369,0.952084,-0.295125,-0.691833,0.159957,0.704117
0.72467,-0.0715972,-0.685367,-0.0971224,0.974048,-0.204446,0.682218,0.214721,0.698909
0.750702,0.264556,0.605357,0.056649,0.887164,-0.457963,-0.658208,0.378087,0.651009
0.760516,0.0206621,-0.648991,-0.340447,0.863783,-0.37145,0.552912,0.503441,0.663955
0.725097,0.686345,-0.0562641,-0.521641,0.600754,0.605793,0.449584,-0.409909,0.79363
0.755266,-0.630344,-0.179555,0.4003,0.660558,-0.635155,0.518973,0.407835,0.751224
0.790024,0.296563,-0.536575,0.104712,0.797086,0.594718,0.604068,-0.526027,0.598663
0.803781,0.572479,0.161878,-0.457459,0.768695,-0.447034,-0.380352,0.285265,0.879748
0.762016,-0.624226,-0.172259,0.457014,0.706876,-0.539874,0.458769,0.332668,0.823931
0.815757,-0.120913,-0.565615,0.406895,0.814971,0.412625,0.411068,-0.566748,0.714017
0.832066,-0.506745,-0.225557,0.543193,0.662109,0.516288,-0.112283,-0.552106,0.826178
0.835671,0.455732,0.306533,-0.306158,0.849887,-0.428905,-0.455984,0.264576,0.849752
0.693573,-0.476404,0.540366,0.641492,0.74975,-0.162367,-0.327787,0.459254,0.825616
0.812732,-0.528747,-0.24473,0.537451,0.842547,-0.0355103,0.224973,-0.10267,0.968941
0.906578,0.317543,0.277998,-0.389136,0.883916,0.259357,-0.16337,-0.343307,0.924906
0.876209,-0.0896829,0.473513,0.391064,0.706522,-0.589827,-0.28165,0.701985,0.654133
0.825616,-0.375803,-0.420868,0.446582,0.891127,0.0803504,0.344851,-0.254291,0.903556
0.658285,-0.479505,0.580289,0.62126,0.781372,-0.0590999,-0.425083,0.399415,0.812263
0.980064,-0.189349,-0.0601729,0.198565,0.923142,0.329212,-0.00678789,-0.334597,0.942337
0.831386,0.110554,-0.544587,-0.43168,0.745613,-0.507655,0.349927,0.657145,0.667616
0.764124,-0.27249,-0.584692,-0.0230032,0.894314,-0.446848,0.64466,0.354897,0.677098
0.959979,-0.271587,0.0684128,0.238503,0.920788,0.30865,-0.146819,-0.279981,0.948712
0.557875,0.653449,0.511645,-0.492514,0.756871,-0.429624,-0.667986,-0.0123158,0.744072
0.694462,0.634417,0.339466,-0.380257,0.72412,-0.575374,-0.610841,0.270491,0.744115
0.769002,-0.538429,-0.344572,0.61712,0.765893,0.180477,0.166731,-0.351429,0.921248
0.946656,-0.130434,0.294669,0.100015,0.988188,0.116108,-0.306333,-0.0804428,0.948519
0.942968,0.331686,0.0282137,-0.315989,0.865231,0.389264,0.104702,-0.375979,0.920694
0.985576,-0.0454818,0.163005,0.0592807,0.994965,-0.0808122,-0.158509,0.0893097,0.98331
0.732141,-0.475858,0.48737,-0.00392131,0.71255,0.70161,-0.681142,-0.515589,0.519821
0.840167,-0.352005,0.412568,0.0198884,0.780222,0.625187,-0.541963,-0.517056,0.662517
0.795894,-0.587461,-0.14643,0.548671,0.59761,0.584656,-0.255954,-0.545666,0.797957
0.693797,0.596513,-0.403508,-0.528526,0.802333,0.277348,0.489189,0.0208409,0.871929
0.719946,0.687233,-0.0968894,-0.655864,0.628036,-0.418824,-0.22698,0.365077,0.902884
0.86191,0.0506576,0.504525,-0.162596,0.970066,0.180371,-0.480286,-0.237498,0.844346
0.860114,-0.29282,0.417684,0.438011,0.843629,-0.310541,-0.261438,0.450052,0.853876
0.78594,-0.51667,-0.339631,0.527967,0.846677,-0.0662556,0.32179,-0.127241,0.938222
0.955929,-0.268039,0.11981,0.172492,0.842951,0.509588,-0.237583,-0.466464,0.852036
0.756957,0.636948,0.145991,-0.445387,0.666365,-0.597987,-0.478169,0.387628,0.788098
0.849175,0.13114,0.51157,-0.0939886,0.990742,-0.0979586,-0.51968,0.0351022,0.853639
0.868283,-0.0906217,-0.487722,0.106216,0.994334,0.00434173,0.484564,-0.0555738,0.872988
0.793002,-0.579161,0.188996,0.585786,0.810093,0.0245749,-0.167337,0.0912234,0.98167
0.918048,-0.3189,-0.235566,0.225496,0.908686,-0.351342,0.326098,0.26943,0.906128
0.924939,0.336307,-0.17716,-0.221014,0.855001,0.469176,0.309259,-0.394805,0.865152
0.825402,-0.0686068,0.560361,0.433545,0.712788,-0.551336,-0.361593,0.698016,0.618081
0.886191,0.365968,0.284134,-0.225246,0.876213,-0.426047,-0.404881,0.313559,0.858925
0.826636,-0.40904,0.38647,0.255873,0.884877,0.389258,-0.501201,-0.222888,0.836133
0.850912,-0.466363,-0.241773,0.524837,0.774247,0.353677,0.0222507,-0.427839,0.903581
0.845049,-0.338463,0.413926,0.440124,0.879905,-0.179045,-0.303616,0.33348,0.892529
0.825005,-0.0239737,-0.564617,0.216368,0.936371,0.276394,0.522064,-0.350192,0.777698
0.787333,-0.156347,-0.596374,-0.0654513,0.940648,-0.333011,0.613044,0.301224,0.730371
0.902144,-0.162527,0.399651,0.0996695,0.979784,0.173465,-0.419764,-0.116657,0.900105
0.931441,-0.0594642,0.359002,0.165996,0.947364,-0.273763,-0.323826,0.314587,0.892284
0.871823,-0.460298,-0.167484,0.488516,0.842039,0.228742,0.0357382,-0.281241,0.958971
0.617895,-0.611674,-0.494025,0.536618,0.787305,-0.30363,0.574671,-0.0774915,0.814707
0.778466,0.395724,-0.48723,-0.616903,0.625617,-0.477529,0.11585,0.672314,0.731145
0.756465,-0.143775,-0.638035,0.479963,0.784728,0.392221,0.444292,-0.602935,0.662626
0.83003,0.220491,-0.512284,-0.444069,0.816993,-0.367865,0.337421,0.532828,0.776042
0.871334,0.165771,-0.46184,-0.201415,0.979089,-0.0285707,0.447447,0.117916,0.886503
0.943294,0.149489,0.296394,-0.0542716,0.9503,-0.30657,-0.327492,0.2731,0.904525
0.744049,0.57469,0.340769,-0.663074,0.572555,0.482197,0.0820046,-0.584733,0.807071
0.897345,-0.440212,-0.0313799,0.352842,0.758321,-0.548135,0.265092,0.480794,0.835801
0.789179,0.380153,-0.482368,-0.556986,0.773931,-0.301325,0.258771,0.506472,0.822511
0.752761,0.290481,0.590738,-0.0481129,0.919255,-0.390712,-0.656533,0.265691,0.705955
0.805255,-0.306412,0.507619,-0.111818,0.762281,0.637514,-0.58229,-0.570122,0.579568
0.901652,-0.210914,-0.377543,0.00485332,0.877888,-0.478841,0.432435,0.429916,0.792573
0.888444,-0.15976,0.430283,0.331294,0.872037,-0.360273,-0.317665,0.462633,0.827683
0.920113,-0.325946,0.217143,0.382773,0.865776,-0.32236,-0.0829255,0.379724,0.921376
0.944247,-0.327948,-0.0291092,0.302813,0.830356,0.467776,-0.129235,-0.45051,0.883368
0.713948,-0.698163,-0.0533496,0.689718,0.688084,0.225454,-0.120695,-0.197759,0.972792
0.952519,-0.246243,-0.179086,0.0566717,0.721275,-0.690327,0.299158,0.6474,0.700983
0.948305,-0.283408,0.142822,0.286034,0.958217,0.00222743,-0.137486,0.0387398,0.989746
0.717514,-0.349801,0.602339,0.284918,0.936493,0.204459,-0.635606,0.0249153,0.771611
0.713579,-0.535407,-0.451824,0.697729,0.601205,0.389522,0.0630858,-0.593205,0.802576
0.699981,0.325607,-0.635615,-0.358035,0.930086,0.082164,0.61793,0.170059,0.767621
0.846866,0.43678,-0.303382,-0.284771,0.854243,0.434941,0.449135,-0.281942,0.847812
0.975954,0.197796,0.0916035,-0.129551,0.8643,-0.486007,-0.175303,0.462453,0.869141
0.967618,0.212665,0.135973,-0.247214,0.907244,0.340285,-0.0509942,-0.36288,0.930439
0.869144,-0.229016,0.438338,-0.0569561,0.834073,0.548706,-0.491268,-0.50187,0.711886
0.758338,0.555113,0.34172,-0.48202,0.83044,-0.279333,-0.438839,0.0471125,0.89733
0.922917,-0.351858,-0.156272,0.326829,0.930563,-0.165032,0.203488,0.101236,0.973829
0.731674,0.519717,0.441076,-0.202316,0.78348,-0.58756,-0.650939,0.340665,0.678399
0.90672,0.23289,0.351599,-0.326217,0.915687,0.234735,-0.267287,-0.327536,0.906244
0.857064,-0.22096,-0.465421,0.453762,0.751579,0.478779,0.244009,-0.621535,0.744415
0.864805,-0.489468,-0.111954,0.489606,0.772595,0.404207,-0.111351,-0.404374,0.90779
0.748749,0.0356827,0.661892,-0.392417,0.828623,0.399241,-0.534213,-0.558669,0.634433
0.764836,0.0540898,0.641951,-0.277811,0.926747,0.252905,-0.581246,-0.371772,0.723836
0.776458,-0.563263,-0.282572,0.54447,0.825403,-0.149205,0.317278,-0.0380002,0.947571
0.850607,-0.109053,0.514369,-0.217804,0.817301,0.53346,-0.47857,-0.565797,0.67145
0.842548,-0.140548,0.51996,0.361861,0.86275,-0.353157,-0.39896,0.485705,0.777767
0.785862,0.267312,-0.557643,0.0979875,0.83653,0.539088,0.61059,-0.478291,0.631203
0.98603,0.164841,-0.0239242,-0.152425,0.83503,-0.52867,-0.0671691,0.524931,0.84849
0.829116,-0.479148,0.288068,0.343806,0.843288,0.413113,-0.440867,-0.243479,0.863918
0.935971,-0.244052,0.253764,0.266638,0.962036,-0.0582387,-0.229917,0.122173,0.965511
0.790911,0.0324847,0.611068,-0.276848,0.909544,0.309976,-0.545724,-0.414337,0.728362
0.895052,-0.171023,-0.411864,0.378083,0.780782,0.497427,0.236504,-0.600942,0.763502
0.646192,-0.701117,0.301449,0.508606,0.690119,0.514836,-0.568996,-0.179364,0.802541
0.749497,-0.50854,0.42384,0.493439,0.855959,0.154442,-0.44133,0.0933851,0.892472
0.737487,-0.122346,-0.664187,-0.273677,0.844949,-0.459523,0.617425,0.520665,0.589656
0.923706,-0.332229,-0.190764,0.381282,0.748756,0.542207,-0.037301,-0.573575,0.818304
0.852125,-0.471709,0.226656,0.25168,0.749096,0.61279,-0.458846,-0.465129,0.757044
0.903846,-0.142968,0.403265,0.211768,0.96846,-0.131296,-0.371776,0.20407,0.905615
0.73173,0.217371,0.646004,-0.450821,0.8652,0.219519,-0.511206,-0.451861,0.731088
0.759843,-0.301544,0.575943,0.341541,0.938971,0.041017,-0.553163,0.165542,0.81646
0.66132,0.469745,-0.584804,-0.670473,0.719755,-0.180053,0.336337,0.511167,0.79094
0.813102,-0.310016,0.492703,0.401986,0.911207,-0.0900492,-0.421037,0.271279,0.865526
0.979111,-0.199726,-0.0380975,0.18725,0.958748,-0.213869,0.0792411,0.202268,0.976119
0.699773,0.320329,-0.63852,-0.519411,0.841798,-0.14693,0.490439,0.434472,0.75545
0.795615,-0.0490027,0.603817,-0.345453,0.782088,0.518654,-0.497653,-0.621239,0.605313
0.91252,-0.403172,-0.0689948,0.269138,0.718841,-0.640962,0.308014,0.566321,0.764466
0.565212,0.695989,-0.44287,-0.477708,0.713815,0.512116,0.672555,-0.0778915,0.735936
0.990379,0.0932091,-0.102281,-0.105817,0.986409,-0.125697,0.0891748,0.135311,0.986782
0.583586,-0.558159,0.589819,0.715349,0.69711,-0.0480986,-0.384322,0.449996,0.806102
0.61307,0.550816,-0.566345,-0.472837,0.83012,0.29551,0.632906,0.086621,0.769368
0.857071,0.495858,0.139836,-0.318958,0.723843,-0.611814,-0.404593,0.479766,0.778543
0.808436,-0.571561,0.140534,0.509419,0.559863,-0.653488,0.294828,0.599893,0.743777
0.656781,0.598313,0.458977,-0.21918,0.733845,-0.642986,-0.721526,0.321703,0.613113
0.925939,-0.241471,-0.290394,0.183537,0.959703,-0.212801,0.330078,0.143743,0.932945
0.768778,0.63843,-0.0372318,-0.507174,0.644117,0.572616,0.389557,-0.421332,0.818978
0.868474,0.301659,-0.393388,-0.436385,0.841707,-0.317958,0.235203,0.447807,0.86264
0.896033,0.371455,0.243198,-0.111013,0.717803,-0.687339,-0.429884,0.588881,0.684412
0.950371,-0.0785725,0.301033,-0.0320482,0.937713,0.34593,-0.309463,-0.338409,0.888657
0.706125,-0.23965,-0.666299,0.596341,0.708638,0.377107,0.381791,-0.663626,0.643301
0.935306,-0.00916575,-0.353721,0.161507,0.900513,0.403722,0.31483,-0.434732,0.843736
0.99537,0.0874301,0.0399419,-0.0509143,0.832014,-0.552414,-0.0815298,0.547822,0.832613
0.969206,0.186473,-0.160832,-0.228944,0.922875,-0.309656,0.0906851,0.336942,0.937148
0.996914,-0.0587242,0.0521023,0.0559191,0.996987,0.0537549,-0.0551021,-0.0506755,0.997194
0.747769,-0.306752,0.588851,0.0487755,0.90986,0.412037,-0.662166,-0.279387,0.695327
0.718938,0.120892,0.68448,0.0210909,0.980511,-0.19533,-0.694754,0.154866,0.702377
0.966344,-0.140027,-0.215803,0.103716,0.979746,-0.171292,0.235418,0.143145,0.961295
0.835371,0.0919735,0.541938,-0.0842579,0.995677,-0.0390991,-0.543191,-0.0130003,0.839509
0.998617,0.0523299,0.00511727,-0.0459046,0.820245,0.570167,0.0256394,-0.569613,0.821513
0.863318,0.504315,-0.0186608,-0.492011,0.832877,-0.253459,-0.112281,0.227997,0.967166
0.845234,-0.158734,0.510278,0.158382,0.986375,0.0444881,-0.510387,0.043216,0.858858
0.905181,-0.221708,-0.362619,0.410156,0.679354,0.608483,0.111441,-0.699517,0.705873
0.791225,-0.547214,0.272981,0.299627,0.736046,0.607009,-0.533091,-0.398488,0.746339
0.835042,-0.424809,-0.349632,0.144693,0.782673,-0.605382,0.530819,0.45493,0.715031
0.964767,-0.0752805,0.252105,0.161681,0.925556,-0.342352,-0.207565,0.371051,0.905118
0.826622,-0.521614,-0.211224,0.236932,0.663029,-0.71011,0.51045,0.536947,0.671661
0.741439,0.25166,-0.622042,-0.588425,0.689412,-0.422454,0.322528,0.679249,0.65924
0.979911,0.171282,-0.102158,-0.0855021,0.823587,0.560708,0.180175,-0.54071,0.821687
0.754295,-0.614266,-0.231768,0.337067,0.665264,-0.66619,0.563405,0.424383,0.708854
0.725427,0.159278,0.669617,0.18378,0.892715,-0.411442,-0.66331,0.421533,0.618327
0.954857,0.262044,0.139933,-0.162382,0.854859,-0.492796,-0.248757,0.447827,0.85882
0.879086,-0.397437,-0.263158,0.474264,0.784611,0.399323,0.0477714,-0.475846,0.878231
0.837727,0.305723,0.452489,-0.318399,0.946631,-0.0501123,-0.443661,-0.102092,0.890361
0.671843,0.459332,0.581069,-0.705496,0.635794,0.313116,-0.225616,-0.620306,0.751211
0.69715,0.601459,-0.390165,-0.672934,0.736683,-0.0667695,0.247269,0.309104,0.918321
0.769851,0.154353,-0.619277,0.00512604,0.968788,0.247839,0.638203,-0.193974,0.745031
0.874415,0.115762,0.471166,-0.244007,0.944295,0.220834,-0.419355,-0.308068,0.853953
0.955174,0.208852,-0.209818,-0.0130797,0.737816,0.674875,0.295756,-0.641878,0.707475
0.738731,0.575841,-0.350261,-0.453559,0.809125,0.373633,0.498559,-0.11715,0.858903
0.721399,0.41017,-0.557982,-0.67791,0.58289,-0.447971,0.141498,0.701427,0.698555
0.823563,-0.290083,0.487438,0.534058,0.686092,-0.494025,-0.191119,0.667181,0.719961
0.785691,0.239588,-0.57034,-0.540264,0.71485,-0.443965,0.301339,0.656953,0.691092
0.74549,0.241533,0.621214,-0.262912,0.963019,-0.0589211,-0.612472,-0.119399,0.781423
0.694882,0.621795,-0.361261,-0.480376,0.775197,0.410254,0.535143,-0.111536,0.837366
0.948852,0.303997,-0.0852401,-0.265596,0.914539,0.305087,0.170701,-0.266843,0.948502
0.929792,-0.287576,-0.229755,0.366958,0.675357,0.639714,-0.0288,-0.679111,0.73347
0.888483,0.375941,0.263186,-0.27175,0.893144,-0.358393,-0.369797,0.246905,0.895705
0.974615,0.211268,0.0741012,-0.208569,0.977083,-0.0425259,-0.0813874,0.0259912,0.996344
0.750133,-0.587416,-0.303715,0.660518,0.643407,0.386967,-0.0318982,-0.490886,0.87064
0.842255,0.532595,-0.0833575,-0.41475,0.738988,0.530923,0.344367,-0.4126,0.84331
0.991095,0.104134,-0.0829876,-0.12678,0.928516,-0.348978,0.0407148,0.356392,0.933449
0.918644,0.363123,-0.155678,-0.389349,0.76515,-0.512789,-0.0670889,0.531684,0.844282
0.767983,0.422815,-0.481072,-0.374052,0.90581,0.198981,0.519892,0.0271319,0.853801
0.794172,-0.584412,-0.166593,0.511651,0.790954,-0.335567,0.327877,0.181261,0.927169
0.762769,-0.140441,-0.631237,-0.162359,0.903275,-0.397156,0.625958,0.405426,0.666189
0.609957,-0.521496,0.596653,0.630829,0.775233,0.0326875,-0.479592,0.356448,0.801834
0.718375,-0.567195,0.402774,0.284409,0.767849,0.574038,-0.634861,-0.297822,0.712919
0.883432,0.386787,-0.264468,-0.378018,0.921844,0.0854715,0.276858,0.0244654,0.960599
0.929734,-0.324051,-0.174888,0.356556,0.910892,0.207712,0.0919944,-0.255475,0.962429
0.655452,0.386961,-0.648571,-0.404412,0.905101,0.131314,0.637836,0.176219,0.749742
0.702169,0.485971,0.520375,-0.454013,0.868592,-0.198544,-0.54848,-0.0968457,0.830536
0.892238,0.161469,0.421711,0.0731339,0.869885,-0.487803,-0.445605,0.466078,0.764335
0.773625,0.0446563,0.632068,-0.143601,0.983916,0.106247,-0.617157,-0.172962,0.767594
0.985331,-0.0235386,-0.169022,0.0065943,0.994954,-0.100118,0.170526,0.0975351,0.980514
0.974663,-0.110188,-0.194654,0.121863,0.991336,0.0490212,0.187566,-0.0715002,0.979646
0.946799,-0.314047,0.0703257,0.185713,0.711623,0.677572,-0.262835,-0.628464,0.732087
0.981649,-0.131371,-0.138224,0.0905225,0.958997,-0.268573,0.167839,0.251132,0.95329
0.946608,0.244314,0.210341,-0.0401525,0.736717,-0.675008,-0.319876,0.630523,0.707192
0.784003,-0.620065,-0.0293182,0.507541,0.613105,0.605396,-0.357409,-0.489512,0.795385
0.733656,-0.641007,0.225517,0.5761,0.762741,0.293828,-0.360357,-0.0856484,0.928874
0.732963,0.679231,0.0375548,-0.595478,0.667317,-0.447318,-0.328893,0.305505,0.893586
0.955542,-0.0391521,-0.292243,0.00213674,0.992038,-0.125918,0.294846,0.119695,0.948018
0.891783,-0.198342,0.406675,0.371893,0.833259,-0.409116,-0.25772,0.516082,0.816847
0.718142,0.303288,0.626329,-0.421694,0.905622,0.0449797,-0.553576,-0.296421,0.77826
0.968414,0.239919,0.0679166,-0.249088,0.94325,0.219623,-0.0113706,-0.229603,0.973218
0.747627,-0.656725,-0.0988228,0.658619,0.714071,0.237327,-0.0852918,-0.242518,0.96639
0.971149,-0.107121,0.213061,0.226165,0.697049,-0.680421,-0.0756263,0.708977,0.701165
0.733531,-0.319801,0.599717,0.646523,0.600471,-0.470577,-0.209622,0.732913,0.647223
0.781384,-0.293095,0.550939,0.3941,0.916283,-0.0714882,-0.483863,0.272985,0.831478
0.977204,-0.194359,0.0854277,0.212282,0.900328,-0.379928,-0.00307063,0.389402,0.921063
0.903245,0.291194,0.315204,-0.14382,0.897467,-0.416977,-0.404306,0.3313,0.852512
0.633608,0.361301,0.684107,-0.609314,0.777933,0.153482,-0.476736,-0.514084,0.71305
0.887641,-0.445381,-0.11717,0.311428,0.767927,-0.559733,0.339272,0.460352,0.820348
0.801062,-0.572934,-0.173341,0.598468,0.772248,0.213237,0.0116919,-0.274555,0.9615
0.891418,-0.325903,-0.314898,0.420337,0.85431,0.305731,0.169382,-0.404897,0.898537
0.964803,0.262939,0.00419605,-0.262693,0.964392,-0.0306764,-0.0121127,0.0284944,0.999521
0.771179,0.442921,0.457278,-0.493103,0.869901,-0.0109917,-0.402656,-0.217009,0.889256
0.937194,0.0905883,-0.33684,-0.227626,0.890555,-0.393825,0.264299,0.445764,0.855243
0.952978,-0.275487,0.126255,0.293056,0.73172,-0.61539,0.0771482,0.623453,0.778046
0.930454,0.0686351,-0.359922,-0.117893,0.986143,-0.116719,0.346924,0.151034,0.925653
0.73292,-0.0209806,-0.679991,0.0157283,0.99978,-0.0138949,0.680133,-0.000511222,0.733089
0.849693,-0.304593,0.430401,0.272392,0.952482,0.136313,-0.451469,0.00141337,0.892286
0.680578,0.369993,-0.632391,-0.61499,0.757634,-0.218581,0.398248,0.537676,0.743171
0.962578,0.27092,0.00670621,-0.226991,0.819523,-0.526172,-0.148046,0.504959,0.850352
0.987286,-0.0857071,0.133869,-0.0163118,0.783109,0.621671,-0.158116,-0.61595,0.771754
0.837715,0.541424,0.0713734,-0.482452,0.794958,-0.367808,-0.255879,0.273684,0.927159
0.913013,0.38413,-0.137301,-0.382334,0.923145,0.0402912,0.142226,0.0157085,0.98971
0.769947,0.424027,-0.476846,-0.291947,0.898566,0.327638,0.567405,-0.113051,0.815641
0.789762,-0.0893681,0.606868,-0.0435189,0.978674,0.200755,-0.611867,-0.184959,0.769031
0.96143,-0.0275178,-0.273671,-0.0451556,0.965691,-0.255737,0.271319,0.258231,0.927202
0.790423,-0.153593,-0.592993,0.341727,0.913982,0.218767,0.508384,-0.37556,0.77492
0.888991,-0.149182,0.432942,0.299383,0.904748,-0.302988,-0.346503,0.398969,0.848975
0.986256,0.0933524,0.136322,-0.12224,0.96737,0.22193,-0.111156,-0.235543,0.965486
0.827713,0.196966,0.525448,0.127857,0.845548,-0.518365,-0.546392,0.496239,0.674687
0.894151,0.444895,0.0506086,-0.434694,0.835378,0.336429,0.107398,-0.322817,0.940348
0.775817,-0.429284,-0.462411,0.611888,0.690708,0.385378,0.153954,-0.581926,0.798536
0.857435,-0.476433,-0.194468,0.476093,0.591034,0.651164,-0.195299,-0.650915,0.733599
0.883626,-0.254497,0.392983,0.28164,0.959446,-0.0119306,-0.374009,0.121222,0.919468
0.766421,0.634653,0.0990721,-0.554374,0.575642,0.601087,0.324451,-0.515609,0.793019
0.935052,-0.327427,-0.135901,0.340574,0.936096,0.0879454,0.0984206,-0.128518,0.986811
0.771376,-0.212299,0.599923,0.377481,0.9116,-0.162768,-0.512335,0.352015,0.783325
0.684337,-0.349793,-0.639787,0.484563,0.873815,0.0405596,0.544869,-0.337774,0.767481
0.573852,0.571275,-0.586804,-0.662835,0.744807,0.0768904,0.480981,0.344831,0.80607
0.857657,0.505918,-0.0920411,-0.364817,0.724785,0.584462,0.3624,-0.46769,0.806184
0.881201,0.299284,0.365942,-0.339299,0.939415,0.0487473,-0.329182,-0.16712,0.92936
0.720178,0.692483,0.0425492,-0.615184,0.609026,0.500636,0.320768,-0.386723,0.864612
0.942728,0.313928,0.112753,-0.324002,0.781455,0.533246,0.0792893,-0.539238,0.838412
0.707176,0.51367,0.485846,-0.0632796,0.730381,-0.680102,-0.704201,0.450208,0.549013
0.64848,0.616049,0.447166,-0.579821,0.780353,-0.234214,-0.493235,-0.107393,0.863242
0.843374,0.129907,0.521387,-0.0568308,0.986458,-0.153856,-0.534313,0.100127,0.839336
0.820966,-0.470165,-0.323975,0.457032,0.88122,-0.120722,0.342253,-0.0489582,0.938332
0.721494,0.530948,0.444455,-0.67773,0.673024,0.296177,-0.141875,-0.51491,0.845422
0.783371,-0.609905,-0.119776,0.413914,0.655654,-0.6315,0.463687,0.445122,0.766069
0.891627,-0.196113,-0.408095,0.217766,0.975977,0.00677469,0.396963,-0.0949099,0.912914
0.929657,0.345561,0.127771,-0.24346,0.836494,-0.490922,-0.276523,0.425282,0.861783
0.836226,-0.386929,-0.388603,0.212513,0.881907,-0.420807,0.505534,0.269306,0.819701
0.831774,0.476437,0.284884,-0.548547,0.784146,0.290191,-0.0851333,-0.397645,0.913581
0.884104,-0.00997111,-0.467183,0.113236,0.974546,0.19349,0.453362,-0.223967,0.862729
0.785711,0.272048,0.55556,0.180836,0.757856,-0.62686,-0.591571,0.592996,0.54626
0.945657,0.313805,-0.0851974,-0.325134,0.908928,-0.261032,-0.00447489,0.274548,0.961563
0.672866,0.725688,-0.143628,-0.578496,0.63718,0.509258,0.46108,-0.259574,0.848544
0.981471,-0.0311813,0.189058,-0.00400662,0.983115,0.182945,-0.19157,-0.180313,0.964774
0.728658,-0.0921104,-0.678655,0.374996,0.882837,0.282802,0.573093,-0.460559,0.677827
0.728761,0.590602,-0.346551,-0.426522,0.787425,0.445018,0.535711,-0.1765,0.825749
0.724463,-0.516451,-0.456544,0.323823,0.839671,-0.435995,0.608517,0.168022,0.775549
0.971337,0.124277,0.202631,-0.0665907,0.960575,-0.269927,-0.228188,0.248697,0.941318
0.735525,-0.231919,0.636566,0.580248,0.70067,-0.415179,-0.349734,0.674741,0.649931
0.819004,-0.422552,-0.388179,0.197893,0.843025,-0.500147,0.538583,0.332804,0.77406
0.714759,-0.589562,-0.376212,0.426874,0.793872,-0.433066,0.553984,0.148942,0.819096
0.854149,0.416992,0.310719,-0.298331,0.882326,-0.364005,-0.425943,0.218218,0.87804
0.744861,-0.633066,0.210735,0.652921,0.626552,-0.425589,0.137389,0.454599,0.880037
0.768356,-0.442228,-0.46267,0.633661,0.627297,0.452739,0.0900169,-0.641041,0.76221
0.989419,0.0829116,0.11906,-0.100878,0.982935,0.153824,-0.104274,-0.164207,0.980899
0.923199,0.382819,-0.0339553,-0.384322,0.919755,-0.0796692,0.000731674,0.0866003,0.996243
0.636996,0.60219,-0.481252,-0.374799,0.787482,0.489282,0.673619,-0.131298,0.727323
0.978965,0.150029,-0.13827,-0.176545,0.962606,-0.20548,0.102272,0.225568,0.968844
0.608813,0.701355,-0.370739,-0.598344,0.712811,0.365903,0.520895,-0.00093684,0.85362
0.798477,0.587035,-0.133503,-0.56514,0.654465,-0.502288,-0.207487,0.476513,0.854333
0.677823,-0.483188,0.554152,0.14735,0.827704,0.541474,-0.720308,-0.285369,0.632235
0.761083,0.127751,0.63595,-0.536559,0.67491,0.506559,-0.364496,-0.726758,0.582208
0.863338,0.341323,0.37168,-0.259332,0.931939,-0.253448,-0.432891,0.122423,0.893095
0.923786,-0.379616,0.0501206,0.267181,0.7328,0.625794,-0.27429,-0.564708,0.778376
0.78803,-0.428275,0.442256,0.505676,0.860024,-0.0681995,-0.351142,0.277381,0.894292
0.822775,0.250105,0.51038,-0.113594,0.952221,-0.283499,-0.556899,0.17528,0.811874
0.917644,0.284477,-0.277494,-0.215783,0.943041,0.253201,0.333718,-0.17247,0.926761
0.928776,-0.169629,0.329547,0.329579,0.784746,-0.52493,-0.169568,0.596154,0.784759
0.760924,0.636792,0.124461,-0.580244,0.753683,-0.308672,-0.290364,0.162659,0.94299
0.712259,0.108702,0.693449,-0.300901,0.93984,0.161737,-0.63415,-0.323858,0.702118
0.890971,0.14947,-0.428753,-0.234389,0.96013,-0.152356,0.388886,0.23624,0.890482
0.713475,-0.239752,-0.658386,0.450381,0.876734,0.168802,0.536759,-0.416961,0.733507
0.670951,-0.591307,-0.447416,0.568997,0.797478,-0.200674,0.475464,-0.119936,0.871521
0.860417,-0.015063,-0.509368,0.0943544,0.986989,0.130195,0.50078,-0.160083,0.850643
0.779773,-0.625802,-0.0180329,0.62551,0.777554,0.0643899,-0.0262738,-0.0614893,0.997762
0.898968,0.435448,0.0473435,-0.436515,0.899577,0.0146527,-0.0362086,-0.0338384,0.998771
0.692009,-0.6554,0.302613,0.534671,0.746985,0.395147,-0.485026,-0.111647,0.867343
0.733742,0.58741,-0.341427,-0.318126,0.741059,0.591293,0.600349,-0.32524,0.730616
0.96076,0.0461761,0.273512,0.078154,0.901034,-0.426649,-0.266145,0.431283,0.862069
0.797223,0.0823547,-0.598041,-0.397647,0.81701,-0.417578,0.454216,0.570712,0.684088
0.791266,0.52266,-0.317372,-0.610559,0.646972,-0.456777,-0.0334083,0.555206,0.831041
0.973827,-0.0552212,-0.220479,0.1711,0.816647,0.551192,0.149616,-0.57449,0.804722
0.885944,-0.159569,-0.435478,0.0948963,0.981453,-0.166568,0.45398,0.106245,0.884655
0.649397,-0.564428,-0.509613,0.567888,0.805644,-0.168644,0.505754,-0.179886,0.843714
0.744287,-0.494645,0.448735,0.302464,0.848698,0.433852,-0.595443,-0.187184,0.781287
0.770153,-0.581324,0.262539,0.53322,0.812632,0.235174,-0.350059,-0.041129,0.935824
0.890891,0.36311,-0.272883,-0.402903,0.909124,-0.105652,0.209721,0.20407,0.956228
0.75612,-0.193629,0.625133,-0.0107991,0.951406,0.307751,-0.654344,-0.239447,0.717286
0.86521,-0.334425,-0.373592,0.494182,0.694803,0.522526,0.0848274,-0.636717,0.766418
0.991554,0.0700578,0.109146,-0.0130006,0.891005,-0.453807,-0.129042,0.448555,0.88439
0.778779,0.26402,-0.569032,-0.00231207,0.908317,0.418277,0.627295,-0.324429,0.707988
0.836389,-0.375398,-0.399412,0.108337,0.827512,-0.550896,0.537324,0.417492,0.732791
0.937633,-0.0190258,-0.347106,0.084977,0.980753,0.17579,0.33708,-0.194323,0.921203
0.983775,-0.127135,-0.126582,0.179343,0.715463,0.67524,0.00471792,-0.686986,0.726655
0.960007,0.279449,0.0171808,-0.272979,0.947883,-0.164316,-0.0622034,0.153055,0.986258
0.53103,0.664248,-0.5261,-0.534729,0.744331,0.400044,0.657322,0.0688856,0.750455
0.835314,-0.535329,-0.125192,0.546736,0.832776,0.0869665,0.0577011,-0.141091,0.988314
0.609412,0.421716,-0.671397,-0.704055,0.677238,-0.213671,0.364587,0.602914,0.709628
0.753467,-0.62209,-0.212819,0.529651,0.766078,-0.364135,0.389561,0.161644,0.906705
0.681449,0.612581,-0.400465,-0.402123,0.770582,0.494469,0.611494,-0.175919,0.771446
0.817891,0.121265,0.562449,0.225994,0.83127,-0.507855,-0.529131,0.542481,0.652483
0.848813,-0.320121,0.420761,0.249877,0.94426,0.214325,-0.465917,-0.0767831,0.88149
0.706842,-0.70494,-0.0585924,0.504117,0.560115,-0.657372,0.496226,0.435121,0.751285
0.852041,0.0417888,-0.521805,-0.171889,0.963872,-0.203481,0.49445,0.263066,0.828441
0.983929,0.0330556,0.175475,0.100031,0.711997,-0.695021,-0.147912,0.701404,0.697248
0.939267,0.342328,-0.0242714,-0.26113,0.758785,0.596704,0.222686,-0.554127,0.802094
0.844847,0.274691,-0.459106,-0.449482,0.829852,-0.330622,0.290171,0.485685,0.824567
0.83638,-0.00941867,0.548069,-0.133691,0.966154,0.220622,-0.531596,-0.257796,0.806813
0.934312,-0.35012,-0.0669087,0.240267,0.75723,-0.60735,0.263311,0.551378,0.791612
0.837393,-0.545539,0.0340786,0.47021,0.687169,-0.553807,0.278705,0.479778,0.831947
0.914909,-0.189136,0.356608,0.0489783,0.928923,0.367019,-0.400678,-0.318323,0.859143
0.822401,-0.215711,-0.526427,0.121002,0.970479,-0.208634,0.555891,0.107882,0.824225
0.837167,-0.546946,-0.000797108,0.546883,0.837091,-0.0140677,0.00836151,0.0113411,0.999901
0.830229,-0.315143,-0.459787,0.400549,0.910922,0.0989078,0.38766,-0.266283,0.882504
0.830481,-0.473587,-0.293285,0.487166,0.872798,-0.0298815,0.27013,-0.118063,0.955558
0.89635,0.440754,-0.0478883,-0.401585,0.761399,-0.508922,-0.187847,0.475403,0.85948
0.745705,0.603957,0.281354,-0.521408,0.791878,-0.317905,-0.414799,0.0903629,0.905415
0.984799,0.0427186,-0.168363,-0.144094,0.742176,-0.654532,0.096994,0.668842,0.73705
0.837823,-0.258252,0.480997,0.426887,0.859111,-0.282306,-0.340324,0.441854,0.830027
0.830223,0.261217,0.492439,-0.222491,0.965271,-0.136928,-0.511105,0.00411749,0.859508
0.582458,0.394879,0.710502,-0.664327,0.734939,0.136144,-0.468415,-0.551303,0.6904
0.909759,0.0997885,-0.402964,-0.254083,0.901479,-0.350397,0.328298,0.421163,0.845483
0.740267,0.0503801,0.670423,-0.479714,0.738239,0.474213,-0.471041,-0.672655,0.570662
0.802301,0.559358,-0.208402,-0.590093,0.69057,-0.418215,-0.0900161,0.458511,0.884118
0.9633,-0.102991,-0.247884,0.00283442,0.927317,-0.374266,0.268413,0.359828,0.893576
0.721398,-0.339618,0.603527,0.53966,0.821845,-0.182587,-0.433996,0.457417,0.776155
0.747636,-0.554312,-0.365758,0.579849,0.813345,-0.0473844,0.323753,-0.176658,0.929503
0.856414,0.247233,0.453245,-0.410273,0.858823,0.306754,-0.313417,-0.448663,0.836942
0.788126,0.0154577,-0.61532,0.41068,0.731425,0.544389,0.458475,-0.681747,0.570107
0.806949,0.0128113,-0.590482,-0.359486,0.803901,-0.473829,0.468619,0.594626,0.653312
0.977226,0.10572,-0.183992,-0.0941835,0.993065,0.0703717,0.190156,-0.05144,0.980405
0.973825,0.0474423,-0.222292,-0.0886256,0.979824,-0.179137,0.209308,0.194149,0.958382
0.903907,0.255879,0.342751,0.00506386,0.794869,-0.60676,-0.427699,0.55019,0.717192
0.952965,0.049115,0.299073,-0.105958,0.978503,0.17693,-0.283954,-0.200297,0.937684
0.657877,0.450243,0.603722,-0.60479,0.793542,0.067234,-0.448807,-0.409356,0.794355
0.886391,-0.375645,0.27056,0.238609,0.871546,0.428337,-0.396708,-0.315116,0.862163
0.798066,-0.468842,-0.378521,0.583054,0.759419,0.28867,0.152116,-0.451076,0.879427
0.77202,-0.587759,0.241918,0.631394,0.752894,-0.185721,-0.0729787,0.296126,0.952357
0.822602,-0.293771,-0.486851,-0.0572177,0.809091,-0.584891,0.565731,0.508989,0.648751
0.69346,0.62392,-0.36033,-0.697839,0.706053,-0.120456,0.179257,0.334983,0.925015
0.774084,-0.152406,0.614465,-0.0865986,0.935977,0.341246,-0.627133,-0.317364,0.711326
0.768172,0.425359,-0.478519,-0.450611,0.890136,0.0678781,0.45482,0.163484,0.875449
0.713669,0.700482,-0.00110129,-0.68341,0.696619,0.218341,0.153711,-0.155071,0.975872
0.956802,0.186636,0.222928,-0.108926,0.941025,-0.320323,-0.269565,0.282203,0.920704
0.936981,0.347945,-0.0316283,-0.289219,0.823241,0.488495,0.196007,-0.448563,0.871993
0.833299,-0.00124158,0.552821,-0.287132,0.853561,0.434728,-0.472407,-0.520991,0.710915
0.878859,-0.0239645,-0.476479,0.0335793,0.999368,0.0116733,0.475899,-0.0262591,0.879108
0.935608,0.244401,-0.254765,-0.352856,0.67065,-0.652473,0.011393,0.700355,0.713704
0.634236,0.644631,-0.426844,-0.695081,0.71717,0.0502864,0.338536,0.264798,0.902926
0.825239,0.531798,-0.190188,-0.564591,0.785579,-0.253185,0.014765,0.316317,0.948539
0.776587,0.486033,0.400854,-0.600084,0.764424,0.235702,-0.191863,-0.42359,0.885302
0.764086,-0.511102,0.393633,0.385776,0.851058,0.356199,-0.517059,-0.120312,0.847452
0.992742,-0.120067,-0.00692086,0.112451,0.947104,-0.300582,0.0426446,0.297622,0.953731
0.850094,0.303091,0.43067,-0.457004,0.830953,0.317278,-0.261703,-0.466534,0.844901
0.732092,-0.442466,0.517944,0.642601,0.700896,-0.309531,-0.226067,0.559436,0.797449
0.757782,-0.475942,0.446368,0.65214,0.575363,-0.49363,-0.0218846,0.665159,0.746381
0.999483,0.0244824,-0.0208559,-0.0319139,0.835273,-0.548909,0.00398178,0.54929,0.835622
0.805443,-0.38972,0.446519,0.0474667,0.793397,0.606851,-0.590769,-0.467589,0.657535
0.872783,-0.180163,-0.453643,-0.192736,0.726662,-0.659405,0.448445,0.66295,0.599494
0.627118,-0.407227,0.663995,0.459174,0.881858,0.107169,-0.629191,0.237681,0.740017
0.855512,0.443764,-0.26678,-0.476818,0.876064,-0.0718121,0.201848,0.188642,0.961078
0.783382,-0.485109,0.388563,0.607321,0.730396,-0.312544,-0.132187,0.480823,0.866796
0.927896,0.36851,-0.0566543,-0.367283,0.929589,0.031106,0.0641281,-0.00805494,0.997909
0.763413,0.564998,0.313015,-0.349097,0.76865,-0.536012,-0.543444,0.299926,0.784036
0.810192,-0.247384,0.531403,0.100498,0.951778,0.289859,-0.577484,-0.181436,0.795985
0.983587,-0.178127,0.0287495,0.166528,0.834855,-0.524676,0.0694573,0.520852,0.850816
0.776433,-0.227416,0.587736,0.29284,0.956011,-0.0169439,-0.558029,0.185268,0.808876
0.725453,-0.0792052,0.683699,-0.110868,0.966937,0.229656,-0.679284,-0.242405,0.692686
0.816733,-0.174717,0.549928,0.20489,0.978762,0.00666699,-0.539414,0.10723,0.835185
0.823059,0.428457,-0.372824,-0.386632,0.903527,0.184809,0.41604,-0.00796286,0.909312
0.913765,0.0873933,-0.396732,-0.331577,0.724682,-0.604064,0.234713,0.683519,0.691166
0.592181,-0.601095,-0.536662,0.412186,0.79823,-0.439241,0.692405,0.0389057,0.72046
0.937496,0.089449,-0.336304,0.0348779,0.937383,0.34655,0.346244,-0.336618,0.875673
0.89879,0.172283,0.403107,0.133222,0.768705,-0.625575,-0.417647,0.615963,0.667952
0.898715,0.378786,0.220983,-0.162282,0.755403,-0.634848,-0.407402,0.534685,0.740361
0.75552,0.519841,-0.398691,-0.379498,0.843344,0.380462,0.534014,-0.136145,0.834442
0.748425,0.651698,0.123088,-0.557011,0.516911,0.650032,0.359999,-0.555061,0.749872
0.729304,-0.287681,0.62077,0.3166,0.946222,0.0665506,-0.606532,0.148,0.781163
0.639372,0.658147,0.397548,-0.34876,0.709028,-0.6129,-0.685251,0.253223,0.682868
0.785489,-0.505955,-0.356394,0.368749,0.845114,-0.387048,0.497023,0.172602,0.850398
0.910745,0.388364,-0.14042,-0.367301,0.91719,0.154441,0.188771,-0.08908,0.977973
0.911004,-0.405294,-0.0762145,0.412353,0.897919,0.153968,0.00603212,-0.171693,0.985132
0.799527,0.481769,0.358686,-0.525149,0.850544,0.0281745,-0.291505,-0.21089,0.933033
0.856136,0.404771,0.321234,-0.503673,0.792607,0.343638,-0.115518,-0.455998,0.882452
0.868441,0.166869,0.466868,-0.419429,0.749383,0.512352,-0.264367,-0.640766,0.720784
0.722184,-0.163083,0.6722,0.132209,0.986437,0.0972801,-0.678948,0.018617,0.73395
0.892727,0.346258,0.288347,-0.047069,0.70808,-0.704562,-0.448133,0.615409,0.64842
0.898425,0.152332,-0.411859,-0.377632,0.746684,-0.547592,0.224113,0.647502,0.728365
0.704134,-0.668843,-0.23842,0.706288,0.69432,0.138119,0.0731601,-0.265648,0.96129
0.786822,-0.365571,0.497262,-0.0877868,0.731217,0.676473,-0.610905,-0.575916,0.543245
0.931004,-0.290112,0.221509,0.133446,0.835381,0.533227,-0.33974,-0.466877,0.816457
0.916183,-0.271694,0.294603,0.363925,0.871886,-0.327679,-0.167832,0.407427,0.897684
0.751415,0.250215,0.610547,-0.313026,0.949736,-0.00397342,-0.580853,-0.188131,0.79197
0.915151,-0.39858,-0.0602787,0.333037,0.663313,0.670151,-0.227125,-0.633364,0.739773
0.958709,-0.155107,0.238368,0.119833,0.980458,0.156021,-0.25791,-0.121014,0.95856
0.70894,0.00023949,-0.705269,-0.427301,0.79571,-0.429255,0.561087,0.605678,0.564213
0.698752,0.381731,-0.605002,-0.35472,0.91932,0.170367,0.621225,0.0955621,0.777784
0.875127,0.45248,0.17151,-0.381357,0.863086,-0.331135,-0.297859,0.224378,0.927866
0.791558,-0.556163,-0.253217,0.42209,0.797233,-0.431577,0.4419,0.234738,0.865807
0.722329,-0.203258,-0.661004,-0.0170814,0.950296,-0.31088,0.691338,0.235849,0.682955
0.787062,-0.493532,0.37008,0.281153,0.820989,0.49692,-0.549078,-0.287058,0.784927
0.748223,-0.0753147,0.659159,-0.0407564,0.986441,0.158973,-0.662195,-0.145812,0.735008
0.874816,-0.130181,0.466637,0.109714,0.991431,0.0709034,-0.471868,-0.0108308,0.881603
0.734703,0.617232,-0.281487,-0.662638,0.564059,-0.492694,-0.145331,0.548509,0.823418
0.713348,-0.646646,0.270154,0.690051,0.715398,-0.109706,-0.122326,0.264679,0.956547
0.960053,0.0144793,0.279443,0.0422257,0.979727,-0.195835,-0.276613,0.199812,0.939979
0.875628,0.249174,-0.41375,-0.365861,0.901442,-0.231403,0.315312,0.353998,0.880491
0.889518,-0.142151,0.434225,0.369425,0.782993,-0.500448,-0.268856,0.605571,0.749
0.739641,0.66508,0.102955,-0.671552,0.739395,0.048087,-0.0441426,-0.104707,0.993523
0.999678,0.00794069,0.024086,0.00786841,0.805743,-0.592214,-0.0241097,0.592213,0.805421
0.970683,-0.158597,-0.180617,-0.0121287,0.718151,-0.695781,0.240059,0.677573,0.695174
0.837193,-0.433587,0.333332,0.501803,0.85136,-0.152905,-0.217488,0.295278,0.930328
0.887655,-0.328894,0.32233,0.077478,0.796627,0.599486,-0.453944,-0.507163,0.732612
0.760118,-0.264123,0.593683,-0.0214098,0.902984,0.42914,-0.649432,-0.338908,0.68072
0.760936,0.648724,-0.0115139,-0.635106,0.748358,0.191313,0.132726,-0.138264,0.981462
0.95371,-0.272644,0.126895,0.29006,0.945367,-0.148816,-0.0793881,0.178734,0.980689
0.939303,0.337569,0.061297,-0.315066,0.919424,-0.235357,-0.135807,0.201759,0.969974
0.830922,-0.00373462,0.556377,-0.352039,0.770834,0.530927,-0.430857,-0.637025,0.639188
0.835496,0.407193,-0.368972,-0.160493,0.823024,0.54486,0.525537,-0.396011,0.752985
0.839402,-0.346463,0.418769,0.132054,0.877407,0.461215,-0.527224,-0.331845,0.782249
0.865596,-0.138641,-0.481168,0.34517,0.86134,0.372761,0.36277,-0.488745,0.793427
0.966891,0.169174,0.191054,-0.140045,0.97763,-0.156928,-0.213328,0.124976,0.968954
0.868414,0.495816,0.00481159,-0.452966,0.797236,-0.399044,-0.201688,0.344356,0.916919
0.819098,0.429706,-0.380042,-0.470443,0.882278,-0.0163644,0.328271,0.192192,0.924824
0.856064,0.250558,-0.452078,-0.356781,0.919304,-0.166097,0.37398,0.303483,0.876377
0.906485,0.0585183,0.418163,-0.0176211,0.99473,-0.101005,-0.42187,0.0841912,0.902739
0.774694,-0.632298,0.00700676,0.504356,0.611179,-0.609989,0.381412,0.476088,0.792379
0.777388,-0.414659,-0.472997,0.539929,0.825666,0.163561,0.322716,-0.382535,0.865749
0.82745,-0.518494,-0.215617,0.429713,0.831842,-0.351264,0.361487,0.198,0.911111
0.938855,-0.344056,0.0132888,0.335981,0.907016,-0.253846,0.0752842,0.24279,0.967153
0.984629,-0.159936,-0.0701802,0.13311,0.947315,-0.291335,0.113078,0.277515,0.954043
0.822885,-0.338787,-0.456162,0.534548,0.733781,0.419314,0.192665,-0.588888,0.784915
0.818817,0.567323,-0.0876508,-0.47311,0.580444,-0.66276,-0.325123,0.584148,0.743684
0.926499,-0.237744,-0.291679,0.0596269,0.858092,-0.510022,0.371542,0.455143,0.809198
0.737992,-0.248564,-0.627363,-0.0871382,0.886803,-0.453859,0.66916,0.389611,0.632794
0.675515,-0.712686,0.189099,0.609258,0.683951,0.401267,-0.415312,-0.155852,0.896229
0.813241,-0.575553,0.0858954,0.45907,0.725233,0.51312,-0.357622,-0.377858,0.854008
0.935681,-0.275082,-0.220979,0.267462,0.96142,-0.0643061,0.230143,0.00106667,0.973156
0.971843,-0.070307,-0.224897,0.195797,0.771964,0.604761,0.131094,-0.631767,0.763993
0.976758,-0.214072,-0.0107801,0.167669,0.731766,0.66061,-0.13353,-0.647064,0.750652
0.805241,-0.474634,0.355401,0.59262,0.664161,-0.455733,-0.0197364,0.577592,0.816087
0.709493,0.534272,0.459535,-0.136396,0.743867,-0.654261,-0.691387,0.401515,0.600641
0.851676,-0.352758,0.387568,0.519925,0.661551,-0.540397,-0.0657671,0.66175,0.746835
0.75965,0.569887,-0.313306,-0.642588,0.731881,-0.226785,0.100061,0.373604,0.922176
0.766787,0.485909,-0.41944,-0.478145,0.868331,0.131829,0.428269,0.0994689,0.89816
0.808875,0.0074989,-0.587933,0.139539,0.968904,0.204336,0.571183,-0.247322,0.782676
0.786407,0.502882,-0.358711,-0.306508,0.821857,0.480212,0.536299,-0.267694,0.800452
0.935426,0.352485,0.0270694,-0.352893,0.926454,0.130958,0.0210821,-0.132054,0.991018
0.801469,-0.592837,-0.0786881,0.567315,0.795317,-0.213597,0.18921,0.12655,0.973748
0.954539,-0.230369,-0.189168,0.264857,0.946639,0.183648,0.136767,-0.225401,0.964619
0.971053,0.0433842,0.234891,0.0317735,0.951168,-0.307033,-0.236741,0.305609,0.922256
0.764014,-0.415034,0.493994,0.352759,0.909778,0.21878,-0.540226,0.00711004,0.84149
0.768639,-0.390889,0.506359,0.090379,0.849999,0.518973,-0.633266,-0.353139,0.688671
0.706271,0.407553,0.578863,-0.234004,0.906105,-0.352443,-0.66815,0.113464,0.735325
0.849199,0.478249,-0.223917,-0.4056,0.862239,0.30337,0.338156,-0.1668,0.92619
0.918468,0.394223,0.0316975,-0.386009,0.911003,-0.145157,-0.0861007,0.121086,0.988901
0.693497,-0.651902,0.306734,0.693861,0.718955,-0.0407603,-0.193956,0.241098,0.950922
0.940642,0.173881,0.291477,-0.156165,0.984223,-0.0831734,-0.30134,0.0327181,0.952955
0.722814,0.393986,-0.567729,0.000807518,0.821071,0.570826,0.691043,-0.413059,0.593163
0.911562,0.108303,-0.396642,0.198952,0.728046,0.656023,0.359823,-0.676919,0.642113
0.934736,-0.034436,-0.353669,0.202487,0.869509,0.450503,0.292005,-0.492715,0.819735
0.994879,-0.073191,0.0697116,0.10107,0.728714,-0.677318,-0.0012262,0.680895,0.73238
0.728579,0.10964,0.676129,-0.458229,0.811711,0.362149,-0.509115,-0.573676,0.641636
0.946225,0.297765,0.126465,-0.216114,0.872705,-0.437814,-0.240733,0.38694,0.890127
0.832074,-0.255269,0.492434,-0.0585831,0.842392,0.535671,-0.551563,-0.474566,0.685978
0.815519,0.532221,0.227309,-0.260228,0.688056,-0.677392,-0.516923,0.493275,0.699622
0.884495,0.153568,-0.440552,-0.413033,0.696864,-0.586332,0.216963,0.70057,0.679801
0.912865,-0.295155,0.282066,0.218786,0.936982,0.272393,-0.344689,-0.186946,0.919913
0.638549,0.294268,0.711098,-0.569836,0.801828,0.179885,-0.517244,-0.520075,0.679691
0.991124,-0.126375,-0.0412653,0.127192,0.811114,0.570891,-0.0386757,-0.571073,0.819988
0.960286,0.269683,-0.0715704,-0.278263,0.906776,-0.316744,-0.0205223,0.32408,0.945807
0.941314,0.327956,0.0798285,-0.202909,0.738823,-0.642626,-0.269732,0.588715,0.76201
0.589464,-0.542054,-0.598923,0.691966,0.721381,0.0281526,0.416792,-0.431029,0.800311
0.773822,0.627778,-0.0842337,-0.417307,0.605334,0.677809,0.476503,-0.489352,0.730397
0.851819,-0.118308,-0.510301,0.364914,0.832922,0.416028,0.375821,-0.540597,0.752671
0.717972,0.608034,0.338837,-0.625632,0.77708,-0.068781,-0.305125,-0.162605,0.938327
0.828133,0.192577,-0.526412,-0.0201816,0.948765,0.315337,0.560167,-0.250517,0.789591
0.93822,0.116243,-0.325932,-0.194991,0.95571,-0.220445,0.285871,0.270379,0.919333
0.759156,0.543985,0.357437,-0.635902,0.73706,0.228848,-0.138962,-0.401027,0.905465
0.885721,-0.464195,0.00470729,0.455204,0.866488,-0.204908,0.0910383,0.183634,0.97877
0.812958,-0.330208,-0.479648,0.0694224,0.872764,-0.48318,0.57817,0.359506,0.732444
0.945685,-0.180487,-0.270378,0.144121,0.978285,-0.148958,0.291391,0.1019,0.951161
0.898098,0.247138,-0.363789,-0.423513,0.708985,-0.563895,0.118561,0.660502,0.741404
0.933499,-0.258173,0.24885,0.166985,0.927134,0.335467,-0.317326,-0.271604,0.90859
0.712012,0.702059,-0.0123277,-0.701947,0.712119,0.0125649,0.0176001,-0.00029293,0.999845
0.889875,-0.450319,-0.0730465,0.320324,0.730772,-0.602797,0.324831,0.513016,0.794544
0.850954,0.258682,0.457122,-0.363574,0.918206,0.157203,-0.379067,-0.29997,0.875401
0.916202,-0.35511,0.185663,0.213227,0.824325,0.524426,-0.339275,-0.440892,0.830967
0.980213,-0.0593234,-0.188847,-0.0404997,0.873748,-0.48469,0.193758,0.482748,0.854057
0.91124,-0.411745,-0.0103335,0.321184,0.726077,-0.607991,0.25784,0.550707,0.793877
0.991807,-0.126934,-0.0143711,0.0838188,0.73153,-0.676637,0.0964013,0.669889,0.736176
0.904394,0.26618,0.333496,-0.198076,0.954153,-0.224405,-0.377938,0.136893,0.915654
0.680286,-0.66103,0.316623,0.67741,0.731998,0.0727674,-0.279869,0.164981,0.945756
0.755463,0.260885,-0.601011,-0.0638663,0.94226,0.328734,0.652071,-0.209962,0.728505
0.70001,0.696258,-0.158778,-0.697427,0.714333,0.0576561,0.153564,0.0703763,0.985629
0.676811,0.706381,-0.20725,-0.52131,0.658676,0.54257,0.519772,-0.259175,0.814043
0.66475,-0.347016,-0.66158,0.611291,0.761735,0.214671,0.429454,-0.54712,0.718491
0.804515,0.449949,0.387688,-0.311107,0.875285,-0.370254,-0.505933,0.177263,0.844162
0.78369,0.360632,0.505742,-0.0733497,0.862232,-0.501175,-0.616807,0.355669,0.702174
0.568549,-0.692409,0.44421,0.595112,0.718987,0.359026,-0.567974,0.0602304,0.82084
0.631039,0.502242,0.591221,-0.360028,0.864688,-0.350278,-0.687146,0.00818287,0.726473
0.932935,-0.359864,0.0114255,0.35605,0.917405,-0.177754,0.0534853,0.169901,0.984009
0.899382,0.437165,3.23931e-05,-0.363686,0.748255,-0.55484,-0.242581,0.499001,0.831957
0.621106,0.519757,-0.586583,-0.658217,0.752213,-0.0304377,0.425415,0.405004,0.809317
0.656913,0.708241,0.258573,-0.64801,0.705667,-0.286561,-0.385421,0.020688,0.922509
0.561893,0.575399,-0.5943,-0.462185,0.814215,0.351338,0.686047,0.0772622,0.723443
0.91219,-0.0938244,-0.398882,0.280576,0.852458,0.441126,0.298641,-0.514307,0.803929
0.931675,0.120199,0.342833,-0.0604472,0.981815,-0.17996,-0.35823,0.146941,0.921998
0.745509,-0.646074,0.163722,0.665942,0.712059,-0.22247,0.0271523,0.274883,0.961094
0.860124,-0.00818604,0.510019,-0.237348,0.87861,0.41438,-0.4515,-0.47747,0.753771
0.723601,0.239076,0.64749,-0.10768,0.965711,-0.236237,-0.681767,0.10122,0.724533
0.853764,0.397442,-0.336342,-0.417383,0.90862,0.0142022,0.311251,0.128258,0.941633
0.670925,0.587898,-0.451924,-0.40262,0.800607,0.443763,0.622701,-0.115778,0.773847
0.728586,-0.553155,-0.403957,0.325984,0.798713,-0.505759,0.602409,0.236805,0.762251
0.897713,-0.41462,-0.149002,0.440566,0.842,0.311349,-0.00363149,-0.345147,0.938542
0.983493,-0.180259,0.0157324,0.116832,0.69901,0.705503,-0.13817,-0.69202,0.708532
0.832916,-0.281168,0.476651,0.490059,0.774877,-0.399259,-0.257087,0.566136,0.783196
0.955903,-0.16358,-0.243908,0.281971,0.743394,0.606512,0.0821062,-0.648542,0.756738
0.668896,-0.556738,0.492565,0.710098,0.674541,-0.20188,-0.219861,0.484806,0.846536
0.655155,0.554959,0.512634,-0.212014,0.786327,-0.580292,-0.725136,0.271496,0.632825
0.721497,-0.418094,-0.551942,0.197341,0.888226,-0.414863,0.663701,0.190402,0.723359
0.841776,-0.38798,0.375347,0.156789,0.841052,0.517734,-0.516557,-0.376966,0.768808
0.820209,-0.553512,-0.144504,0.562658,0.826179,0.0290487,0.103307,-0.105132,0.989078
0.96491,0.218264,0.145977,-0.197315,0.969506,-0.145343,-0.173249,0.111439,0.978553
0.715384,-0.427157,0.552958,0.668421,0.648921,-0.363475,-0.203565,0.629633,0.749749
0.855312,-0.499044,-0.139268,0.332184,0.734476,-0.591776,0.397611,0.459891,0.793981
0.768614,-0.114619,0.62936,-0.16326,0.916094,0.366222,-0.618529,-0.384233,0.68541
0.989912,0.138173,0.0313481,-0.113789,0.907139,-0.405155,-0.0844186,0.397501,0.91371
0.958644,0.222824,0.177061,-0.165614,0.94269,-0.289667,-0.231459,0.248363,0.940608
0.806472,-0.367108,-0.463503,0.0619939,0.832086,-0.551171,0.588014,0.415769,0.693813
0.974496,0.0251069,0.222998,0.103848,0.83046,-0.547313,-0.198932,0.556512,0.806673
0.719018,-0.0194235,0.694721,0.322328,0.894921,-0.30858,-0.615726,0.445802,0.649725
0.788332,0.545246,-0.285025,-0.349378,0.778054,0.52208,0.506427,-0.311991,0.803862
0.799282,-0.0325031,-0.600076,-0.275326,0.86777,-0.413728,0.534175,0.495902,0.684644
0.919968,0.0725834,0.385215,0.100157,0.906565,-0.410011,-0.378982,0.415779,0.826741
0.68787,0.608494,0.395689,-0.643702,0.763311,-0.0548099,-0.335385,-0.217003,0.916748
0.96311,-0.16811,-0.210139,-0.00869103,0.761033,-0.648655,0.268969,0.626552,0.731497
0.871018,0.00213098,-0.491247,0.14183,0.956317,0.255623,0.470332,-0.292325,0.832666
0.768703,0.536792,0.347778,-0.585629,0.809314,0.0452628,-0.257165,-0.238463,0.936484
0.874236,0.304571,-0.378085,-0.16043,0.916232,0.367126,0.458229,-0.260299,0.849865
0.782457,0.6168,0.0855474,-0.570943,0.655776,0.493946,0.248566,-0.435334,0.865274
0.754021,-0.143831,0.64091,0.474738,0.793671,-0.380409,-0.453957,0.5911,0.666726
0.72582,-0.0911621,0.681817,0.280683,0.944161,-0.172559,-0.628014,0.316621,0.710879
0.667293,-0.412618,-0.620053,0.521621,0.853154,-0.00637508,0.531631,-0.319179,0.784534
0.778552,0.621174,0.0894406,-0.586096,0.770622,-0.250267,-0.224384,0.142425,0.964037
0.983863,0.0836959,0.158138,-0.0471599,0.973897,-0.222036,-0.172594,0.210995,0.962129
0.776704,0.558171,0.291848,-0.451131,0.816334,-0.360665,-0.439559,0.148468,0.885859
0.81571,0.534296,-0.221685,-0.425612,0.813889,0.395524,0.391755,-0.228281,0.8913
0.91163,-0.266413,0.312978,0.287104,0.957668,-0.0210781,-0.294113,0.109073,0.949526
0.714525,-0.627798,-0.308744,0.631498,0.768695,-0.101585,0.301105,-0.122386,0.945705
0.752655,0.470298,-0.460793,-0.303567,0.868898,0.390978,0.584258,-0.15439,0.796747
0.801866,0.239667,0.547331,-0.0619631,0.944444,-0.322778,-0.594283,0.22491,0.772168
0.795243,0.0870953,-0.600002,-0.261272,0.942253,-0.209514,0.547106,0.323378,0.772076
0.906835,-0.2,-0.371014,0.1193,0.966049,-0.229167,0.404251,0.163555,0.899906
0.932901,-0.163379,0.320941,0.335626,0.71755,-0.610309,-0.130579,0.677074,0.724238
0.727815,-0.0162986,-0.68558,0.101708,0.991227,0.0844082,0.67819,-0.131162,0.723087
0.861354,-0.0882276,-0.500285,-0.165073,0.882751,-0.439889,0.480437,0.461483,0.745797
0.778346,0.214355,0.59011,-0.536271,0.715752,0.447339,-0.326483,-0.664644,0.672055
0.896291,-0.366389,-0.249844,0.0997741,0.715549,-0.691401,0.432097,0.594768,0.677896
0.716899,-0.677304,-0.165272,0.694376,0.672438,0.256261,-0.0624313,-0.298475,0.952374
0.995853,0.0362891,0.0834219,-0.00676471,0.943995,-0.32989,-0.0907213,0.327957,0.940326
0.886631,0.0659133,-0.457757,0.0689691,0.959879,0.271801,0.457307,-0.272558,0.846512
0.988867,-0.127925,0.0760114,0.0595523,0.808349,0.585684,-0.136367,-0.574637,0.806967
0.751442,0.0304872,0.659094,0.364204,0.813792,-0.452877,-0.550173,0.580356,0.600414
0.822531,-0.0729973,-0.564016,0.347863,0.849153,0.397405,0.449926,-0.523078,0.723848
0.874606,0.42683,0.229959,-0.454418,0.887016,0.0818923,-0.169023,-0.176121,0.969749
0.927979,0.151762,-0.340327,-0.308577,0.824951,-0.473536,0.208888,0.544449,0.812368
0.567295,-0.630089,0.53025,0.557824,0.767682,0.315432,-0.605813,0.116843,0.78698
0.699993,0.388603,0.599164,-0.38472,0.912036,-0.142063,-0.601665,-0.131067,0.787921
0.902928,0.204635,0.37795,-0.223903,0.974585,0.00723602,-0.366864,-0.0911579,0.925798
0.719815,0.665272,0.19819,-0.677344,0.735609,-0.00916979,-0.151891,-0.127642,0.980121
0.964338,-0.0775527,-0.253058,0.088762,0.995501,0.0331659,0.249347,-0.054445,0.966883
0.683512,-0.586523,0.434514,0.426977,0.804073,0.413711,-0.592032,-0.0972487,0.800025
0.997409,-0.0682727,-0.0226666,0.0531917,0.91207,-0.406571,0.0484312,0.404312,0.913338
0.847128,0.0643803,-0.527474,0.209646,0.871625,0.443079,0.488285,-0.485928,0.724881
0.936662,0.0082073,-0.350139,-0.203208,0.826983,-0.52422,0.285257,0.562168,0.776271
0.957322,-0.238122,-0.163808,0.079305,0.761426,-0.643383,0.277931,0.602934,0.747814
0.834917,-0.544167,-0.0824389,0.526121,0.745142,0.40983,-0.161587,-0.385547,0.908429
0.734352,-0.44118,-0.515836,0.605496,0.769235,0.204089,0.306759,-0.46221,0.832022
0.604802,-0.652685,0.456309,0.516109,0.757604,0.399583,-0.606504,-0.00616367,0.795057
0.769891,0.287365,0.569815,-0.401858,0.911927,0.0830649,-0.495759,-0.292936,0.817564
0.983832,0.137211,0.115102,-0.047076,0.818209,-0.57299,-0.172798,0.558307,0.811439
0.890066,-0.424019,-0.167304,0.315703,0.838176,-0.444739,0.328808,0.343028,0.879896
0.719674,0.324532,0.613799,-0.331105,0.937457,-0.107441,-0.610278,-0.125909,0.782117
0.911444,-0.375979,-0.167061,0.364237,0.92621,-0.0972946,0.191314,0.027829,0.981134
0.91821,0.306849,-0.250467,-0.0419669,0.70415,0.70881,0.393864,-0.640325,0.659435
0.924634,0.00934188,0.380743,-0.18235,0.888525,0.421036,-0.334366,-0.458733,0.823264
0.851475,-0.494605,-0.174232,0.370594,0.802629,-0.467382,0.371013,0.333395,0.866716
0.710579,-0.506443,0.488461,0.690385,0.635838,-0.345078,-0.13582,0.582431,0.801453
0.952913,0.303191,-0.00560368,-0.278651,0.868196,-0.410596,-0.119624,0.392824,0.9118
0.945601,0.243793,0.215413,-0.325179,0.728278,0.603216,-0.00982107,-0.640449,0.767938
0.902882,0.103199,-0.417317,-0.0911697,0.994643,0.0487174,0.420109,-0.00593941,0.907454
0.834004,-0.258061,0.48769,0.404669,0.886929,-0.22271,-0.375074,0.383095,0.844132
0.976636,-0.202619,0.071605,0.209892,0.970882,-0.115474,-0.0461228,0.127805,0.990726
0.816522,0.516315,-0.258282,-0.298594,0.760593,0.576489,0.494098,-0.393594,0.77521
0.796254,-0.120517,-0.592837,0.452931,0.768392,0.452136,0.401041,-0.628529,0.666421
0.933774,-0.247147,-0.258813,0.346742,0.803734,0.483509,0.0885196,-0.54123,0.836203
0.681895,-0.607504,0.40738,0.68076,0.730821,-0.0496589,-0.267554,0.31119,0.911907
0.997266,0.0170876,-0.071891,-0.033808,0.970608,-0.23828,0.0657063,0.240059,0.968532
0.880527,-0.472898,-0.0322645,0.344077,0.684515,-0.64269,0.326012,0.554804,0.765447
0.895961,0.127309,-0.425495,-0.346534,0.79961,-0.490447,0.277792,0.58687,0.760536
0.740134,-0.363313,-0.565867,0.646652,0.615416,0.450671,0.184509,-0.699476,0.690428
0.652557,0.443262,0.614564,-0.335837,0.896226,-0.289816,-0.679252,-0.0172719,0.733702
0.714091,-0.059378,0.69753,0.210137,0.968628,-0.13267,-0.66777,0.241316,0.704166
0.755559,0.611997,-0.233648,-0.611602,0.531241,-0.586282,-0.234679,0.58587,0.775682
0.821048,-0.0940864,-0.563052,-0.234955,0.843213,-0.483515,0.520266,0.529281,0.670213
0.83583,0.18766,0.515919,-0.0831449,0.972193,-0.218924,-0.542656,0.140087,0.828191
0.96064,-0.133171,0.243794,0.029098,0.921014,0.388441,-0.276267,-0.366059,0.888638
0.830299,-0.401184,0.386853,0.526217,0.792974,-0.307065,-0.183575,0.458524,0.869515
0.764388,-0.63943,-0.0827005,0.517024,0.684528,-0.513913,0.385223,0.350071,0.853846
0.689251,0.692176,-0.214069,-0.586137,0.706384,0.39682,0.425884,-0.148035,0.892585
0.662607,0.222066,0.715289,-0.538608,0.804908,0.24905,-0.520436,-0.550282,0.652944
0.927075,-0.0526193,0.371164,0.263029,0.796778,-0.544022,-0.26711,0.601976,0.752514
0.742811,0.111991,-0.660068,0.26385,0.85715,0.442355,0.615317,-0.502745,0.607151
0.654028,0.441264,0.614438,-0.46264,0.875955,-0.136626,-0.598508,-0.194906,0.777045
0.787063,0.478353,-0.3895,-0.616361,0.635545,-0.464954,0.025133,0.606021,0.795052
0.815941,0.539608,0.207519,-0.373908,0.76631,-0.522457,-0.440946,0.348701,0.827027
0.866367,-0.073979,0.493898,-0.0301968,0.979398,0.19967,-0.498494,-0.187901,0.846284
0.897944,0.19455,0.394775,-0.407824,0.705039,0.580172,-0.16546,-0.681961,0.712427
0.727239,-0.145563,0.670772,-0.178516,0.903512,0.389613,-0.662763,-0.403085,0.631084
0.913645,0.280784,0.29396,-0.348976,0.912623,0.212922,-0.20849,-0.29712,0.9318
0.821276,0.287479,-0.49281,-0.30596,0.950986,0.0448676,0.481554,0.113932,0.868979
0.81981,0.226131,-0.526096,-0.382463,0.899989,-0.209147,0.426186,0.372673,0.824306
0.95576,-0.0808846,0.282807,-0.131945,0.741404,0.657959,-0.262893,-0.666166,0.697933
0.695186,-0.297276,0.65448,0.407224,0.913155,-0.0177809,-0.592356,0.278881,0.75587
0.905528,-0.405113,-0.126104,0.417685,0.903381,0.097176,0.0745529,-0.140667,0.987246
0.734754,-0.630582,0.250004,0.678199,0.675563,-0.289242,0.0134971,0.382074,0.924033
0.734958,-0.16655,0.657341,0.19435,0.980439,0.0311142,-0.649665,0.104887,0.752951
0.845446,0.0434651,-0.53229,0.0325235,0.990643,0.13255,0.53307,-0.129376,0.836121
0.870942,0.419887,-0.255254,-0.179543,0.755465,0.630109,0.45741,-0.502959,0.733354
0.720876,-0.556767,-0.412732,0.606743,0.794801,-0.0124363,0.334964,-0.241457,0.910768
0.815344,-0.39674,-0.421677,0.0316303,0.757749,-0.651779,0.578112,0.518086,0.630375
0.81799,0.575126,-0.011057,-0.44152,0.615412,-0.652938,-0.368717,0.538979,0.757331
0.674974,0.278216,-0.683379,-0.487735,0.863212,-0.130307,0.553647,0.421261,0.718341
0.804762,-0.0883544,0.586985,-0.338416,0.744126,0.575979,-0.487681,-0.662171,0.568944
0.80486,0.464065,0.369924,-0.592252,0.588244,0.550643,0.0379285,-0.662279,0.748297
0.754571,-0.394686,-0.524256,0.630489,0.657561,0.412429,0.181951,-0.641745,0.745022
0.87507,-0.0712358,0.478725,0.196885,0.955965,-0.217639,-0.442141,0.284704,0.850562
0.794677,0.559667,0.235078,-0.575199,0.570485,0.586254,0.193998,-0.601099,0.775271
0.878439,-0.432372,-0.203466,0.422738,0.901674,-0.0909715,0.222794,-0.00609987,0.974846
0.86235,0.220044,0.455998,0.073942,0.836235,-0.543363,-0.500885,0.502286,0.704857
0.578019,0.525665,-0.624155,-0.658397,0.752293,0.0238532,0.482086,0.397154,0.780936
0.771112,-0.600355,-0.212039,0.295616,0.632542,-0.715892,0.563913,0.489351,0.665235
0.848894,0.357341,-0.389468,-0.261081,0.924159,0.278868,0.459581,-0.135046,0.877808
0.964355,0.190856,-0.183285,-0.127407,0.941983,0.310542,0.23192,-0.276121,0.932722
0.685492,0.355568,-0.635352,-0.294348,0.933488,0.20484,0.665928,0.0465986,0.744559
0.76838,-0.637278,-0.0589038,0.639288,0.759952,0.117404,-0.030055,-0.127867,0.991336
0.861305,-0.37185,0.34624,0.444758,0.881255,-0.159939,-0.245652,0.291749,0.924412
0.753437,-0.31529,-0.576997,0.23677,0.948762,-0.209264,0.613411,0.0210516,0.789483
0.988766,-0.0212203,0.147956,-0.0805384,0.758246,0.646975,-0.125916,-0.651623,0.748019
0.875144,-0.359715,0.323617,0.319602,0.931892,0.171554,-0.363287,-0.0467062,0.930506
0.804818,-0.557471,0.203699,0.582133,0.67452,-0.454031,0.11571,0.483993,0.867388
0.712584,-0.667202,-0.216944,0.420277,0.653543,-0.629482,0.561774,0.357383,0.746115
0.895883,-0.426491,-0.124494,0.390279,0.889348,-0.238205,0.212311,0.164817,0.963203
0.897953,0.437988,0.0429691,-0.38606,0.830819,-0.400872,-0.211277,0.343376,0.915126
0.934829,-0.336564,0.11322,0.245612,0.843122,0.478352,-0.256454,-0.419369,0.870839
0.992153,0.0865203,0.0902584,-0.0897102,0.995457,0.0318974,-0.0870886,-0.0397442,0.995407
0.751428,0.641467,-0.154518,-0.619361,0.605005,-0.50036,-0.227481,0.471687,0.851918
0.838258,-0.453985,0.302028,0.440176,0.890313,0.116571,-0.321821,0.0352293,0.946145
0.793929,-0.571547,0.207392,0.518683,0.814645,0.259462,-0.317245,-0.0984238,0.943222
0.744605,-0.547752,-0.381484,0.419455,0.828535,-0.370928,0.519249,0.116179,0.846689
0.859445,0.150655,0.488526,0.145795,0.84368,-0.516671,-0.489998,0.515275,0.703132
0.772612,0.110264,-0.62523,0.35834,0.737203,0.572822,0.524083,-0.666614,0.53006
0.830669,0.40009,-0.387192,-0.467484,0.87891,-0.0947382,0.302403,0.259702,0.917119
0.757213,0.113926,-0.643156,-0.197133,0.978615,-0.0587456,0.622709,0.17127,0.763479
0.969826,-0.0730499,0.232596,0.00910861,0.964245,0.264855,-0.243627,-0.254745,0.935816
0.898918,0.34389,-0.271451,-0.253736,0.913741,0.317325,0.35716,-0.216372,0.908636
0.779839,-0.616424,-0.10896,0.455892,0.678556,-0.575955,0.428968,0.399478,0.810187
0.862005,0.354575,0.362248,-0.306375,0.933772,-0.184943,-0.403833,0.0484384,0.913549
0.928394,-0.326768,0.17694,0.319865,0.945088,0.0670493,-0.189133,-0.00565132,0.981935
0.928162,0.064213,0.366596,0.207819,0.727719,-0.653633,-0.308751,0.682863,0.662096
0.865,0.0666842,0.497321,0.0574857,0.971434,-0.230242,-0.498468,0.227749,0.836457
0.884144,-0.317907,0.342381,0.214482,0.927205,0.307063,-0.415075,-0.198054,0.887968
0.975469,-0.092896,-0.199576,0.175574,0.875199,0.450778,0.132793,-0.47476,0.870039
0.840134,-0.19178,0.507342,-0.120347,0.846169,0.519148,-0.528859,-0.49721,0.687815
0.860723,-0.157235,-0.484182,0.0272881,0.963989,-0.26454,0.508341,0.214483,0.834018
0.810681,-0.00993346,0.585404,-0.268422,0.882283,0.386687,-0.520333,-0.470615,0.712583
0.882141,-0.452813,-0.129571,0.335381,0.79707,-0.502194,0.330677,0.39955,0.854993
0.797812,0.390036,0.459748,-0.598403,0.605299,0.524907,-0.0735524,-0.693891,0.716313
0.796407,-0.47395,-0.375643,0.413706,0.880029,-0.233231,0.441116,0.0303411,0.896937
0.915442,-0.25545,-0.310984,0.354116,0.878448,0.320829,0.191227,-0.403824,0.894627
0.751191,-0.117126,0.64961,0.124546,0.991605,0.0347664,-0.648229,0.0547899,0.759472
0.835836,-0.288284,0.467194,0.067939,0.8988,0.433062,-0.544759,-0.330228,0.770835
0.648177,-0.497891,-0.57617,0.466975,0.857556,-0.215711,0.601499,-0.129238,0.788351
0.777899,0.0213717,-0.628025,0.256633,0.901471,0.348553,0.573596,-0.432311,0.695769
0.985068,0.167098,0.0414759,-0.142889,0.927856,-0.344479,-0.0960454,0.333409,0.937877
0.933328,-0.0643057,-0.35322,-0.163704,0.79938,-0.578093,0.319532,0.597374,0.735557
0.950593,-0.100735,0.293642,-0.0323128,0.908644,0.416319,-0.308754,-0.405238,0.860496
0.686887,0.140465,-0.71306,-0.564361,0.72128,-0.401562,0.457911,0.678251,0.574711
0.910358,-0.231027,-0.343329,0.220274,0.972881,-0.0705818,0.350324,-0.0113718,0.936559
0.932557,-0.345756,-0.10387,0.353852,0.818336,0.452895,-0.0715905,-0.459106,0.885492
0.901072,-0.427139,0.0749846,0.406375,0.771265,-0.489909,0.151426,0.471915,0.868543
0.936468,0.0375781,0.348734,-0.152157,0.939346,0.307372,-0.316032,-0.340906,0.885385
0.84379,-0.435586,0.313501,0.448176,0.893266,0.0348568,-0.295222,0.111092,0.948948
0.866298,0.459976,0.194807,-0.354266,0.840675,-0.409587,-0.35217,0.285811,0.891229
0.717545,-0.529083,0.452989,0.0694742,0.701493,0.709282,-0.693038,-0.477471,0.54011
0.685319,-0.496333,0.532909,0.716454,0.590656,-0.37124,-0.130507,0.636222,0.760387
0.687674,0.708604,0.158064,-0.519507,0.63235,-0.57467,-0.507166,0.31307,0.802976
0.753011,0.263122,-0.60311,-0.414235,0.901712,-0.123797,0.511257,0.34305,0.787993
0.91456,0.357279,-0.189557,-0.197364,0.803324,0.561888,0.353026,-0.476469,0.805202
0.952349,-0.107288,0.285517,-0.0460022,0.874861,0.482185,-0.301521,-0.472343,0.828237
0.927164,0.0362148,-0.372902,-0.184406,0.910518,-0.370071,0.326132,0.411882,0.850877
0.809475,0.544523,-0.219649,-0.257547,0.665466,0.700589,0.527656,-0.510539,0.678918
0.829246,-0.38393,-0.406139,-0.0110769,0.715263,-0.698767,0.558774,0.583948,0.588876
0.849325,-0.519861,0.0916099,0.335529,0.665639,0.666592,-0.407514,-0.535416,0.739772
0.719263,0.0507455,0.692882,-0.283849,0.931754,0.226416,-0.634106,-0.359527,0.68458
0.667497,-0.564219,0.485906,0.64556,0.76371,-2.01907e-05,-0.37108,0.313695,0.874011
0.807394,0.10919,0.579821,-0.470685,0.711765,0.521388,-0.355766,-0.693879,0.626069
0.76783,-0.477862,-0.426715,0.460493,0.874731,-0.150968,0.445403,-0.0805812,0.891697
0.936926,-0.269898,-0.222092,0.0686143,0.765064,-0.640288,0.342727,0.584664,0.735327
0.717799,0.13473,-0.68309,-0.274506,0.95639,-0.0998193,0.639852,0.259163,0.723481
0.87427,0.28799,-0.390787,-0.46373,0.733524,-0.496888,0.143552,0.615634,0.774847
0.952137,-0.20518,0.226575,0.184647,0.976786,0.108606,-0.243599,-0.0615714,0.96792
0.917597,-0.015269,-0.397218,0.278897,0.736768,0.615946,0.283253,-0.675973,0.680315
0.836524,0.424891,-0.345969,-0.544574,0.714482,-0.439267,0.0605482,0.555863,0.829066
0.864034,-0.433203,0.256475,0.234695,0.797317,0.556061,-0.445379,-0.420263,0.79058
0.859748,-0.497941,-0.113524,0.494252,0.867202,-0.0606349,0.128641,-0.00397883,0.991683
0.699656,0.685489,0.20146,-0.575938,0.70797,-0.408748,-0.422819,0.169954,0.890134
0.973465,0.215421,0.0771995,-0.221944,0.970969,0.0892188,-0.0557387,-0.103985,0.993016
0.874337,0.287333,0.391121,-0.438297,0.813557,0.382127,-0.208401,-0.505535,0.83726
0.785515,-0.439411,-0.435756,0.0234449,0.724772,-0.688589,0.618398,0.530681,0.579622
0.841122,-0.438366,0.31678,0.126417,0.728838,0.672915,-0.525864,-0.525957,0.668458
0.999441,0.00870389,0.0322934,-0.019907,0.930696,0.365251,-0.0268763,-0.36569,0.930349
0.893746,0.350856,-0.279496,-0.289484,0.927093,0.238112,0.342662,-0.131902,0.930153
0.913956,-0.405735,0.00801094,0.396897,0.889583,-0.226087,0.084605,0.209813,0.974074
0.724991,-0.552141,0.411738,0.354666,0.811723,0.464023,-0.590423,-0.190383,0.784318
0.981426,0.190744,-0.020466,-0.18439,0.908495,-0.375017,-0.052939,0.371825,0.926792
0.907567,-0.178802,0.379936,-0.111279,0.770046,0.628209,-0.404893,-0.612421,0.678972
0.943983,0.329835,-0.0102037,-0.319265,0.905037,-0.28103,-0.083459,0.268546,0.959645
0.836774,-0.0643268,0.543757,0.378451,0.785632,-0.489447,-0.395709,0.615341,0.68174
0.8205,-0.465015,-0.332476,0.571506,0.65439,0.495131,-0.0126744,-0.596267,0.802686
0.618731,0.609293,-0.495917,-0.637979,0.758058,0.135391,0.458427,0.232613,0.85775
0.927824,-0.0771476,-0.364954,0.0947283,0.995036,0.0304875,0.360791,-0.0628585,0.930526
0.59463,0.383663,0.706554,-0.569697,0.821169,0.0335531,-0.567327,-0.422474,0.706863
0.738552,0.673537,-0.0298196,-0.578013,0.6098,-0.54226,-0.347048,0.417723,0.839681
0.851093,0.50864,-0.130098,-0.494162,0.6924,-0.525724,-0.177324,0.51173,0.840648
0.930814,0.206732,-0.30141,-0.352644,0.724728,-0.591955,0.0960639,0.65729,0.74749
0.702844,-0.464862,-0.538436,0.659799,0.70891,0.249223,0.265848,-0.530424,0.804969
0.859129,0.376259,0.346881,-0.509195,0.696254,0.505916,-0.0511623,-0.611277,0.789761
0.815452,0.327613,0.477187,-0.563001,0.64037,0.522451,-0.134414,-0.694691,0.706638
0.755753,0.339746,0.55983,-0.609312,0.678068,0.411051,-0.23995,-0.651764,0.719463
0.723791,-0.41857,0.548567,0.273603,0.903927,0.328721,-0.633457,-0.0878354,0.768776
0.899672,0.388647,0.198855,-0.436566,0.80147,0.408724,-0.000527221,-0.454531,0.890731
0.947656,-0.285099,-0.143762,0.316878,0.784469,0.533101,-0.0392095,-0.550752,0.833748
0.740191,0.63351,0.225348,-0.651587,0.593072,0.472969,0.165983,-0.496921,0.851774
0.819637,-0.550556,0.15838,0.547397,0.834192,0.0669434,-0.168975,0.0318275,0.985106
0.88992,0.432053,0.146191,-0.336592,0.838372,-0.428762,-0.307811,0.332358,0.891511
0.944127,0.290684,-0.155328,-0.230857,0.919627,0.317792,0.235221,-0.264177,0.935351
0.779465,-0.428866,-0.456628,0.522995,0.846742,0.0974916,0.344835,-0.314805,0.8843
0.735316,-0.676975,-0.0318583,0.651309,0.692878,0.309381,-0.187369,-0.248242,0.950404
0.80721,0.476986,-0.347702,-0.14946,0.735032,0.661354,0.571029,-0.481884,0.664615
0.671708,-0.394636,0.626954,0.682965,0.657743,-0.317701,-0.286998,0.641589,0.711333
0.682099,0.624117,-0.381075,-0.340077,0.732076,0.590264,0.64737,-0.273024,0.711597
0.97847,0.195038,-0.0675036,-0.176263,0.959831,0.218304,0.10737,-0.201705,0.973543
0.940845,0.109292,0.320727,0.0404336,0.903576,-0.426515,-0.336416,0.414253,0.845706
0.922369,0.344128,0.175533,-0.383296,0.871891,0.304779,-0.0481627,-0.348399,0.936108
0.74218,0.0604373,0.66747,-0.449024,0.784191,0.428278,-0.49754,-0.61757,0.609149
0.993873,0.107715,-0.0247736,-0.109001,0.918097,-0.381073,-0.0183028,0.381439,0.924213
0.711164,-0.0968704,0.69632,0.476402,0.794778,-0.375991,-0.516997,0.59912,0.611367
0.980123,0.00678168,0.198277,-0.102704,0.87242,0.477845,-0.16974,-0.488711,0.855775
0.835152,-0.541585,-0.0959531,0.499518,0.673817,0.544474,-0.230224,-0.502649,0.833271
0.888376,-0.204925,-0.410844,0.195531,0.978523,-0.0652786,0.415398,-0.0223407,0.909365
0.804535,0.380308,0.456168,-0.168197,0.88254,-0.439128,-0.56959,0.276568,0.774001
0.808077,0.326125,0.490565,-0.0935545,0.893249,-0.43972,-0.5816,0.309433,0.752325
0.720516,0.690364,0.0652203,-0.681393,0.687409,0.251341,0.128684,-0.225536,0.965699
0.736454,0.166836,0.655592,0.225565,0.853092,-0.470483,-0.637774,0.494368,0.590631
0.814987,0.0487475,0.577425,-0.193702,0.962054,0.192175,-0.546146,-0.268469,0.793504
0.745133,0.55862,0.364308,-0.196212,0.705707,-0.680793,-0.637399,0.4358,0.635453
0.936571,0.178917,-0.301371,-0.261163,0.929713,-0.25967,0.233729,0.321906,0.917468
0.740531,-0.663877,0.104308,0.521987,0.665988,0.532906,-0.423252,-0.340186,0.839721
0.855597,0.175172,0.487102,0.193537,0.764503,-0.614881,-0.4801,0.620363,0.620204
0.716371,0.618589,0.322739,-0.686987,0.706175,0.171364,-0.121907,-0.344478,0.930846
0.820054,-0.548282,0.164005,0.522236,0.834153,0.177365,-0.234052,-0.0597996,0.970383
0.953017,-0.0524908,-0.298336,-0.0526061,0.941227,-0.333652,0.298315,0.33367,0.894244
0.786056,-0.331068,0.522025,0.39029,0.920684,-0.0037952,-0.479364,0.206725,0.852922
0.829269,0.344078,0.440368,-0.515499,0.775263,0.365005,-0.215811,-0.529697,0.820273
0.748462,0.231534,0.621447,-0.588671,0.663489,0.461789,-0.305403,-0.711459,0.632894
0.959878,-0.249276,0.128435,0.280171,0.871747,-0.401947,-0.0117676,0.421804,0.906611
0.78751,0.0977879,-0.608494,-0.380792,0.853527,-0.355653,0.484587,0.51179,0.709398
0.972532,0.137914,0.187513,-0.199225,0.909789,0.364134,-0.120378,-0.39149,0.912275
0.736271,-0.393036,-0.550843,0.665828,0.56603,0.48609,0.120743,-0.724661,0.678445
0.882718,-0.462867,0.0810181,0.45501,0.798876,-0.3934,0.117368,0.384125,0.91579
0.897835,0.39918,-0.18587,-0.435778,0.866057,-0.245035,0.0631608,0.300999,0.951531
0.943872,-0.127213,-0.304832,0.236993,0.903657,0.356703,0.230086,-0.408926,0.883086
0.656949,0.590301,0.469003,-0.693949,0.716604,0.0700997,-0.294709,-0.371516,0.88041
0.769028,-0.078597,-0.634364,0.463563,0.751881,0.468812,0.440119,-0.654597,0.614652
0.885525,0.273114,-0.375838,-0.32076,0.944621,-0.0693169,0.336093,0.181936,0.924089
0.787889,-0.392315,-0.474679,0.283068,0.915273,-0.286614,0.546904,0.0914541,0.832185
0.983846,0.0478195,0.172511,-0.149071,0.752413,0.641602,-0.0991181,-0.656954,0.747387
0.836247,0.296221,0.461459,-0.276901,0.954477,-0.110906,-0.473304,-0.035034,0.880202
0.711009,0.0489875,-0.701475,0.147623,0.964941,0.217016,0.687513,-0.257854,0.67885
0.784106,0.0372503,0.619509,0.165732,0.949381,-0.26685,-0.59809,0.311911,0.738241
0.945039,-0.307124,-0.112143,0.326097,0.910247,0.25517,0.0237087,-0.277715,0.960371
0.907694,-0.0221817,-0.419046,0.0104321,0.999486,-0.0303097,0.419503,0.0231403,0.907459
0.736618,0.670469,-0.0886852,-0.524657,0.649255,0.550639,0.426766,-0.359081,0.830019
0.762227,0.572369,0.30233,-0.395248,0.781414,-0.482877,-0.512628,0.248567,0.821843
0.710255,-0.585139,0.391343,0.51838,0.810872,0.271605,-0.476256,0.0099553,0.87925
0.744135,0.383452,-0.547017,-0.476786,0.878405,-0.0328458,0.467908,0.285252,0.836477
0.826101,-0.562488,0.0341028,0.54993,0.817911,0.169113,-0.123017,-0.120951,0.985006
0.61307,-0.658605,-0.436331,0.55938,0.751885,-0.348945,0.557888,-0.0301475,0.829369
0.655213,0.620743,-0.43055,-0.589362,0.776564,0.222713,0.472597,0.107825,0.874658
0.970332,0.140468,0.196784,-0.0567205,0.923454,-0.379493,-0.235027,0.357072,0.904025
0.688044,0.486105,0.538793,-0.361789,0.873407,-0.325989,-0.629051,0.0293657,0.77681
0.869412,0.0966109,0.48455,-0.347778,0.816267,0.461258,-0.350959,-0.569539,0.743271
0.898834,-0.297136,0.322192,-0.00623644,0.726367,0.687278,-0.438245,-0.619758,0.651031
0.709595,0.106565,-0.696505,-0.0168692,0.990783,0.134404,0.704408,-0.0836226,0.704852
0.917638,-0.019546,0.396937,-0.141544,0.91722,0.372387,-0.371357,-0.3979,0.838909
0.792345,0.471421,0.387236,-0.45264,0.879835,-0.14494,-0.409031,-0.0604362,0.910517
0.718288,0.687528,0.106615,-0.695642,0.707055,0.127103,0.0120048,-0.165462,0.986143
0.965928,-0.0439236,0.255055,0.209813,0.709887,-0.672339,-0.151529,0.702945,0.694916
0.885849,-0.248027,0.392116,0.445575,0.690405,-0.569916,-0.129364,0.679576,0.722109
0.84627,-0.465003,0.26,0.480868,0.876788,0.00294465,-0.229334,0.122534,0.965604
0.764168,-0.624647,0.160819,0.644496,0.749457,-0.151457,-0.0259196,0.219386,0.975294
0.922607,0.187871,0.336899,-0.337686,0.815525,0.469986,-0.186452,-0.547379,0.815851
0.719528,0.542553,0.433492,-0.69442,0.555081,0.457893,0.0078077,-0.630492,0.776156
0.632125,0.420789,0.650657,-0.700055,0.670102,0.246752,-0.332176,-0.611474,0.718164
0.712565,-0.684653,0.153304,0.643615,0.724857,0.245645,-0.279305,-0.0763698,0.957161
0.85954,-0.42498,-0.283872,0.510938,0.702024,0.496089,-0.011543,-0.571449,0.820556
0.874509,-0.484796,-0.0144068,0.47865,0.867455,-0.135703,0.0782855,0.111778,0.990645
0.823709,-0.550723,0.134938,0.316612,0.644156,0.69629,-0.470384,-0.530818,0.704962
0.766904,-0.640728,0.0364162,0.634031,0.747663,-0.197497,0.0993151,0.174551,0.979627
0.782468,-0.550949,-0.290169,0.600192,0.543177,0.587135,-0.165869,-0.633572,0.755694
0.834662,0.550702,-0.00811677,-0.480878,0.721492,-0.498202,-0.268505,0.419734,0.867023
0.791812,0.457814,0.404278,-0.108596,0.756903,-0.644441,-0.601034,0.466373,0.649042
0.980027,0.169345,-0.104254,-0.119742,0.921072,0.370525,0.158772,-0.350641,0.922953
0.645786,-0.705115,-0.292871,0.603665,0.706387,-0.369602,0.467492,0.0618879,0.881828
0.983439,-0.180882,-0.0113539,0.157728,0.885046,-0.437966,0.0892688,0.428923,0.89892
0.9838,-0.0508149,0.171918,0.139383,0.819905,-0.555273,-0.11274,0.57024,0.813705
0.688951,0.26763,-0.673588,-0.39501,0.917834,-0.0393465,0.607711,0.293182,0.738059
0.80382,0.282989,0.52325,-0.413354,0.898266,0.149188,-0.427799,-0.336208,0.839018
0.860457,-0.294734,-0.415627,0.407002,0.888327,0.212659,0.306535,-0.352145,0.884325
0.882933,-0.0183614,-0.469139,0.199559,0.919156,0.339601,0.424976,-0.393466,0.815217
0.89784,-0.438648,0.0383555,0.379575,0.815183,0.437492,-0.223172,-0.378239,0.898404
0.997741,-0.0598534,-0.030498,0.0357398,0.857388,-0.513427,0.056879,0.511178,0.857591
0.910894,0.402589,-0.0905217,-0.295783,0.789992,0.537053,0.287723,-0.462423,0.838678
0.887989,0.0607052,-0.45584,-0.242994,0.903504,-0.353036,0.390422,0.424259,0.817053
0.85591,-0.51329,-0.0628662,0.448487,0.797321,-0.403905,0.257445,0.317511,0.912638
0.8907,-0.447318,-0.0809945,0.449683,0.840874,0.301192,-0.0666222,-0.304693,0.950118
0.859257,-0.292623,-0.419583,0.496633,0.673801,0.547127,0.122614,-0.678502,0.724294
0.865761,-0.493733,0.0817646,0.455507,0.709739,-0.537385,0.207293,0.502492,0.839364
0.746675,0.443742,0.49555,-0.584332,0.793536,0.169872,-0.317858,-0.416405,0.851806
0.776009,-0.617552,-0.128218,0.598413,0.656656,0.459026,-0.199277,-0.432936,0.879122
0.887768,0.460288,0.0017246,-0.449394,0.867553,-0.213065,-0.0995675,0.188377,0.977036
0.852496,0.372827,-0.366402,-0.521712,0.650643,-0.551798,0.0326717,0.661562,0.749178
0.774939,-0.62894,-0.0624728,0.616239,0.729911,0.295767,-0.14042,-0.2677,0.953215
0.872063,0.185967,0.452684,-0.0340154,0.945785,-0.323009,-0.488211,0.266286,0.831109
0.939988,0.245775,-0.23668,-0.249764,0.968213,0.0134704,0.232468,0.0464521,0.971494
0.848525,-0.518832,-0.104011,0.310423,0.647252,-0.696206,0.428535,0.558461,0.710267
0.890018,0.0422477,-0.453964,-0.300356,0.803428,-0.514091,0.343009,0.593901,0.727755
0.697667,-0.599774,0.391832,0.201196,0.688945,0.696329,-0.687591,-0.406971,0.601326
0.904569,-0.423966,-0.0448094,0.399044,0.804992,0.439035,-0.150065,-0.415018,0.897352
0.785438,-0.591902,-0.180937,0.398258,0.707092,-0.584304,0.47379,0.386875,0.791107
0.879355,0.285612,0.381,-0.30241,0.953036,-0.0164643,-0.367809,-0.10074,0.924429
0.961749,0.270548,-0.0429382,-0.273128,0.935052,-0.226006,-0.0209958,0.229088,0.973179
0.898118,-0.430436,0.0900494,0.271055,0.703097,0.657407,-0.346285,-0.566021,0.748136
0.702305,-0.583501,-0.407792,0.668321,0.737732,0.0953847,0.245184,-0.339525,0.908079
0.819868,-0.270289,-0.504737,0.138651,0.949045,-0.283,0.55551,0.162041,0.815568
0.985379,0.030895,-0.167551,-0.0677408,0.973392,-0.218903,0.15633,0.227052,0.961253
0.749586,-0.661897,0.00377909,0.508035,0.578981,0.637716,-0.42429,-0.476103,0.770262
0.517112,0.607677,-0.602763,-0.566123,0.771013,0.291621,0.64195,0.190438,0.742721
0.919027,0.310306,-0.243104,-0.367313,0.897954,-0.242405,0.143077,0.312072,0.939223
0.901411,-0.240257,0.360187,0.342795,0.904209,-0.254749,-0.264479,0.353104,0.897423
0.860853,-0.507853,-0.0318865,0.3501,0.636593,-0.687153,0.369271,0.580374,0.725813
0.85857,-0.329092,-0.393137,0.489075,0.755783,0.435428,0.15383,-0.566119,0.809843
0.965368,-0.0476494,-0.256504,-0.14641,0.714817,-0.683813,0.215936,0.697686,0.683085
0.890887,-0.267635,0.367004,0.329223,0.937127,-0.115783,-0.312942,0.223975,0.922986
0.690294,0.509097,0.514116,-0.700237,0.64892,0.297609,-0.182108,-0.56544,0.804434
0.915751,0.306064,-0.260238,-0.386458,0.848099,-0.362461,0.109772,0.432495,0.894929
0.943215,-0.0359351,-0.330234,0.244462,0.748182,0.616816,0.22491,-0.66252,0.714481
0.965679,0.199368,0.166482,-0.0962879,0.870074,-0.483425,-0.241231,0.450803,0.859409
0.747175,-0.647514,0.14985,0.64824,0.660231,-0.379316,0.146677,0.380554,0.913052
0.892007,-0.0414866,-0.450114,0.338806,0.720534,0.605013,0.299222,-0.692178,0.656777
0.969876,-0.0816547,0.229504,0.0548811,0.991168,0.12072,-0.237335,-0.104488,0.965792
0.920707,0.0474459,-0.387359,0.0764685,0.951407,0.29829,0.382689,-0.304259,0.872339
0.796691,0.604366,-0.00511308,-0.602876,0.794072,-0.0773922,-0.0427131,0.0647402,0.996988
0.856871,0.0616463,-0.511833,-0.279391,0.889912,-0.360551,0.433259,0.451947,0.779763
0.586946,-0.517878,0.622332,0.501268,0.83607,0.222975,-0.635786,0.181081,0.750324
0.77092,-0.169787,0.613885,-0.159848,0.881395,0.444513,-0.616547,-0.440812,0.652345
0.843119,-0.497945,-0.202978,0.513904,0.635048,0.57673,-0.158279,-0.590563,0.791317
0.896008,-0.14382,0.420101,-0.0107319,0.938803,0.344286,-0.443907,-0.312992,0.839632
0.667098,-0.473053,0.5755,0.401978,0.878975,0.256548,-0.627211,0.0601959,0.77652
0.745744,0.646168,-0.162273,-0.643936,0.761564,0.0732527,0.170915,0.0498656,0.984023
0.919692,0.176256,-0.350857,-0.249995,0.951912,-0.177105,0.302769,0.250594,0.919529
0.903645,-0.0762249,0.421445,-0.0803462,0.936392,0.341636,-0.420679,-0.342579,0.840041
0.971035,-0.0958875,-0.218853,-0.0609348,0.786278,-0.61486,0.231037,0.610387,0.757661
0.837364,0.358227,-0.412911,-0.517031,0.764258,-0.385471,0.177484,0.536267,0.825177
0.685639,-0.210598,-0.696812,0.421307,0.895425,0.143927,0.593632,-0.392254,0.702664
0.783449,-0.249804,-0.569039,-0.131108,0.828607,-0.544262,0.607468,0.501008,0.61642
0.759859,-0.482419,-0.435759,0.578057,0.808081,0.113385,0.297429,-0.33805,0.892893
0.667985,0.25339,0.699707,-0.306161,0.950561,-0.0519522,-0.678278,-0.17952,0.712539
0.925717,0.271189,0.263638,-0.0971777,0.844195,-0.527154,-0.36552,0.462376,0.807839
0.87713,-0.3138,-0.363555,0.33905,0.940749,0.00600679,0.340129,-0.128532,0.931553
0.938917,-0.341853,-0.0396375,0.302629,0.874999,-0.37788,0.163862,0.342803,0.925006
0.900328,0.166382,-0.402152,0.154105,0.742293,0.652114,0.407015,-0.64909,0.642667
0.919771,-0.347778,0.181856,0.151058,0.741401,0.653839,-0.362219,-0.573911,0.734454
0.749255,-0.347921,0.563531,-0.13273,0.754745,0.64245,-0.648845,-0.556156,0.519318
0.792034,-0.242533,-0.560232,0.219771,0.969445,-0.108982,0.569546,-0.0368052,0.821135
0.782565,-0.609652,-0.126158,0.60316,0.692236,0.396242,-0.154239,-0.386179,0.909437
0.645897,-0.288524,0.706803,0.41264,0.910879,-0.00525372,-0.642296,0.295049,0.707391
0.903562,0.312588,0.293026,-0.425037,0.740185,0.521027,-0.0540264,-0.595327,0.801665
0.855728,-0.504634,0.114343,0.50801,0.77742,-0.370869,0.0982611,0.375451,0.921619
0.67999,0.605536,0.413449,-0.694932,0.712086,0.100019,-0.233846,-0.355331,0.905017
0.848781,-0.468599,-0.244918,0.260959,0.774122,-0.576746,0.459859,0.425618,0.779345
0.673088,-0.551538,-0.492705,0.417592,0.833279,-0.362303,0.610385,0.0381122,0.791188
0.681327,0.60355,0.414152,-0.61499,0.778838,-0.123283,-0.396964,-0.170703,0.90182
0.924175,0.323118,0.203705,-0.243505,0.909268,-0.337546,-0.294289,0.262349,0.919003
0.910535,-0.0449376,-0.410982,-0.248984,0.733984,-0.631882,0.330049,0.677679,0.657129
0.991517,-0.0156171,0.129037,0.0526671,0.955878,-0.289005,-0.11883,0.293349,0.948591
0.6778,-0.140644,-0.721669,0.438628,0.865087,0.243371,0.590078,-0.481502,0.648046
0.923071,0.120589,-0.365236,-0.151501,0.986808,-0.057082,0.353535,0.108024,0.929163
0.955313,-0.156789,-0.250586,0.0362019,0.903412,-0.427242,0.29337,0.399078,0.868718
0.750015,-0.653159,0.104215,0.616105,0.74722,0.249152,-0.240608,-0.12266,0.962841
0.891,0.291118,-0.348382,-0.374078,0.905577,-0.199993,0.257265,0.308515,0.915769
0.914364,0.200136,-0.351971,-0.116511,0.962583,0.244663,0.387767,-0.182703,0.903469
0.830075,0.243347,-0.501754,-0.331161,0.939036,-0.092429,0.448673,0.242884,0.860058
0.907506,0.235923,0.347524,-0.391828,0.773579,0.498042,-0.151338,-0.588146,0.794469
0.767741,0.451078,0.455085,-0.38747,0.892484,-0.230952,-0.510333,0.00097948,0.859976
0.927447,0.372846,0.0287777,-0.372838,0.927878,-0.00586253,-0.028888,-0.00529223,0.999569
0.875034,0.421531,-0.237964,-0.469953,0.621971,-0.626336,-0.116013,0.659897,0.742345
0.919537,-0.318256,0.230577,0.236983,0.917058,0.320694,-0.313515,-0.240247,0.918689
0.910193,-0.0114653,0.414025,0.18631,0.904108,-0.384547,-0.369915,0.42715,0.825049
0.597453,0.374354,-0.709161,-0.560265,0.827567,-0.0351525,0.573718,0.41832,0.70417
0.727928,0.61051,0.312088,-0.495728,0.783066,-0.375583,-0.473683,0.118686,0.872662
0.786456,-0.616608,0.0357994,0.615717,0.778104,-0.124285,0.0487793,0.119787,0.991601
0.703035,-0.436898,-0.561125,0.131888,0.855446,-0.500816,0.698818,0.278086,0.65903
0.661027,0.707796,0.249132,-0.599688,0.697888,-0.391568,-0.451017,0.109436,0.885781
0.966857,-0.131527,0.218834,0.116071,0.989842,0.0821025,-0.22741,-0.0539811,0.972302
0.787503,-0.557343,-0.263074,0.227516,0.6596,-0.716355,0.572779,0.504278,0.646241
0.9144,0.289876,0.282567,-0.250321,0.953462,-0.168076,-0.318138,0.0829568,0.944408
0.884411,0.451526,-0.118075,-0.35978,0.820751,0.443764,0.297281,-0.349988,0.888331
0.875588,0.163933,0.454392,-0.389523,0.795924,0.46344,-0.285689,-0.582778,0.760757
0.735509,0.570519,0.365424,-0.438379,0.811984,-0.385364,-0.516577,0.123245,0.847325
0.954335,0.267798,0.132395,-0.152824,0.818445,-0.553889,-0.256688,0.508363,0.821997
0.860863,0.475172,0.182005,-0.446365,0.876928,-0.178198,-0.24428,0.0721638,0.967016
0.750777,0.631293,0.19443,-0.494545,0.73232,-0.468116,-0.437904,0.255297,0.862012
0.853682,0.281819,0.437955,-0.412984,0.878655,0.239604,-0.317286,-0.385414,0.866479
0.710516,0.667897,0.221541,-0.703661,0.672004,0.230807,0.00527829,-0.319882,0.947443
0.92584,-0.203521,-0.318432,0.0646876,0.915512,-0.397057,0.372338,0.347012,0.860783
0.690806,-0.568734,0.446463,0.236653,0.761318,0.603647,-0.683215,-0.311346,0.660516
0.873986,0.477879,-0.0882095,-0.432728,0.847931,0.306203,0.221123,-0.229446,0.947871
0.51975,-0.684326,0.511428,0.52814,0.727917,0.43727,-0.671512,0.0428349,0.739755
0.977149,-0.212462,0.00625792,0.198592,0.902075,-0.383173,0.0757647,0.37566,0.923655
0.862945,-0.497977,0.0856978,0.50467,0.857838,-0.0970674,-0.0251775,0.127013,0.991581
0.830095,0.556859,0.0291602,-0.42522,0.665961,-0.61293,-0.360735,0.496391,0.789599
0.866815,-0.443214,-0.228458,0.416307,0.895453,-0.157648,0.274445,0.0415427,0.960705
0.904344,0.238968,-0.353633,-0.241149,0.96972,0.0385987,0.352149,0.0503718,0.934588
0.986086,-0.159564,0.046613,0.165915,0.962062,-0.216586,-0.0102852,0.221306,0.97515
0.769267,0.281561,-0.573543,0.172953,0.772387,0.611151,0.615074,-0.569334,0.545475
0.857523,-0.414754,-0.304357,0.462625,0.880481,0.10359,0.225016,-0.229634,0.946909
0.773493,0.488655,-0.403639,-0.105294,0.727073,0.678438,0.624997,-0.482267,0.613838
0.640188,0.625587,0.445871,-0.40489,0.768006,-0.496217,-0.652858,0.137143,0.744962
0.755551,-0.645776,-0.110076,0.645862,0.762421,-0.0397141,0.109571,-0.0410878,0.993129
0.909731,0.353259,-0.21817,-0.405754,0.867849,-0.28671,0.0880554,0.349352,0.932845
0.948542,0.0166243,-0.316214,-0.130713,0.930123,-0.3432,0.288412,0.366873,0.884434
0.931845,-0.306894,0.193603,0.220203,0.902351,0.370504,-0.288403,-0.30262,0.90843
0.708464,0.461926,0.533576,-0.217583,0.862177,-0.457502,-0.671369,0.208027,0.711329
0.638418,0.524228,0.563567,-0.691565,0.712104,0.121019,-0.337877,-0.467004,0.817158
0.836853,-0.0454729,-0.545535,0.0230138,0.998585,-0.0479334,0.546943,0.0275584,0.836716
0.802233,-0.500681,0.325177,0.424306,0.861331,0.279416,-0.419984,-0.0861824,0.90343
0.683554,0.398289,-0.611654,-0.517608,0.855348,-0.0214776,0.514622,0.331278,0.790834
0.502639,-0.589645,-0.632197,0.613065,0.758718,-0.220222,0.609512,-0.276886,0.742852
0.973502,-0.200382,-0.110183,0.228562,0.837348,0.496596,-0.00724752,-0.508621,0.86096
0.687599,-0.45207,-0.568191,0.516633,0.854463,-0.0546315,0.510195,-0.255981,0.821081
0.987151,0.0988108,-0.125575,-0.129598,0.954813,-0.267465,0.0934725,0.280302,0.95535
0.594911,-0.662094,-0.455755,0.354031,0.724882,-0.590938,0.721625,0.190204,0.665642
0.981652,0.0167604,-0.189942,0.0380527,0.958873,0.281273,0.186845,-0.28334,0.940642
0.96626,0.142313,-0.214683,-0.211377,0.914407,-0.345224,0.147178,0.378956,0.913636
0.908594,0.33389,0.250946,-0.15718,0.829972,-0.535201,-0.386976,0.446837,0.806589
0.78044,0.584612,-0.221678,-0.515494,0.802296,0.300976,0.353806,-0.12062,0.927509
0.657778,0.61833,0.430111,-0.505974,0.785747,-0.355798,-0.557959,0.0164109,0.829706
0.735084,-0.0489435,-0.676207,0.193993,0.970873,0.140613,0.649629,-0.234542,0.723168
0.839233,0.318019,0.44108,-0.518702,0.711645,0.473825,-0.163207,-0.626439,0.762193
0.770527,-0.511054,-0.380936,0.613344,0.757124,0.224886,0.173487,-0.406925,0.896836
0.716388,-0.446049,0.536496,0.566673,0.820572,-0.0744499,-0.407025,0.357353,0.840613
0.645978,0.482389,0.591619,-0.522187,0.844563,-0.118466,-0.556806,-0.232409,0.797467
0.925485,-0.13439,0.354144,0.15021,0.9885,-0.0174307,-0.347729,0.0693278,0.935029
0.826973,-0.123324,-0.54855,-0.0889785,0.934646,-0.344266,0.555156,0.333508,0.761954
0.887236,-0.417457,-0.196321,0.461195,0.812422,0.356748,0.0105685,-0.407062,0.913339
0.912081,-0.360329,-0.195632,0.406596,0.856341,0.31837,0.0528097,-0.369922,0.927561
0.8507,0.28699,0.440393,-0.031339,0.864004,-0.502508,-0.524716,0.413682,0.744003
0.706885,0.70729,0.00739566,-0.608109,0.613035,-0.504373,-0.361272,0.352036,0.863454
0.798288,-0.435612,-0.415907,0.131469,0.79994,-0.585501,0.587752,0.41272,0.695852
0.9879,0.0728829,-0.1369,-0.130514,0.867525,-0.479966,0.0837827,0.492026,0.86654
0.686105,-0.481898,0.545009,0.698901,0.644602,-0.309879,-0.201984,0.593517,0.779063
0.903495,0.420048,-0.0851858,-0.421412,0.906867,0.00216132,0.07816,0.0339456,0.996363
0.900088,0.0381298,0.434036,-0.242248,0.871796,0.425779,-0.362156,-0.488383,0.79393
0.758531,-0.330178,0.561795,0.561487,0.768693,-0.30634,-0.330701,0.547809,0.768468
0.843855,0.277037,0.45952,-0.467433,0.800062,0.376042,-0.263467,-0.532119,0.804633
0.74187,-0.617725,0.260854,0.668967,0.708485,-0.224794,-0.04595,0.341271,0.938841
0.753781,-0.645444,-0.123355,0.605206,0.755016,-0.25234,0.256006,0.115554,0.959744
0.85038,0.478875,0.21802,-0.309772,0.790579,-0.528229,-0.425317,0.381659,0.820635
0.781667,-0.104106,0.614946,0.405843,0.833578,-0.374753,-0.473591,0.542504,0.693831
0.919285,-0.133838,-0.370138,0.0905629,0.987104,-0.132001,0.383031,0.0878261,0.919551
0.734548,0.283503,-0.616494,-0.399353,0.915147,-0.0549827,0.548595,0.286586,0.785437
0.539392,-0.598541,-0.592288,0.57301,0.776313,-0.262673,0.617021,-0.197704,0.761707
0.931504,-0.0310963,0.362399,0.116715,0.969205,-0.216838,-0.344496,0.244283,0.906448
0.843751,0.463705,-0.270299,-0.147507,0.68454,0.713896,0.516067,-0.562479,0.645981
0.754396,0.14079,-0.641143,0.154316,0.911316,0.381692,0.638022,-0.386886,0.665768
0.745145,-0.532377,0.401664,0.664231,0.538598,-0.518372,0.0596342,0.65306,0.754955
0.914453,-0.0833882,0.396007,-0.0356598,0.958131,0.284101,-0.403117,-0.273919,0.873192
0.863379,0.00102708,-0.504554,0.243907,0.874542,0.419148,0.441685,-0.484948,0.754811
0.766892,0.397855,-0.503576,0.024427,0.765995,0.642382,0.641312,-0.504938,0.577717
0.832855,0.504669,-0.227292,-0.531509,0.843812,-0.0740212,0.154436,0.182457,0.971009
0.689181,0.531327,0.492667,-0.643389,0.761473,0.0787971,-0.333286,-0.371282,0.866643
0.845344,-0.243003,-0.475755,0.305981,0.95025,0.058319,0.437915,-0.194872,0.877642
0.986658,-0.161502,0.0205501,0.119123,0.802202,0.585049,-0.110972,-0.574796,0.810737
0.816453,-0.387409,-0.428158,0.571604,0.647191,0.504394,0.0816932,-0.656551,0.749845
0.733163,0.645413,-0.214276,-0.449794,0.696544,0.559028,0.510056,-0.313478,0.800983
0.87957,0.0583674,0.472175,0.245925,0.793803,-0.556236,-0.40728,0.605368,0.683851
0.962464,-0.0979953,-0.253102,0.0343937,0.969062,-0.244411,0.269223,0.226531,0.936057
0.930716,-0.1732,0.322133,-0.0476413,0.815848,0.5763,-0.362627,-0.551719,0.751071
0.854028,0.508883,0.108045,-0.465544,0.654906,0.595287,0.232172,-0.558692,0.796216
0.685924,-0.632284,0.360174,0.642993,0.758387,0.106814,-0.340688,0.158323,0.92675
0.637103,-0.473941,-0.607849,0.550749,0.831631,-0.0711687,0.539236,-0.289431,0.790857
0.807101,-0.113607,-0.57938,-0.194694,0.875211,-0.442832,0.557388,0.470212,0.684265
0.79524,-0.446326,0.410349,0.332367,0.886978,0.320629,-0.507076,-0.118591,0.853704
0.731831,-0.279716,-0.621435,0.308389,0.949103,-0.0640308,0.607717,-0.144784,0.780845
0.731065,0.296153,-0.614685,-0.29292,0.949873,0.109266,0.616232,0.100172,0.781168
0.698054,0.254423,-0.66932,-0.587501,0.737875,-0.33224,0.409345,0.625148,0.66455
0.749371,-0.628091,0.209631,0.336214,0.633671,0.696722,-0.570442,-0.451622,0.686028
0.641399,0.631412,0.435805,-0.622188,0.76044,-0.186047,-0.448875,-0.151822,0.880603
0.903623,0.427385,-0.0284284,-0.426353,0.891102,-0.155435,-0.0410979,0.152575,0.987437
0.955449,0.226124,0.189697,-0.28399,0.879403,0.382099,-0.0804182,-0.418948,0.904442
0.74307,0.18159,-0.644105,-0.374933,0.910205,-0.17593,0.554321,0.372225,0.744431
0.732682,0.633924,0.247623,-0.66473,0.744624,0.0605801,-0.145983,-0.208988,0.966961
0.949758,0.244329,-0.19561,-0.31233,0.780287,-0.54185,0.0202424,0.575722,0.817395
0.977789,0.00371822,0.20956,-0.000235448,0.999861,-0.0166419,-0.209593,0.0162229,0.977654
0.814473,0.228274,-0.533409,0.0352162,0.898206,0.438163,0.579132,-0.375656,0.723525
0.654885,-0.409679,0.63505,0.48719,0.871256,0.059652,-0.577729,0.270325,0.770165
0.833722,0.394042,0.386831,-0.530211,0.766931,0.361515,-0.154221,-0.506505,0.848333
0.780196,-0.488147,0.39116,0.324249,0.850349,0.414451,-0.534936,-0.19652,0.82172
0.888629,0.0141495,0.458409,-0.204321,0.907067,0.368079,-0.4106,-0.420748,0.808937
0.934544,0.16495,-0.315308,-0.10862,0.976018,0.188654,0.338865,-0.142057,0.930049
0.98529,-0.0624419,-0.159073,-0.01039,0.907242,-0.42048,0.170574,0.415947,0.893248
0.906858,-0.336659,-0.253514,0.387827,0.902063,0.189403,0.164921,-0.270081,0.948608
0.70667,-0.354276,0.612459,0.391584,0.916788,0.0784956,-0.589304,0.184359,0.786596
0.852295,0.313697,-0.418555,0.0336991,0.765608,0.642424,0.521975,-0.56164,0.641952
0.803233,-0.297932,0.515804,0.545054,0.716909,-0.434692,-0.240276,0.6303,0.738234
0.791109,0.547071,0.273604,-0.309778,0.744033,-0.59199,-0.527431,0.383573,0.758082
0.987485,-0.0491842,-0.149846,0.0903182,0.955257,0.281651,0.129289,-0.29166,0.947744
0.808287,0.51231,0.290189,-0.528402,0.848586,-0.0263215,-0.259735,-0.132061,0.956607
0.757362,-0.649182,0.0704723,0.652974,0.7538,-0.0735626,-0.00536651,0.10173,0.994798
0.987062,0.011763,0.159908,-0.0723909,0.922568,0.378982,-0.143068,-0.385654,0.911484
0.66975,-0.54176,0.507869,0.383686,0.838019,0.387956,-0.635783,-0.0649714,0.769129
0.962873,-0.0856742,-0.256,0.114894,0.988186,0.101432,0.244285,-0.127079,0.961341
0.857848,-0.513766,0.0118512,0.513169,0.855165,-0.0731438,0.0274441,0.068828,0.997251
0.838286,0.22581,-0.496273,-0.0878732,0.954261,0.285768,0.538103,-0.195946,0.819786
0.751233,-0.553993,-0.358805,0.621295,0.77703,0.101079,0.222805,-0.298857,0.927924
0.858147,0.313627,0.406475,-0.410428,0.894718,0.17615,-0.308435,-0.317991,0.896521
0.624868,0.558442,-0.545602,-0.314353,0.819648,0.478914,0.714648,-0.127747,0.68772
0.920567,-0.269899,-0.282332,0.365015,0.851721,0.375947,0.139,-0.44914,0.882583
0.679906,0.560915,-0.472337,-0.549329,0.816288,0.178636,0.485763,0.138013,0.863126
0.759975,-0.607695,0.230532,0.624561,0.780976,-0.000238379,-0.179895,0.144162,0.973065
0.869648,-0.492068,-0.0397593,0.404365,0.66381,0.629162,-0.283198,-0.563227,0.776257
0.994916,-0.0432293,-0.0909564,0.0705793,0.943569,0.323569,0.071836,-0.328343,0.941823
0.634916,0.7184,-0.284223,-0.46304,0.648337,0.604362,0.618446,-0.252112,0.744287
0.783267,-0.552142,-0.285713,0.606682,0.779217,0.157344,0.135756,-0.29658,0.94531
0.901146,-0.158,-0.403698,0.395424,0.681277,0.616037,0.177696,-0.714771,0.676407
0.72952,0.444716,0.519643,-0.0793179,0.809639,-0.581544,-0.679345,0.383031,0.625921
0.927334,0.298802,-0.225321,-0.286327,0.954179,0.0869416,0.240975,-0.0161084,0.970398
0.656984,0.522623,-0.543357,-0.709868,0.671548,-0.212392,0.25389,0.52525,0.81219
0.996404,0.0808346,0.0254103,-0.0744725,0.978477,-0.192447,-0.0404197,0.189862,0.980978
0.871911,-0.156646,0.463932,0.0146841,0.955388,0.294987,-0.489444,-0.25039,0.835314
0.623846,-0.475135,-0.620534,0.637299,0.768861,0.0519936,0.452401,-0.427902,0.782454
0.987821,-0.0909571,-0.126238,0.141444,0.862998,0.485004,0.0648284,-0.496953,0.865353
0.996116,-0.0491407,0.073068,-0.0139546,0.731215,0.682005,-0.0869426,-0.680375,0.727689
0.84699,0.130476,-0.515349,-0.442963,0.709202,-0.548466,0.293925,0.692826,0.658483
0.800235,-0.277641,0.531545,-0.0336761,0.864166,0.502078,-0.59874,-0.419681,0.682186
0.938267,0.148372,-0.312477,0.046982,0.840307,0.540072,0.342708,-0.521412,0.781461
0.848834,0.30798,-0.429685,-0.32494,0.945069,0.0354735,0.417007,0.109511,0.902282
0.928662,0.308516,0.205922,-0.332292,0.938654,0.0922511,-0.164829,-0.154096,0.97421
0.963841,-0.253447,0.0823048,0.256089,0.966376,-0.0231351,-0.0736739,0.043376,0.996339
0.722332,-0.106388,-0.683315,-0.218721,0.902227,-0.371681,0.656047,0.417932,0.628438
0.761441,-0.135687,-0.633874,0.220816,0.973658,0.056833,0.609466,-0.183245,0.771345
0.877588,-0.276316,-0.391777,0.0533963,0.868448,-0.492897,0.476433,0.411641,0.776893
0.679303,-0.429284,0.5952,0.410812,0.894512,0.176301,-0.608097,0.124753,0.783999
0.832287,0.233176,0.502919,0.00625661,0.903222,-0.429129,-0.55431,0.360305,0.750281
0.795498,0.391114,0.46283,-0.558171,0.770257,0.308462,-0.235855,-0.50372,0.831047
0.719002,0.392954,-0.573257,-0.185281,0.903344,0.386834,0.669856,-0.171921,0.722313
0.816417,0.0278381,-0.576792,-0.186683,0.957926,-0.218007,0.546455,0.285662,0.787264
0.685286,0.604268,-0.406502,-0.706211,0.687723,-0.168233,0.177903,0.402364,0.898028
0.764352,0.403521,-0.502928,-0.518268,0.848516,-0.106864,0.383621,0.342333,0.857696
0.916656,-0.133631,-0.376675,0.163907,0.985241,0.0493469,0.364521,-0.106974,0.92503
0.925203,0.22685,0.304201,-0.182368,0.968805,-0.167804,-0.332778,0.0997764,0.937712
0.82416,-0.484419,0.293426,0.382198,0.858044,0.343054,-0.417954,-0.170584,0.892309
0.710267,-0.370635,-0.598458,0.0820744,0.887967,-0.452524,0.699132,0.272295,0.661113
0.973724,0.110509,-0.199121,-0.209902,0.774665,-0.596519,0.0883312,0.622641,0.777506
0.983955,0.161731,-0.0753438,-0.175059,0.956694,-0.232575,0.0344665,0.242033,0.969656
0.789339,-0.613062,0.0331566,0.478551,0.580522,-0.658774,0.384621,0.535863,0.75161
0.890487,-0.433884,-0.137031,0.437985,0.735765,0.516545,-0.123298,-0.519994,0.845224
0.981706,0.0892442,0.168192,0.019961,0.830244,-0.557043,-0.189353,0.55021,0.813274
0.712781,-0.0151005,0.701225,-0.0780252,0.991856,0.10067,-0.697034,-0.126469,0.705797
0.860403,0.387063,0.331496,-0.501074,0.761132,0.411828,-0.0929088,-0.520442,0.848827
0.812358,0.18212,0.553991,-0.402468,0.862561,0.306609,-0.422011,-0.47204,0.774006
0.777827,0.0576632,0.625828,0.192247,0.92622,-0.32428,-0.598354,0.372547,0.709353
0.946765,-0.235893,0.219067,0.110344,0.87706,0.467537,-0.302423,-0.418475,0.856399
0.893548,-0.120194,-0.432579,0.376967,0.724181,0.577458,0.243859,-0.679055,0.6924
0.877485,-0.444004,-0.181331,0.259876,0.757945,-0.598318,0.403095,0.477891,0.780471
0.733167,0.487963,0.473665,-0.365147,0.870068,-0.331134,-0.573702,0.0698191,0.816083
0.907658,-0.219775,0.357568,-0.0199887,0.82834,0.55987,-0.419233,-0.515318,0.747456
0.70616,0.472813,-0.527055,-0.267351,0.86732,0.419856,0.655639,-0.155577,0.738873
0.759027,-0.00155264,-0.651057,-0.394377,0.794558,-0.461675,0.518019,0.607186,0.602479
0.873781,0.483173,-0.0552328,-0.476454,0.873277,0.101873,0.097456,-0.0626992,0.993263
0.873982,0.485416,-0.0229436,-0.465778,0.823293,-0.324407,-0.138583,0.294213,0.945639
0.706317,0.541743,-0.455666,-0.26403,0.798849,0.540488,0.656814,-0.261446,0.707277
0.921638,-0.307284,-0.236981,0.387032,0.772108,0.504039,0.0280918,-0.556261,0.830532
0.765881,0.63064,0.125376,-0.52707,0.727445,-0.439341,-0.36827,0.270401,0.889528
0.698671,-0.710849,0.0809448,0.556096,0.610756,0.56368,-0.450129,-0.348814,0.822018
0.710687,0.0731666,-0.699693,-0.516656,0.729318,-0.44851,0.477483,0.680251,0.556119
0.859865,-0.299532,0.413417,0.1789,0.935232,0.30551,-0.478151,-0.188737,0.857759
0.997792,-0.0653301,0.0119481,0.0631827,0.989193,0.132306,-0.0204626,-0.131259,0.991137
0.880227,-0.0702229,0.469329,-0.217429,0.819397,0.530389,-0.421812,-0.568908,0.705987
0.995486,0.0938871,-0.0139001,-0.0807512,0.760883,-0.643844,-0.0498724,0.64206,0.76503
0.957075,-0.286036,-0.0468141,0.197487,0.761772,-0.617011,0.212149,0.58128,0.785561
0.642309,0.698339,-0.315851,-0.53189,0.702846,0.472334,0.551845,-0.135386,0.822884
0.876612,0.119616,0.466094,-0.184541,0.97812,0.0960568,-0.444406,-0.170218,0.879505
0.739655,0.153794,-0.655178,-0.318599,0.937553,-0.139601,0.592795,0.311996,0.742464
0.976059,0.185623,0.11337,-0.161331,0.967438,-0.195029,-0.14588,0.17207,0.974223
0.963391,-0.268099,0.000622371,0.242852,0.871683,-0.425667,0.113578,0.410235,0.90488
0.876446,-0.211783,-0.432424,0.122119,0.966482,-0.22583,0.465757,0.14512,0.872932
0.921636,0.236997,0.307278,-0.244767,0.969486,-0.0135989,-0.301125,-0.0626784,0.951523
0.767172,-0.525176,0.368289,0.607561,0.779073,-0.154644,-0.205708,0.342397,0.91676
0.970962,0.0469852,-0.234573,-0.187364,0.759027,-0.623517,0.148751,0.649362,0.74579
0.871843,0.280541,0.401481,-0.458734,0.754938,0.468648,-0.171618,-0.592761,0.786881
0.715337,0.679149,0.16447,-0.552332,0.693711,-0.462272,-0.428046,0.239838,0.871352
0.933992,0.265288,-0.239336,-0.346735,0.834634,-0.427973,0.0862215,0.48271,0.871526
0.61085,-0.630484,0.478908,0.406456,0.768804,0.493694,-0.679452,-0.106918,0.725888
0.889736,0.455183,-0.0343138,-0.363284,0.751606,0.550556,0.276395,-0.477384,0.834092
0.843533,0.534826,-0.0491163,-0.393592,0.677808,0.621016,0.365427,-0.504516,0.782257
0.814797,-0.379387,-0.438374,0.480767,0.864742,0.145208,0.32399,-0.32907,0.886985
0.87399,0.0435062,0.483992,0.296474,0.741404,-0.602016,-0.385025,0.669647,0.635081
0.841766,0.50138,0.200123,-0.412281,0.836372,-0.361257,-0.348504,0.221587,0.910738
0.889224,0.372585,-0.265445,-0.455315,0.77708,-0.434551,0.0443644,0.507274,0.860642
0.788389,-0.461733,-0.406504,0.614598,0.619836,0.487926,0.0266744,-0.634512,0.772452
0.784782,0.153086,-0.600568,-0.317793,0.931326,-0.177874,0.532094,0.330448,0.779538
0.864712,-0.00363554,0.502256,-0.149161,0.953002,0.263702,-0.479609,-0.302943,0.823529
0.973704,0.14357,-0.176884,0.00129691,0.772928,0.634492,0.227813,-0.618037,0.752417
0.744006,0.509677,0.432069,-0.541849,0.838596,-0.0561815,-0.390966,-0.192317,0.900089
0.941887,0.13058,0.309511,0.084726,0.799232,-0.595021,-0.325069,0.586666,0.741723
0.792666,0.606343,-0.063467,-0.490738,0.696353,0.523707,0.361742,-0.383979,0.849531
0.716126,0.697813,-0.0148278,-0.68439,0.697863,-0.21118,-0.137017,0.16138,0.977335
0.851599,0.490769,-0.18419,-0.453048,0.865832,0.212326,0.263681,-0.0973691,0.959683
0.968201,-0.244444,0.0532299,0.141129,0.709367,0.690566,-0.206564,-0.661094,0.721308
0.834004,-0.0514835,-0.549352,-0.222012,0.88017,-0.419537,0.505122,0.471858,0.722635
0.867838,-0.11126,0.48423,0.302469,0.891502,-0.337248,-0.39417,0.439141,0.807332
0.870015,-0.13313,-0.474711,0.191246,0.978591,0.0760604,0.454422,-0.15696,0.876849
0.69404,-0.341367,0.633859,0.102239,0.918248,0.38258,-0.71264,-0.200721,0.672202
0.899035,0.410397,0.152679,-0.415592,0.689907,0.592716,0.137915,-0.596324,0.790808
0.924423,0.342024,-0.168709,-0.309341,0.931198,0.192816,0.223049,-0.126055,0.966623
0.988793,-0.124801,0.0819297,0.147791,0.895878,-0.419,-0.0211076,0.426413,0.904282
0.941842,0.169783,-0.290014,-0.214119,0.968321,-0.128481,0.259013,0.183106,0.948359
0.847492,-0.509329,0.149469,0.465906,0.578844,-0.669232,0.25434,0.636807,0.727865
0.835953,-0.362639,-0.411917,0.534907,0.706223,0.463814,0.122709,-0.608064,0.784348
0.74643,0.29471,-0.596647,-0.482049,0.857565,-0.179475,0.458771,0.421579,0.782177
0.553321,-0.625702,0.549848,0.509368,0.776469,0.370999,-0.659075,0.0747933,0.748349
0.774661,0.612394,-0.157715,-0.505401,0.749455,0.427652,0.380092,-0.251576,0.890078
0.9896,0.0661436,-0.127739,-0.13058,0.785567,-0.604841,0.0603409,0.615231,0.786034
0.966514,-0.129543,-0.221514,0.232088,0.809554,0.53922,0.109476,-0.572575,0.81251
0.802384,-0.583998,-0.122987,0.556465,0.657608,0.507837,-0.215699,-0.475918,0.852629
0.902607,0.0022475,0.430461,0.0950105,0.974285,-0.204309,-0.41985,0.225309,0.879182
0.850028,0.306503,0.428379,-0.383323,0.917742,0.103984,-0.36127,-0.252597,0.897596
0.570636,0.694587,0.438091,-0.452452,0.711124,-0.538136,-0.685319,0.108864,0.72006
0.774482,-0.470743,0.422585,0.630446,0.629386,-0.454325,-0.0520992,0.618284,0.784226
0.923997,0.108343,0.36673,-0.314848,0.759826,0.568802,-0.217026,-0.641036,0.736188
0.902324,-0.0897877,-0.421603,0.0417509,0.991672,-0.121837,0.429031,0.0923346,0.898558
0.875624,0.346074,-0.33692,-0.412553,0.898644,-0.149127,0.251163,0.269576,0.929648
0.787816,-0.428723,0.442202,0.263552,0.883569,0.387099,-0.556674,-0.18842,0.809081
0.879942,-0.113223,0.461393,0.164576,0.983698,-0.0724768,-0.445665,0.13971,0.884231
0.741177,-0.669781,0.0452763,0.523314,0.618707,0.585956,-0.420475,-0.410604,0.809077
0.880377,-0.167903,-0.443559,-0.128339,0.816006,-0.563616,0.45658,0.55312,0.696845
0.831836,-0.552423,-0.0536445,0.396028,0.658482,-0.639971,0.388859,0.511106,0.766524
0.760402,-0.0239805,-0.64901,-0.345663,0.831074,-0.435699,0.549823,0.555645,0.623661
0.805047,-0.150082,0.573913,0.33162,0.916036,-0.225626,-0.491862,0.37196,0.787221
0.510489,-0.669576,0.539509,0.569393,0.733377,0.371417,-0.644355,0.117588,0.755632
0.852798,-0.329422,-0.405236,0.286484,0.943875,-0.164399,0.436649,0.0241055,0.899309
0.748979,0.284487,0.598413,-0.0910483,0.938758,-0.332332,-0.656309,0.194425,0.729011
0.733469,-0.149963,0.662974,0.289342,0.951462,-0.104889,-0.615065,0.268759,0.741258
0.964187,-0.212588,0.158585,0.19923,0.975236,0.0960285,-0.175073,-0.0609944,0.982664
0.857882,-0.378764,0.347241,0.201389,0.869541,0.450934,-0.472738,-0.316918,0.822242
0.977083,-0.115102,-0.179052,0.176487,0.908343,0.379165,0.118997,-0.402076,0.907841
0.985151,0.00721026,-0.171539,-0.010858,0.999734,-0.0203361,0.171347,0.0218967,0.984967
0.866665,0.481773,-0.129565,-0.481329,0.739167,-0.471121,-0.131203,0.470668,0.872501
0.861518,0.235758,-0.449672,-0.257838,0.966107,0.0125303,0.437385,0.105148,0.893106
0.842253,0.196293,-0.502075,0.154635,0.80424,0.573835,0.516429,-0.560952,0.647019
0.76265,0.151472,0.628826,-0.517808,0.725575,0.453229,-0.387608,-0.671266,0.631793
0.757388,-0.435254,-0.486742,0.285877,0.891228,-0.352118,0.587059,0.127541,0.799434
0.915369,0.330648,-0.229722,-0.399632,0.815515,-0.418604,0.0489314,0.474982,0.878634
0.862825,-0.396769,-0.313223,0.267946,0.884389,-0.382179,0.428647,0.245827,0.869385
0.876459,-0.472664,0.0916967,0.476186,0.822807,-0.310218,0.0711803,0.315558,0.946233
0.787863,0.454662,0.415396,-0.615063,0.61501,0.493417,-0.0311342,-0.64424,0.764189
0.755826,0.590386,-0.283146,-0.65417,0.699425,-0.287867,0.0280867,0.402802,0.914856
0.890834,-0.410141,-0.195445,0.371377,0.905167,-0.206767,0.261714,0.111611,0.95867
0.763195,0.178038,-0.621157,-0.0589113,0.976461,0.207494,0.643477,-0.121765,0.755718
0.818898,0.491489,-0.296384,-0.573859,0.709778,-0.408536,0.00957629,0.504632,0.863281
0.765527,-0.245216,0.594842,-0.0907291,0.874143,0.477118,-0.636974,-0.419216,0.646932
0.641396,0.31623,-0.699007,-0.431506,0.902028,0.0121342,0.634361,0.293843,0.715012
0.758803,-0.432799,0.486727,0.176592,0.85601,0.485862,-0.626924,-0.282722,0.725972
0.899544,0.202744,-0.386931,0.0717705,0.805138,0.588729,0.430894,-0.557358,0.709706
0.901746,-0.00831341,-0.432186,0.0725179,0.988555,0.132291,0.42614,-0.150635,0.892028
0.777697,-0.600416,-0.186245,0.611532,0.791215,0.00283818,0.145656,-0.116102,0.982499
0.918238,0.366428,0.150233,-0.270048,0.856811,-0.43926,-0.289678,0.362775,0.885709
0.94951,-0.182462,0.255223,0.274018,0.878477,-0.391397,-0.152793,0.441571,0.884121
0.717985,0.571327,0.397598,-0.269937,0.755054,-0.597518,-0.641585,0.321682,0.69634
0.913717,-0.316683,0.254622,0.336239,0.941083,-0.0361422,-0.228175,0.118638,0.966365
0.841249,0.326905,0.430619,-0.2197,0.934463,-0.280198,-0.493996,0.141109,0.857937
0.947306,-0.0296606,0.318955,-0.115042,0.897775,0.425165,-0.29896,-0.439455,0.847055
0.987605,0.00655836,-0.156823,0.056995,0.915946,0.397235,0.146247,-0.401249,0.904219
0.954942,-0.232194,0.184857,0.243493,0.96905,-0.040647,-0.169697,0.0838269,0.981925
0.728344,-0.46625,-0.502121,0.377017,0.884589,-0.274519,0.572165,0.0106361,0.820069
0.863796,0.0335444,-0.502723,-0.221135,0.921784,-0.318455,0.45272,0.38625,0.803651
0.912629,-0.0553627,0.405022,0.315808,0.724595,-0.612559,-0.259564,0.686948,0.67877
0.914399,-0.391398,0.103354,0.400482,0.837381,-0.372031,0.0590658,0.381576,0.922448
0.812996,-0.0294952,0.581522,0.398706,0.756047,-0.519063,-0.424348,0.653852,0.626423
0.831647,-0.48731,-0.266255,0.553813,0.692739,0.461957,-0.0406707,-0.531641,0.845993
0.776778,-0.629768,0.00271109,0.593782,0.733812,0.330066,-0.209855,-0.254778,0.943954
0.780446,-0.314357,0.540447,0.144463,0.931684,0.33331,-0.608305,-0.182056,0.772542
0.971758,0.078551,-0.222521,-0.162492,0.906538,-0.389596,0.171121,0.414751,0.8937
0.878974,-0.262201,-0.398316,0.40489,0.851618,0.332883,0.251931,-0.45387,0.854712
0.794514,-0.500733,-0.343531,0.570323,0.809576,0.138992,0.208516,-0.306354,0.928799
0.894112,0.30895,0.324212,-0.356596,0.929098,0.0980598,-0.270929,-0.203289,0.940888
0.905563,-0.197314,0.37553,0.000152584,0.885394,0.464842,-0.424211,-0.420886,0.80181
0.817302,-0.407988,-0.406895,0.300538,0.904331,-0.30309,0.491624,0.125429,0.861727
0.816132,0.319147,0.48174,0.0905216,0.752756,-0.652047,-0.570732,0.575764,0.585458
0.76889,-0.224614,-0.598629,-0.207147,0.798254,-0.56558,0.604895,0.558873,0.567241
0.734864,-0.633048,0.24336,0.357764,0.666671,0.653876,-0.576177,-0.393445,0.716395
0.980047,0.065192,-0.187771,-0.119074,0.948971,-0.292021,0.159152,0.308553,0.937799
0.708156,-0.619299,-0.339092,0.702098,0.66844,0.245451,0.0746549,-0.411894,0.908169
0.56741,-0.442847,-0.694213,0.596516,0.802236,-0.0241981,0.567639,-0.400379,0.719362
0.909111,0.106512,0.402706,-0.111354,0.993715,-0.0114458,-0.401394,-0.0344374,0.915258
0.7575,-0.645696,0.0962796,0.591418,0.616284,-0.520018,0.276438,0.450855,0.848712
0.842155,0.512189,-0.168633,-0.535256,0.756086,-0.376611,-0.065395,0.407427,0.910894
0.850525,-0.183249,0.492978,0.438074,0.765521,-0.471241,-0.29103,0.616763,0.731372
0.938423,0.237181,0.251212,-0.289899,0.936117,0.199109,-0.187939,-0.259674,0.947232
0.710553,0.699965,0.0718664,-0.526718,0.596831,-0.605278,-0.466565,0.392228,0.792764
0.79698,-0.12231,0.591492,0.488314,0.706834,-0.511797,-0.355489,0.696725,0.623058
0.699762,0.528362,-0.480797,-0.387066,0.846101,0.366461,0.600427,-0.0703349,0.79658
0.883257,0.362071,-0.297928,-0.121441,0.790359,0.600487,0.452889,-0.494204,0.742061
0.808978,0.20262,0.551814,-0.44295,0.827248,0.345623,-0.386457,-0.524028,0.758977
0.676551,0.644225,-0.356725,-0.613225,0.761081,0.211449,0.407717,0.0756968,0.909965
0.796479,0.577976,-0.177666,-0.578053,0.814025,0.0567323,0.177414,0.0575143,0.982454
0.96582,-0.219638,0.13766,0.194812,0.965378,0.173478,-0.170996,-0.140731,0.975169
0.971315,-0.0138176,0.237394,-0.0154531,0.992532,0.120998,-0.237293,-0.121196,0.963848
0.660455,-0.688734,-0.299073,0.4502,0.681996,-0.576369,0.600932,0.246023,0.760496
0.950902,0.244248,-0.190075,-0.236868,0.969626,0.0609786,0.199195,-0.012962,0.979874
0.81336,-0.508026,-0.28347,0.395719,0.840305,-0.370532,0.426441,0.189202,0.884506
0.70805,-0.516613,0.481431,0.684172,0.670673,-0.286541,-0.174852,0.532267,0.828323
0.887715,0.372068,0.271161,-0.370362,0.926982,-0.0594642,-0.273486,-0.0476404,0.960696
0.736238,-0.616364,-0.279372,0.545098,0.784786,-0.29492,0.401026,0.0648459,0.913769
0.821357,0.117486,0.558184,0.0810743,0.94458,-0.318114,-0.564623,0.30654,0.766312
0.855812,-0.51543,-0.0437881,0.492579,0.786161,0.373251,-0.15796,-0.341002,0.926696
0.841414,0.538352,0.0468991,-0.538035,0.826489,0.165636,0.0504088,-0.164601,0.985071
0.76265,-0.566531,0.312102,0.638358,0.737019,-0.222041,-0.104232,0.368572,0.923737
0.734247,0.534369,0.418725,-0.345076,0.824935,-0.447666,-0.58464,0.184205,0.790104
0.819201,-0.235845,-0.522769,-0.104473,0.834911,-0.540379,0.563911,0.497294,0.65932
0.969982,0.233783,0.0669317,-0.147531,0.784544,-0.602266,-0.19331,0.574313,0.795484
0.948257,0.311657,0.0606464,-0.264887,0.671237,0.692298,0.175051,-0.672541,0.719059
0.659406,-0.227759,-0.716456,0.597053,0.73778,0.314973,0.456849,-0.635458,0.622481
0.781274,0.377993,-0.496722,-0.440177,0.897865,-0.0090823,0.442556,0.225741,0.867862
0.679404,0.38801,-0.622783,-0.549556,0.831473,-0.0814904,0.486208,0.397619,0.778139
0.995553,-0.0555502,-0.0760803,0.084863,0.879465,0.468336,0.0408938,-0.47271,0.880269
0.931623,0.0755777,0.355481,0.145761,0.818316,-0.55598,-0.332915,0.569779,0.751345
0.926101,-0.0889096,0.366649,0.258879,0.856701,-0.446145,-0.274442,0.508093,0.816408
0.822059,0.0390195,-0.568064,0.197255,0.916357,0.348396,0.534143,-0.398456,0.745603
0.888029,0.0597929,0.455884,-0.176825,0.959666,0.218574,-0.424427,-0.274712,0.862784
0.88081,0.213926,-0.422385,0.117529,0.765396,0.632737,0.458651,-0.606963,0.649026
0.883558,-0.29816,0.361146,0.381222,0.905817,-0.184838,-0.272021,0.300992,0.914007
0.778647,0.474626,0.410413,-0.242404,0.830842,-0.50094,-0.578748,0.29057,0.761984
0.798575,-0.445786,0.404417,0.593378,0.69572,-0.404816,-0.1009,0.563248,0.820104
0.819145,0.499146,0.282587,-0.570276,0.655857,0.494608,0.061545,-0.566308,0.821892
0.926968,0.0412892,-0.372861,-0.0411386,0.999118,0.0083642,0.372878,0.00758565,0.927849
0.819517,-0.546377,0.172809,0.566959,0.729191,-0.383195,0.083359,0.412011,0.907358
0.820974,-0.112969,0.559679,0.439982,0.7499,-0.49403,-0.363893,0.651834,0.665352
0.571935,0.566401,0.593363,-0.4513,0.821304,-0.348982,-0.684995,-0.0681898,0.725349
0.960343,0.0173293,-0.278281,-0.168098,0.832266,-0.528276,0.222449,0.554105,0.802174
0.788063,0.0940509,0.608368,0.094773,0.957942,-0.27086,-0.608256,0.271111,0.746005
0.987002,-0.137517,-0.0831606,0.0756398,0.854087,-0.5146,0.141793,0.501621,0.853388
0.969667,-0.232083,0.0767,0.131626,0.760206,0.636208,-0.205961,-0.606814,0.767696
0.6984,0.421253,-0.578604,-0.338916,0.906705,0.251041,0.630375,0.0207707,0.776012
0.828102,-0.465986,0.311615,0.254436,0.807764,0.53177,-0.499509,-0.361074,0.787475
0.850383,0.523117,0.0565524,-0.526038,0.847609,0.069584,-0.0115338,-0.0889218,0.995972
0.881553,0.205807,-0.424862,-0.372115,0.856747,-0.357092,0.290507,0.472893,0.831852
0.83167,-0.555251,0.00471117,0.500397,0.745777,-0.439794,0.240683,0.368121,0.898086
0.970337,0.114525,0.212909,-0.209333,0.838571,0.502969,-0.120937,-0.532618,0.837671
0.63074,-0.587708,0.506722,0.53478,0.802378,0.264951,-0.562297,0.10387,0.820386
0.768805,0.625443,-0.133265,-0.635676,0.770155,-0.0527002,0.0696741,0.12523,0.989678
0.697972,-0.703484,0.133962,0.620328,0.687397,0.377728,-0.357811,-0.180543,0.916174
0.831573,-0.536651,-0.143153,0.480931,0.566797,0.668914,-0.277835,-0.625098,0.729425
0.91734,0.183529,0.353277,-0.363031,0.749846,0.553118,-0.16339,-0.635647,0.754491
0.994223,0.00496681,-0.107223,0.0443416,0.890703,0.452417,0.0977507,-0.454558,0.885337
0.926998,-0.304455,0.219045,0.374624,0.723283,-0.580102,0.0181835,0.619814,0.784538
0.707745,-0.135539,0.693344,0.444192,0.848537,-0.28754,-0.549355,0.511483,0.660753
0.77881,-0.608392,0.15269,0.35178,0.625175,0.696712,-0.519332,-0.488893,0.700912
0.966505,-0.0631765,-0.248749,-0.0895636,0.825267,-0.557595,0.240511,0.561197,0.791967
0.971984,0.231036,-0.0432446,-0.153477,0.763179,0.627697,0.178024,-0.603474,0.777256
0.914798,0.38398,-0.125316,-0.402716,0.890934,-0.209896,0.0310519,0.242479,0.96966
0.725454,-0.39965,0.560353,0.622853,0.727631,-0.287414,-0.292865,0.557524,0.776786
0.759176,-0.454015,0.466392,0.156974,0.823112,0.545752,-0.631673,-0.341111,0.696156
0.761331,-0.567444,0.31366,0.536377,0.823005,0.186984,-0.364247,0.025883,0.930943
0.78383,0.278991,-0.554774,-0.431725,0.886986,-0.16392,0.446345,0.367996,0.815693
0.952586,-0.0509601,-0.299972,0.13929,0.949541,0.281017,0.270515,-0.309476,0.911617
0.745243,0.601493,0.287782,-0.355987,0.723843,-0.591037,-0.563814,0.33802,0.753563
0.937876,0.0732766,-0.339145,-0.290999,0.698451,-0.653824,0.188966,0.711897,0.676384
0.92011,-0.214459,0.327728,-0.0719679,0.72994,0.679712,-0.384992,-0.648996,0.65619
0.751435,0.0482447,0.658041,0.247937,0.903585,-0.349373,-0.611452,0.425684,0.667024
0.735851,0.243948,-0.631674,-0.221981,0.968207,0.115323,0.639724,0.055359,0.766608
0.898919,-0.434648,-0.0550165,0.41054,0.879518,-0.240634,0.152979,0.193724,0.969055
0.87331,0.204998,0.441934,-0.350384,0.894573,0.277435,-0.338468,-0.397134,0.853068
0.917786,0.392669,-0.0589968,-0.3897,0.862236,-0.323547,-0.0761775,0.319938,0.944371
0.927949,-0.193367,0.318622,0.00625392,0.862843,0.505433,-0.372655,-0.467023,0.801884
0.926545,0.223066,-0.302914,-0.237653,0.97128,-0.011674,0.29161,0.0828047,0.952947
0.809835,0.273241,-0.51914,0.14389,0.765367,0.627303,0.568738,-0.582711,0.580505
0.895171,0.386585,0.22186,-0.443041,0.826255,0.347876,-0.0488294,-0.409702,0.910912
0.994229,-0.0544514,0.0924317,-0.00854628,0.818668,0.574203,-0.106937,-0.57168,0.813478
0.873648,-0.391244,0.289254,0.437266,0.892066,-0.114091,-0.213396,0.226156,0.950429
0.897948,0.0364908,0.438585,0.142843,0.91844,-0.368869,-0.416274,0.393874,0.819499
0.960691,0.159,0.22758,-0.0310717,0.87618,-0.480982,-0.275877,0.455003,0.846678
0.764787,0.502752,-0.402916,-0.640943,0.530092,-0.555153,-0.0655218,0.68282,0.727643
0.923721,0.272688,-0.269036,-0.349527,0.887374,-0.300662,0.156749,0.371763,0.914998
0.751311,0.065555,-0.656684,0.327268,0.827076,0.456992,0.573086,-0.558255,0.599937
0.693448,0.62311,-0.361753,-0.38394,0.744427,0.546277,0.609689,-0.239923,0.755457
0.828737,-0.131139,0.544057,-0.0765925,0.936432,0.342387,-0.554373,-0.325419,0.766011
0.649295,-0.625101,-0.433203,0.571509,0.776842,-0.264373,0.50179,-0.0759236,0.861651
0.87588,-0.446945,-0.181866,0.221337,0.70705,-0.671633,0.428771,0.548016,0.718216
0.609328,0.371814,-0.700338,-0.621557,0.772385,-0.13072,0.492327,0.514952,0.701739
0.91223,0.195256,0.360155,-0.13059,0.971847,-0.196113,-0.388308,0.131868,0.912046
0.759898,-0.146255,-0.633376,-0.205671,0.87021,-0.447698,0.616648,0.470472,0.63119
0.733203,0.0670825,0.676693,0.156764,0.951644,-0.264194,-0.661694,0.299789,0.687232
0.875643,-0.23403,0.422468,0.37176,0.885006,-0.280284,-0.308292,0.402485,0.861952
0.85384,0.503721,-0.131236,-0.51727,0.792875,-0.32215,-0.0582203,0.342949,0.937548
0.942625,0.333122,0.0220925,-0.281513,0.828673,-0.48379,-0.179468,0.449813,0.874906
0.869734,0.438486,0.226477,-0.21048,0.744641,-0.63341,-0.446386,0.50323,0.739932
0.864226,-0.255795,0.433222,0.202544,0.965134,0.16581,-0.460531,-0.0555505,0.885904
0.978565,-0.15222,0.138704,0.205777,0.696283,-0.687638,0.00809537,0.701441,0.712682
0.989768,-0.0700498,0.124308,0.0447934,0.979696,0.195422,-0.135473,-0.187854,0.972809
0.855603,0.402698,0.325235,-0.367638,0.91506,-0.165852,-0.364398,0.0223353,0.930975
0.780594,-0.352004,0.516494,0.540585,0.79501,-0.275185,-0.313752,0.494017,0.810868
0.829085,0.555717,-0.0616178,-0.548541,0.829778,0.102813,0.108264,-0.0514407,0.99279
0.76605,0.0671748,-0.639261,0.192773,0.924736,0.32818,0.613193,-0.374635,0.695445
0.964887,0.121428,-0.232914,0.0599051,0.76163,0.645238,0.255744,-0.636534,0.727612
0.955926,0.280785,0.0858149,-0.278882,0.959735,-0.0336586,-0.0918104,0.00824291,0.995742
0.835215,-0.0798214,0.5441,0.225063,0.95237,-0.205764,-0.50176,0.294314,0.813398
0.992788,-0.0600188,0.103781,0.0702028,0.992763,-0.0974362,-0.0971821,0.104019,0.989816
0.979577,0.16976,-0.107751,-0.15989,0.982602,0.0944943,0.121917,-0.0753361,0.989677
0.866782,-0.162806,0.471362,0.370998,0.842143,-0.391352,-0.33324,0.514091,0.790355
0.847343,0.125943,0.515895,-0.35408,0.858,0.372106,-0.395773,-0.49797,0.771615
0.850151,0.519366,0.0866188,-0.478538,0.693497,0.538575,0.219648,-0.499321,0.838113
0.693648,0.530755,0.486983,-0.173113,0.779089,-0.602537,-0.699203,0.333645,0.632294
0.729791,-0.650127,-0.211518,0.660384,0.750407,-0.027978,0.176914,-0.119265,0.976974
0.94937,0.154175,-0.273726,-0.0104856,0.886362,0.462873,0.313984,-0.436568,0.843103
0.804452,0.291572,-0.517534,-0.255289,0.956381,0.141994,0.536362,0.0178933,0.843799
0.667654,-0.414408,0.618469,0.663916,0.707297,-0.242789,-0.336827,0.57271,0.747362
0.80686,-0.120014,0.578423,0.0656777,0.9913,0.114064,-0.58708,-0.0540445,0.807723
0.742654,0.669426,-0.018283,-0.593163,0.67023,0.446037,0.310843,-0.320406,0.894828
0.838535,0.426134,0.339513,-0.54253,0.710462,0.448225,-0.0502074,-0.560048,0.826937
0.810533,0.457889,0.365203,-0.195525,0.79931,-0.568219,-0.552092,0.389154,0.737396
0.91477,-0.230179,0.331983,0.0624137,0.892454,0.446799,-0.399123,-0.387998,0.830757
0.86975,-0.162267,-0.466051,-0.0218315,0.930819,-0.364829,0.493009,0.327484,0.806037
0.940788,-0.278577,-0.193165,0.208733,0.925023,-0.317432,0.267111,0.258317,0.928399
0.794641,0.415921,0.442216,-0.0358134,0.75928,-0.649778,-0.606022,0.500503,0.618251
0.772671,-0.0914406,0.628186,0.147657,0.988318,-0.0377566,-0.617395,0.12193,0.777147
0.70146,-0.30233,-0.645408,0.085361,0.934689,-0.345064,0.707579,0.186956,0.681454
0.745111,-0.541851,-0.388853,0.280971,0.783805,-0.553809,0.604867,0.303393,0.736267
0.670995,-0.665502,-0.326913,0.69597,0.717364,-0.0318564,0.255716,-0.206146,0.944517
0.764997,-0.640051,-0.0715154,0.618293,0.698799,0.359714,-0.180261,-0.319398,0.930318
0.700144,0.583553,0.411417,-0.708971,0.636474,0.303745,-0.0846044,-0.504348,0.859346
0.716387,0.288602,0.635216,-0.177678,0.955885,-0.233913,-0.674701,0.0547083,0.736061
0.785133,0.239464,0.57116,-0.389866,0.907669,0.155373,-0.481218,-0.344664,0.806
0.775923,0.499448,-0.385351,-0.564758,0.822145,-0.0715973,0.281055,0.273184,0.919988
0.91028,0.247977,-0.33151,-0.387737,0.791301,-0.47276,0.14509,0.558882,0.816455
0.96912,0.241104,0.051717,-0.242222,0.970081,0.0164594,-0.0462013,-0.0284781,0.998526
0.731334,-0.0642772,-0.678984,-0.0437342,0.98908,-0.140739,0.680616,0.132622,0.720537
0.966235,0.23881,0.0967447,-0.174291,0.882308,-0.437213,-0.189769,0.405589,0.894139
0.757672,-0.347701,-0.552302,0.392377,0.918925,-0.0402276,0.521511,-0.186231,0.832673
0.943056,0.332585,-0.00576049,-0.236337,0.682127,0.691988,0.234074,-0.651222,0.721886
0.830808,0.465198,0.30553,-0.189077,0.752227,-0.631193,-0.523457,0.466631,0.712915
0.741805,0.0977454,-0.663454,0.08429,0.967885,0.236841,0.665298,-0.231612,0.709743
0.782216,0.175743,0.597707,-0.494218,0.759173,0.423562,-0.379324,-0.626715,0.680692
0.726516,-0.0141852,0.687003,0.492771,0.707553,-0.506503,-0.478906,0.706518,0.521039
0.61449,0.556613,-0.559092,-0.361581,0.828564,0.427482,0.701185,-0.0605263,0.710405
0.800261,-0.599485,-0.0141236,0.491111,0.668743,-0.558204,0.34408,0.439773,0.829583
0.882509,-0.398736,0.249376,0.241453,0.839177,0.487321,-0.403583,-0.369853,0.836857
0.534773,0.654157,0.53488,-0.554294,0.749347,-0.362267,-0.63779,-0.102751,0.763326
0.785559,0.10636,-0.609577,0.26837,0.829084,0.490507,0.557561,-0.548915,0.622751
0.873627,0.140874,0.465759,-0.135868,0.989727,-0.0445069,-0.467244,-0.0243991,0.883792
0.750131,-0.0997121,0.653728,0.352339,0.896826,-0.267506,-0.559607,0.430999,0.70787
0.987496,-0.0782668,0.136843,0.031514,0.948536,0.315098,-0.154462,-0.306846,0.939142
0.769569,0.356219,-0.529972,0.093479,0.758159,0.645334,0.631684,-0.546171,0.550157
0.606314,-0.605356,-0.515682,0.582246,0.77962,-0.230615,0.54164,-0.160429,0.82516
0.607336,0.494791,0.621551,-0.641848,0.766647,0.016873,-0.468161,-0.409188,0.783192
0.943429,0.27577,0.184101,-0.323505,0.887302,0.328693,-0.0727093,-0.369656,0.926319
0.898303,-0.356249,0.257176,0.438144,0.770131,-0.463604,-0.0329006,0.529137,0.847899
0.876622,-0.473786,-0.0840268,0.477464,0.878146,0.0297776,0.0596796,-0.0662235,0.996018
0.878966,-0.39564,0.266249,0.287573,0.885112,0.365894,-0.380422,-0.245042,0.891759
0.766174,-0.494124,0.410877,0.605387,0.769475,-0.203507,-0.215602,0.404661,0.888687
0.964873,0.176219,0.194853,-0.0088448,0.76305,-0.646279,-0.262569,0.621854,0.737804
0.825579,0.390786,0.407069,-0.121271,0.827404,-0.548358,-0.551101,0.403347,0.730478
0.594198,-0.455204,-0.663112,0.485665,0.860234,-0.155329,0.641138,-0.229754,0.732226
0.759974,-0.20161,-0.617894,0.0635628,0.969171,-0.238048,0.646837,0.141635,0.74936
0.72411,0.429149,-0.539904,0.0604187,0.740346,0.669506,0.687033,-0.517416,0.510163
0.90569,0.417553,-0.0733221,-0.404626,0.799789,-0.443413,-0.126506,0.431263,0.893313
0.666253,0.281023,-0.690748,-0.592345,0.762146,-0.26127,0.453028,0.583233,0.674244
0.989848,-0.0911573,0.109051,0.138822,0.784688,-0.604146,-0.0304989,0.613151,0.789376
0.83622,-0.543763,0.0711153,0.516346,0.737023,-0.4361,0.184721,0.401396,0.897084
0.868962,0.164096,-0.466881,0.185189,0.767056,0.614273,0.458923,-0.620241,0.636154
0.787879,0.308602,-0.532928,-0.195304,0.945921,0.259018,0.584041,-0.0999918,0.805542
0.834041,0.0256715,-0.551105,0.146578,0.952705,0.266209,0.531875,-0.302809,0.790832
0.982034,0.0350696,-0.185417,-0.140196,0.793287,-0.592487,0.12631,0.607837,0.783951
0.776713,0.223909,0.588712,-0.182156,0.974592,-0.130348,-0.60294,-0.00599378,0.797764
0.681315,0.721676,0.122451,-0.605635,0.649718,-0.459427,-0.411116,0.238854,0.879734
0.947155,0.296562,0.122267,-0.269179,0.942116,-0.199902,-0.174473,0.156426,0.972157
0.860918,-0.418983,-0.28857,0.186945,0.788077,-0.586503,0.47315,0.450984,0.756797
0.893188,-0.405434,-0.194518,0.43347,0.661164,0.612344,-0.119657,-0.631257,0.766288
0.966489,-0.231195,-0.11157,0.254661,0.918268,0.303201,0.0323527,-0.321453,0.946373
0.707404,0.0052642,0.70679,-0.413446,0.814131,0.407741,-0.573273,-0.580657,0.578096
0.712466,0.425903,-0.557672,-0.622364,0.750631,-0.221846,0.324121,0.505133,0.799866
0.703249,-0.354048,-0.616516,0.273223,0.935175,-0.225383,0.656346,-0.00994576,0.754394
0.985467,-0.0956408,0.140386,0.117138,0.981125,-0.153859,-0.123021,0.168067,0.978069
0.871458,-0.129379,-0.473098,0.277319,0.925569,0.257712,0.404542,-0.355784,0.842474
0.913237,-0.401137,-0.0713174,0.243831,0.678338,-0.693112,0.326411,0.615587,0.717293
0.937647,0.217068,-0.271477,-0.153394,0.959271,0.237211,0.311911,-0.180777,0.932755
0.756177,0.0694491,0.650671,0.0633076,0.981923,-0.178378,-0.651297,0.176078,0.738111
0.971999,-0.0321123,0.23278,0.172749,0.769197,-0.615218,-0.159298,0.638204,0.753206
0.719446,-0.358061,-0.595138,0.356016,0.925857,-0.126657,0.596363,-0.120756,0.79358
0.771656,0.133594,-0.621852,0.0646591,0.956151,0.285648,0.632745,-0.26063,0.729181
0.89864,-0.33334,0.285184,0.225161,0.908401,0.352292,-0.376494,-0.252371,0.891381
0.8746,0.000503101,-0.484844,-0.223235,0.888115,-0.401768,0.430395,0.459621,0.776858
0.800488,0.550109,0.237905,-0.598837,0.717698,0.355392,0.024761,-0.426954,0.903934
0.930455,0.352208,-0.101007,-0.265878,0.838695,0.475288,0.252115,-0.415378,0.874013
0.734248,-0.327989,-0.594393,0.453931,0.888235,0.0706043,0.504803,-0.321654,0.801069
0.81676,0.279422,-0.504803,-0.493063,0.792402,-0.359149,0.299653,0.542238,0.784975
0.779225,0.512013,0.361455,-0.59432,0.786744,0.166787,-0.198975,-0.344785,0.917351
0.791961,0.341844,0.505905,-0.548954,0.761387,0.344876,-0.267295,-0.550847,0.790646
0.968554,0.204497,0.141719,-0.221034,0.968724,0.112773,-0.114224,-0.140551,0.983462
0.965344,0.12651,0.228267,0.0147784,0.846752,-0.531783,-0.260562,0.516727,0.815537
0.924658,-0.1046,0.36615,0.189182,0.960663,-0.203314,-0.33048,0.257265,0.908074
0.653533,-0.654501,0.380162,0.588399,0.755252,0.288758,-0.476111,0.034974,0.87869
0.868652,0.480913,0.11902,-0.434555,0.624245,0.649215,0.237918,-0.615663,0.751235
0.820383,0.336939,-0.462001,-0.290288,0.941505,0.171174,0.492651,-0.0063148,0.870204
0.761782,0.420475,0.492837,-0.31492,0.905165,-0.285487,-0.566139,0.0622747,0.821954
0.997832,0.065808,-0.000862991,-0.0479251,0.73554,0.675784,0.0451068,-0.674278,0.737099
0.878685,-0.107652,0.465105,0.12266,0.992447,-0.00202215,-0.461375,0.0588265,0.885253
0.917382,-0.254341,0.306139,0.296104,0.950121,-0.0979462,-0.265957,0.180503,0.946935
0.746651,0.219189,0.628067,0.125481,0.880798,-0.456562,-0.653274,0.419703,0.630144
0.721143,0.380451,0.578973,-0.531361,0.839991,0.10987,-0.444532,-0.386875,0.80791
0.806692,0.568851,0.160176,-0.584117,0.726329,0.362289,0.0897483,-0.385817,0.9182
0.739937,-0.415799,0.528777,0.583948,0.787251,-0.198092,-0.333913,0.455354,0.825321
0.748969,-0.589316,-0.302905,0.638352,0.764296,0.091427,0.177629,-0.261836,0.948625
0.916253,-0.158053,0.368104,0.311555,0.858762,-0.406769,-0.251822,0.487388,0.836085
0.798002,0.602634,0.00501508,-0.485463,0.63787,0.597869,0.357097,-0.479535,0.801578
0.864646,0.339199,0.370582,-0.407463,0.904989,0.122349,-0.293872,-0.256787,0.920706
0.88109,-0.472449,-0.0217555,0.470491,0.870897,0.142048,-0.0481638,-0.135393,0.989621
0.630513,-0.490753,-0.601345,0.673593,0.730904,0.10978,0.38565,-0.474279,0.791412
0.946681,-0.31067,-0.0853149,0.279079,0.923087,-0.264623,0.160963,0.226704,0.960571
0.809934,-0.0890052,0.579729,-0.0763829,0.963995,0.254715,-0.581527,-0.250584,0.773973
0.740339,-0.665939,0.0917779,0.591858,0.710454,0.380736,-0.318751,-0.227554,0.920118
0.883838,-0.389031,0.259778,0.462788,0.808177,-0.364249,-0.0682424,0.44216,0.894337
0.745929,-0.211617,0.631512,-0.0493225,0.928026,0.369236,-0.664196,-0.306571,0.681804
0.624224,0.716024,-0.312495,-0.591949,0.694528,0.408934,0.509844,-0.0702855,0.857391
0.958751,0.273911,-0.0759594,-0.256299,0.717487,-0.647706,-0.122914,0.640457,0.758095
0.807874,0.542011,0.231438,-0.228476,0.650017,-0.72476,-0.543266,0.532636,0.648969
0.797495,-0.519189,0.307319,0.598755,0.743661,-0.297423,-0.0741225,0.421202,0.903933
0.95575,0.177106,-0.234894,-0.279219,0.797525,-0.534781,0.0926203,0.576704,0.811686
0.651482,-0.405258,-0.641356,0.620497,0.771044,0.14309,0.436526,-0.49118,0.753782
0.885971,-0.0713239,-0.458223,0.151008,0.978619,0.139648,0.438466,-0.19292,0.877798
0.723673,0.39554,-0.565549,0.0486195,0.788211,0.613481,0.688429,-0.471457,0.551176
0.955177,-0.128403,0.266741,0.168267,0.976818,-0.132333,-0.243565,0.171285,0.95464
0.894696,-0.217215,-0.390304,0.292571,0.945247,0.144604,0.337523,-0.243568,0.909259
0.87439,-0.196108,0.44383,0.193937,0.979697,0.0508079,-0.444783,0.041649,0.89467
0.946972,0.321313,-0.00137183,-0.301929,0.888368,-0.345892,-0.109921,0.327964,0.938273
0.727321,0.538473,0.4255,-0.392791,0.835017,-0.385308,-0.562778,0.11311,0.818833
0.73543,0.0779308,0.673104,-0.395455,0.856008,0.332965,-0.550234,-0.511055,0.660352
0.977765,0.00867751,0.209524,0.0321393,0.981139,-0.190615,-0.207227,0.193111,0.959044
0.693694,0.339755,0.635103,-0.571211,0.796628,0.197743,-0.438756,-0.499951,0.746687
0.961889,0.179549,0.206231,-0.271011,0.726294,0.631705,-0.0363625,-0.663521,0.747274
0.80391,0.535279,0.25924,-0.381652,0.798585,-0.465407,-0.456148,0.275206,0.846281
0.736758,0.668226,-0.103254,-0.676099,0.726072,-0.125335,-0.00878209,0.162151,0.986727
0.919849,0.292673,0.261188,-0.378904,0.835251,0.398481,-0.101533,-0.465508,0.879201
0.812211,0.554856,-0.180133,-0.554625,0.638737,-0.533297,-0.180846,0.533056,0.826526
0.816786,-0.169674,-0.551427,-0.260961,0.743764,-0.615398,0.514548,0.646549,0.563218
0.857286,0.510617,-0.0658118,-0.415608,0.610926,-0.673824,-0.30386,0.605012,0.735955
0.869058,0.470503,0.152858,-0.425261,0.868373,-0.255111,-0.252768,0.156702,0.954753
0.773912,0.117773,0.622246,0.123747,0.935492,-0.330971,-0.621085,0.333143,0.709414
0.74816,-0.326566,-0.57759,-0.157387,0.758311,-0.632609,0.644582,0.564198,0.515941
0.993122,0.103083,-0.0555203,-0.114536,0.953721,-0.278025,0.0242913,0.282472,0.958968
0.974108,-0.20457,-0.0962573,0.212605,0.973671,0.0822383,0.0768995,-0.100574,0.991953
0.730114,0.407221,0.54873,0.0511219,0.768227,-0.638133,-0.681411,0.493962,0.540075
0.945154,0.0387821,-0.324314,0.00405403,0.991456,0.130375,0.3266,-0.124539,0.936922
0.994504,0.100828,0.0281986,-0.100937,0.99489,0.00244986,-0.0278075,-0.00528267,0.999599
0.917245,0.317505,0.240526,-0.398116,0.711238,0.579347,0.012874,-0.627161,0.778783
0.835774,0.540803,0.0949459,-0.370955,0.683632,-0.628521,-0.404814,0.490081,0.771975
0.539701,0.603255,0.587202,-0.519644,0.787488,-0.33141,-0.662339,-0.126273,0.738486
0.610159,0.559563,0.560888,-0.626912,0.773867,-0.0900564,-0.484445,-0.296679,0.822979
0.932073,-0.0544576,0.358155,0.205267,0.894011,-0.398258,-0.298506,0.444723,0.844462
0.822213,-0.4134,-0.391238,0.526207,0.814106,0.245638,0.216963,-0.407838,0.886902
0.895988,-0.438755,-0.0685537,0.399164,0.863365,-0.308657,0.194612,0.249189,0.9487
0.65539,-0.731568,0.187809,0.473285,0.591569,0.652722,-0.588613,-0.3389,0.733949
0.944771,0.276657,0.175695,-0.102825,0.759249,-0.642625,-0.311183,0.589068,0.745764
0.957928,0.287005,-0.00168196,-0.284373,0.949903,0.129678,0.0388158,-0.123743,0.991555
0.775478,-0.186394,0.603233,0.409577,0.875631,-0.255963,-0.480499,0.445564,0.755376
0.639235,-0.335096,-0.692163,0.393012,0.916003,-0.0805047,0.661,-0.220567,0.717237
0.851802,0.460372,-0.249981,-0.237342,0.764548,0.599279,0.467013,-0.451136,0.76051
0.845215,-0.533548,0.0306354,0.47572,0.77725,0.411792,-0.243522,-0.333479,0.910763
0.922916,0.236218,-0.304019,-0.272157,0.95882,-0.0812057,0.272317,0.157687,0.949199
0.845087,-0.403884,-0.350293,0.533524,0.679184,0.504045,0.0343376,-0.612852,0.789452
0.724095,0.580481,0.372461,-0.350807,0.774938,-0.525744,-0.593819,0.250026,0.764766
0.772971,-0.455473,0.441657,0.0875773,0.766071,0.636761,-0.628368,-0.453519,0.63204
0.930475,0.354264,0.0933439,-0.351146,0.935064,-0.0484988,-0.104464,0.0123496,0.994452
0.79372,0.604022,-0.0718749,-0.606099,0.795334,-0.00937816,0.0515,0.051007,0.99737
0.836077,0.311785,-0.451403,-0.509138,0.74743,-0.426762,0.204335,0.586633,0.783651
0.737343,0.173671,-0.652812,0.305416,0.776268,0.551479,0.602533,-0.606008,0.519334
0.666536,-0.237194,-0.706731,0.529398,0.818068,0.224728,0.52485,-0.523931,0.670842
0.928231,0.146726,0.341845,0.112724,0.764787,-0.634346,-0.354513,0.627354,0.69336
0.901307,0.277417,0.332694,-0.431129,0.649143,0.626691,-0.042111,-0.708274,0.70468
0.745376,0.640428,0.185112,-0.661785,0.677377,0.321249,0.0803461,-0.361956,0.928726
0.953468,0.275916,-0.121526,-0.186799,0.857024,0.480225,0.236653,-0.435179,0.868686
0.891344,0.411227,-0.190786,-0.342229,0.886406,0.31171,0.297297,-0.212548,0.930826
0.964445,8.91243e-05,-0.264283,0.0190038,0.997388,0.0696868,0.263598,-0.0722315,0.961924
0.922144,-0.386751,0.00858854,0.386802,0.922147,-0.00535191,-0.00585004,0.00825729,0.999949
0.809754,-0.29168,0.509138,0.0992292,0.92327,0.371114,-0.578319,-0.24999,0.776565
0.950309,0.223919,0.216269,-0.231642,0.972742,0.0107092,-0.207976,-0.0602743,0.976275
0.910038,0.409725,0.0628945,-0.275021,0.710308,-0.64794,-0.310152,0.572353,0.75909
0.721271,-0.479015,0.500313,0.322319,0.871458,0.369692,-0.613089,-0.105387,0.782953
0.740493,0.592567,-0.317071,-0.555561,0.805204,0.207362,0.378183,0.0226027,0.925455
0.725426,-0.472436,-0.500561,0.0968345,0.790059,-0.605334,0.681454,0.390654,0.618878
0.793713,0.608169,0.0121993,-0.591245,0.77603,-0.219562,-0.142998,0.167056,0.975522
0.522297,-0.597579,-0.608363,0.649648,0.740964,-0.170088,0.552417,-0.306385,0.775219
0.615165,-0.705718,0.351474,0.524655,0.699204,0.485645,-0.588481,-0.114349,0.800384
0.777857,-0.622342,0.0873386,0.570647,0.757684,0.316664,-0.263248,-0.196479,0.944508
0.76834,-0.62854,0.120793,0.629312,0.776296,0.0364858,-0.116704,0.0479828,0.992007
0.732711,0.634038,0.247244,-0.584193,0.772354,-0.249377,-0.349074,0.0382831,0.936313
0.975886,-0.0384324,0.214872,0.14534,0.848848,-0.508266,-0.16286,0.527239,0.833964
0.639684,0.659204,0.395289,-0.501106,0.747619,-0.435843,-0.582835,0.0807205,0.808571
0.861129,-0.448895,-0.23864,0.493737,0.626585,0.603005,-0.121158,-0.637091,0.761207
0.816052,-0.199264,-0.542543,0.441434,0.820807,0.362508,0.373088,-0.535322,0.757783
0.770316,-0.22736,0.595752,0.0657536,0.957617,0.280439,-0.634263,-0.176854,0.752618
0.891487,-0.405533,-0.201973,0.32806,0.885309,-0.329551,0.312453,0.227532,0.922281
0.681143,-0.312567,0.662077,0.320632,0.940312,0.114056,-0.658209,0.134594,0.740706
0.751405,0.182939,-0.633974,-0.235103,0.971969,0.00181967,0.616536,0.147682,0.773352
0.989404,-0.0246156,-0.143088,0.0946179,0.856825,0.506851,0.110125,-0.515019,0.850075
0.902942,-0.426933,0.0492222,0.4248,0.903998,0.0483001,-0.0651177,-0.0227027,0.997619
0.787298,0.603015,0.12859,-0.609112,0.728321,0.313898,0.0956299,-0.325457,0.940709
0.788278,0.539716,-0.295508,-0.596559,0.788027,-0.15209,0.150782,0.296177,0.943156
0.763264,0.0525265,0.643948,-0.0348651,0.998586,-0.0401289,-0.645146,0.0081776,0.764016
0.919421,0.032211,0.391954,0.158644,0.881576,-0.444584,-0.359858,0.470941,0.80543
0.848645,0.00361994,0.528951,0.32873,0.779817,-0.532749,-0.414413,0.625997,0.660598
0.93481,0.342089,-0.0954213,-0.350832,0.847734,-0.397825,-0.0551997,0.405368,0.912486
0.911725,-0.394905,0.113171,0.402824,0.913453,-0.0577604,-0.0805664,0.0982496,0.991895
0.714291,0.242463,0.656506,-0.339034,0.940528,0.0215157,-0.612246,-0.237946,0.754014
0.659854,-0.678731,-0.322363,0.686517,0.718969,-0.108529,0.305431,-0.149694,0.940374
0.811142,0.137675,0.568414,-0.188823,0.981498,0.0317284,-0.553529,-0.133066,0.822131
0.62365,-0.345146,0.701381,0.619646,0.765263,-0.174391,-0.47655,0.543367,0.691124
0.891513,-0.119216,-0.437026,-0.130196,0.856609,-0.499269,0.433881,0.502005,0.748157
0.84719,0.0616049,0.527706,-0.328258,0.841685,0.428734,-0.41775,-0.536443,0.73329
0.728189,-0.680819,-0.0789044,0.635821,0.714027,-0.293082,0.255876,0.16325,0.952826
0.872994,-0.257869,-0.413986,0.292942,0.955869,0.0223383,0.389956,-0.140775,0.910009
0.890483,0.364724,0.27206,-0.147474,0.796977,-0.58573,-0.430456,0.481461,0.763481
0.748721,-0.289942,-0.596113,-0.0931574,0.844323,-0.527674,0.656307,0.450613,0.605152
0.822879,0.35249,0.445668,-0.306104,0.935785,-0.174948,-0.478717,0.00754005,0.877937
0.97097,0.236095,0.0384228,-0.235415,0.914729,0.328407,0.0423888,-0.327919,0.943754
0.772506,0.52045,0.363823,-0.529574,0.844178,-0.083155,-0.350409,-0.128433,0.927749
0.958622,0.0650213,-0.277157,0.0375023,0.93624,0.349355,0.282201,-0.345293,0.895062
0.818235,-0.565997,0.100694,0.520231,0.803539,0.289284,-0.244645,-0.184318,0.951933
0.805594,-0.401108,0.436041,0.400632,0.911,0.0978416,-0.436478,0.0958711,0.894592
0.850742,-0.390896,0.351338,0.37252,0.920026,0.121578,-0.370764,0.0274486,0.928321
0.972653,0.0316116,-0.230103,-0.0921884,0.961859,-0.257543,0.213185,0.271713,0.938469
0.793167,0.358163,0.492549,-0.197989,0.916496,-0.347614,-0.575922,0.178196,0.797847
0.816433,-0.17937,0.548876,0.486103,0.726546,-0.485629,-0.311676,0.663293,0.680368
0.895336,-0.0952689,0.435083,0.292525,0.862409,-0.413134,-0.335861,0.497167,0.800014
0.781767,-0.333895,-0.526645,0.0162953,0.855214,-0.518019,0.623358,0.396388,0.674018
0.981527,-0.18283,-0.0563754,0.189915,0.895333,0.402879,-0.0231837,-0.406143,0.913515
0.728045,-0.632627,-0.264072,0.513386,0.758425,-0.401529,0.454297,0.15676,0.87695
0.88415,-0.330577,0.330149,0.188718,0.899131,0.394904,-0.427393,-0.28685,0.857352
0.749974,0.424047,-0.507664,-0.656453,0.571461,-0.492445,0.0812901,0.702579,0.706948
0.956502,0.281989,0.0747376,-0.209761,0.842853,-0.49558,-0.202741,0.458347,0.865341
0.73919,-0.651952,0.168985,0.479433,0.685583,0.547832,-0.473014,-0.323935,0.819344
0.739368,-0.631554,-0.233399,0.636259,0.541974,0.549035,-0.220249,-0.554441,0.80255
0.689472,-0.491403,-0.532119,0.243652,0.849193,-0.468514,0.682101,0.193375,0.705226
0.907978,0.41729,0.0380118,-0.418499,0.898601,0.131811,0.0208459,-0.135589,0.990546
0.720812,0.445458,0.531034,-0.662161,0.669001,0.337609,-0.204871,-0.594983,0.777189
0.758898,-0.628333,-0.171089,0.65081,0.722588,0.233052,-0.0228072,-0.288209,0.957296
0.678773,-0.165986,0.715343,0.391921,0.905671,-0.161736,-0.62102,0.39014,0.679798
0.711134,-0.0316896,-0.702342,-0.0174955,0.997877,-0.0627386,0.702839,0.0569034,0.70907
0.894006,0.118879,0.431997,0.137992,0.844242,-0.517893,-0.426277,0.522612,0.738353
0.793571,0.496285,0.352061,-0.180661,0.744675,-0.642511,-0.581039,0.446274,0.680612
0.987979,-0.0103015,0.154247,0.0329913,0.988841,-0.145275,-0.151029,0.148617,0.977294
0.838568,0.486225,0.24574,-0.537878,0.810567,0.231665,-0.0865472,-0.326445,0.941246
0.848725,-0.279968,0.448646,0.104638,0.920501,0.37647,-0.518378,-0.272574,0.810547
0.993994,-0.0456531,-0.0994583,0.0666831,0.973291,0.219679,0.0867728,-0.224992,0.970489
0.734049,0.217389,-0.643361,-0.0467855,0.961316,0.271444,0.677482,-0.169154,0.715824
0.592684,0.66855,-0.449185,-0.363092,0.719584,0.591915,0.718951,-0.187723,0.669231
0.721831,0.673891,0.157579,-0.592941,0.719617,-0.361347,-0.356905,0.167396,0.91902
0.795265,-0.599257,-0.09189,0.513051,0.584468,0.628631,-0.323005,-0.547072,0.772256
0.810916,0.172989,-0.559008,-0.37846,0.88365,-0.275556,0.446299,0.435015,0.782035
0.8994,-0.421545,0.115672,0.427046,0.790834,-0.438422,0.0933368,0.443714,0.891295
0.969928,0.128034,-0.206994,-0.213335,0.856612,-0.469792,0.117164,0.499823,0.858166
0.712965,-0.401809,0.574656,0.353225,0.913762,0.200678,-0.605733,0.0599062,0.79341
0.895584,0.291905,0.335739,0.0055473,0.747267,-0.664501,-0.444858,0.596979,0.667621
0.952441,0.121239,0.279568,-0.176994,0.966923,0.183666,-0.248053,-0.224413,0.942395
0.98097,0.0453768,0.188784,-0.0700812,0.989511,0.126318,-0.181072,-0.137144,0.973861
0.872124,-0.466383,-0.147943,0.377365,0.83361,-0.403348,0.311441,0.29594,0.903008
0.90309,0.208939,-0.375198,-0.369855,0.822421,-0.43224,0.218259,0.52912,0.819997
0.75961,-0.568915,0.315164,0.427507,0.801955,0.417261,-0.490133,-0.182221,0.852388
0.81708,-0.372377,-0.440131,0.422129,0.90638,0.0168095,0.392667,-0.199527,0.897776
0.781095,0.218491,-0.584937,-0.120718,0.971948,0.201851,0.612632,-0.0870525,0.78556
0.655004,0.526402,-0.542099,-0.414363,0.850154,0.324872,0.631881,0.0118331,0.774975
0.953691,-0.236737,0.185552,0.161577,0.923531,0.347827,-0.253707,-0.301739,0.919014
0.92619,-0.355816,-0.124771,0.322107,0.918655,-0.228738,0.19601,0.171665,0.965459
0.757156,0.547,0.35708,-0.240321,0.74155,-0.626378,-0.607422,0.388452,0.692924
0.701804,-0.16685,-0.692555,0.572467,0.710697,0.408891,0.423973,-0.683426,0.594286
0.991106,0.0550866,0.121136,-0.0192132,0.959994,-0.279359,-0.131679,0.274547,0.952515
0.875714,-0.387826,-0.287605,0.358608,0.921289,-0.150421,0.323304,0.0285883,0.945863
0.891482,-0.33082,0.309545,0.422602,0.853469,-0.304956,-0.163301,0.402677,0.900657
0.755246,0.448466,-0.477997,-0.617774,0.73072,-0.290521,0.218993,0.51471,0.828925
0.707241,-0.503838,-0.495941,0.650152,0.739061,0.176327,0.277691,-0.447143,0.850265
0.653007,0.370112,0.660757,-0.299553,0.927532,-0.223502,-0.695594,-0.0519833,0.716552
0.807292,-0.218593,0.548175,-0.220009,0.750435,0.623253,-0.547608,-0.62375,0.557728
0.724279,-0.649841,0.230494,0.65686,0.751936,0.0559175,-0.209654,0.110903,0.971466
0.792623,0.534736,0.292927,-0.241415,0.716417,-0.654573,-0.559882,0.448112,0.696942
0.714716,-0.15765,-0.681416,0.255411,0.96581,0.0444463,0.651112,-0.205808,0.730546
0.993363,0.0319605,0.110492,-0.0673517,0.940335,0.333518,-0.0932401,-0.338746,0.936246
0.887611,0.36005,0.287247,-0.318456,0.930296,-0.182033,-0.332766,0.0700985,0.9404
0.728004,-0.0718003,-0.681803,0.516558,0.711315,0.476653,0.450753,-0.699196,0.554929
0.957121,-0.155138,0.244644,0.271833,0.772881,-0.573377,-0.100128,0.615294,0.781913
0.898048,-0.439622,-0.0155762,0.324585,0.638322,0.69799,-0.296909,-0.631884,0.715938
0.927319,0.372903,-0.0319853,-0.356108,0.852785,-0.382028,-0.115183,0.365652,0.923597
0.846518,0.407443,-0.342633,-0.513435,0.794934,-0.323208,0.140682,0.449521,0.882122
0.86706,0.493611,-0.0674898,-0.405873,0.77842,0.478882,0.288917,-0.387828,0.875281
0.94285,0.110139,-0.314489,-0.0397522,0.974233,0.222013,0.330838,-0.196823,0.922934
0.728489,0.678032,-0.0978583,-0.68234,0.705449,-0.191712,-0.0609527,0.206433,0.97656
0.867304,0.189983,0.460099,-0.0747774,0.96354,-0.256904,-0.492131,0.188409,0.849888
0.881154,-0.312459,-0.354877,0.122888,0.876083,-0.466237,0.456581,0.367216,0.810361
0.766431,-0.082436,-0.637014,-0.233359,0.88823,-0.395715,0.598437,0.451942,0.66153
0.820732,0.441574,-0.362507,-0.541966,0.802517,-0.24948,0.180754,0.401222,0.897969
0.676472,-0.561575,-0.476465,0.703512,0.684112,0.192514,0.217845,-0.465429,0.857858
0.887533,-0.390313,-0.244829,0.260941,0.863756,-0.431086,0.379731,0.318717,0.868461
0.821638,0.212596,0.52888,-0.505322,0.700981,0.503264,-0.263743,-0.680756,0.683382
0.700656,-0.697983,0.147989,0.471236,0.608429,0.638554,-0.53574,-0.377668,0.755214
0.961314,0.0771226,0.264438,-0.00435894,0.964144,-0.265344,-0.27542,0.253926,0.927181
0.867761,-0.280377,0.410342,0.0314788,0.855017,0.517645,-0.495985,-0.436274,0.750776
0.756125,0.610571,0.235537,-0.62149,0.557206,0.550701,0.205,-0.562783,0.800781
0.818205,-0.481241,-0.314559,0.567881,0.761877,0.311538,0.0897306,-0.433534,0.896659
0.646747,-0.484573,0.588988,0.709269,0.666074,-0.230831,-0.280455,0.56704,0.774474
0.75831,-0.555744,0.340755,0.651096,0.619821,-0.43806,0.0322419,0.554049,0.831859
0.92401,0.167447,0.343755,-0.248928,0.945839,0.208385,-0.290243,-0.27812,0.915646
0.735144,-0.585437,0.341799,0.600635,0.796274,0.0720152,-0.314326,0.152355,0.93701
0.867409,-0.443701,0.225233,0.49598,0.807391,-0.319567,-0.040059,0.388907,0.920406
0.791656,0.224132,0.568371,-0.555878,0.650273,0.517826,-0.253535,-0.725886,0.639382
0.609814,-0.641679,0.465161,0.555128,0.764723,0.327157,-0.565649,0.058719,0.822553
0.966785,0.00728396,-0.255488,-0.11129,0.911858,-0.395132,0.230091,0.410441,0.882381
0.828006,0.220599,0.515502,-0.341254,0.927744,0.151118,-0.444918,-0.301044,0.843458
0.853732,0.124796,0.505537,-0.400084,0.778598,0.483444,-0.333278,-0.614989,0.714643
0.973548,-0.120638,0.194035,0.206819,0.826229,-0.523996,-0.0971036,0.550266,0.829324
0.882548,0.255123,0.394995,-0.321174,0.9406,0.110085,-0.343447,-0.224017,0.912064
0.867335,-0.453639,0.204796,0.489675,0.704024,-0.514363,0.0891534,0.546409,0.83276
0.811002,0.403369,-0.423756,-0.553217,0.764385,-0.33116,0.190333,0.503,0.843068
0.625209,0.57391,-0.528906,-0.52194,0.811306,0.263365,0.580252,0.111399,0.806782
0.889916,0.442302,0.111435,-0.39568,0.87013,-0.293786,-0.226906,0.217352,0.949353
0.870796,-0.428565,0.240928,0.491283,0.739712,-0.459856,0.0188609,0.518805,0.854685
0.938649,-0.335788,0.0786455,0.344643,0.921656,-0.178243,-0.0126325,0.194412,0.980839
0.848649,0.405365,0.339815,-0.16228,0.810971,-0.562131,-0.503448,0.421907,0.754012
0.918195,0.37903,0.115129,-0.209816,0.711862,-0.670246,-0.335999,0.591261,0.733154
0.940842,-0.174019,-0.290746,0.157952,0.984358,-0.0780355,0.299778,0.027495,0.953613
0.957153,-0.25974,-0.128035,0.210629,0.927868,-0.307729,0.198729,0.267576,0.94282
0.947163,-0.261798,0.185321,0.234922,0.959589,0.154919,-0.218389,-0.103198,0.97039
0.786205,-0.415472,0.457455,0.604707,0.669762,-0.430985,-0.127324,0.615468,0.777809
0.771091,0.172224,0.61299,0.298586,0.7525,-0.587017,-0.562374,0.635675,0.528823
0.876323,0.462685,0.134095,-0.471524,0.766881,0.435384,0.0986108,-0.444766,0.890202
0.765857,-0.50256,0.401118,0.108668,0.715999,0.689592,-0.633762,-0.48454,0.602965
0.713852,0.610749,-0.342639,-0.623322,0.777151,0.086635,0.319194,0.15173,0.935464
0.756935,-0.374569,0.535487,0.339366,0.92558,0.167726,-0.558461,0.0547686,0.827721
0.665387,-0.633529,-0.394844,0.648107,0.752729,-0.115575,0.37043,-0.178999,0.91145
0.930104,-0.331714,0.157708,0.362225,0.757312,-0.543389,0.0608154,0.562534,0.824534
0.66993,0.636089,-0.382863,-0.636727,0.757465,0.144313,0.381801,0.1471,0.912463
0.883513,-0.431688,-0.181798,0.455207,0.882798,0.115991,0.110418,-0.185235,0.976471
0.984101,0.161903,0.0730311,-0.17472,0.956356,0.234216,-0.0319236,-0.243252,0.969438
0.952442,0.101155,-0.287439,-0.260292,0.76053,-0.594846,0.158435,0.641375,0.750691
0.616231,-0.585971,0.52621,0.404322,0.80876,0.427119,-0.675857,-0.0504451,0.735304
0.95977,-0.0948982,-0.264265,0.00964829,0.951747,-0.306733,0.280622,0.291843,0.914373
0.747621,-0.448092,0.490179,0.643463,0.671409,-0.367649,-0.16437,0.590274,0.79029
0.883236,0.335925,0.327184,-0.118442,0.834914,-0.537484,-0.453725,0.435973,0.777214
0.884661,-0.381686,-0.267753,0.442621,0.868001,0.225081,0.1465,-0.317633,0.936828
0.984431,-0.145212,-0.0990417,0.168322,0.941107,0.293234,0.0506278,-0.305339,0.950897
0.96938,0.238068,-0.0602164,-0.233715,0.819172,-0.523769,-0.0753654,0.521805,0.849729
0.720011,-0.0823841,-0.689055,-0.195946,0.92839,-0.315748,0.665724,0.36236,0.652309
0.660623,-0.583871,0.471882,0.708076,0.693445,-0.133273,-0.24941,0.422172,0.871531
0.800399,0.240152,0.549261,-0.515345,0.743714,0.425804,-0.306236,-0.623872,0.719029
0.796443,-0.450614,-0.403268,0.309229,0.876575,-0.368772,0.519668,0.169004,0.837486
0.730641,-0.682735,-0.00597579,0.577955,0.623121,-0.526961,0.363499,0.381566,0.849868
0.843691,-0.450091,-0.292582,0.418892,0.892819,-0.165541,0.335731,0.0171048,0.941803
0.798334,0.137007,-0.586423,-0.492176,0.709573,-0.504251,0.347024,0.691184,0.633908
0.516185,0.496003,-0.698237,-0.715019,0.698349,-0.0325094,0.471488,0.516033,0.715129
0.784898,0.355785,-0.507299,-0.458306,0.884339,-0.0888806,0.417002,0.30226,0.857174
0.955762,-0.27179,0.112465,0.154286,0.788767,0.595015,-0.250428,-0.551341,0.795807
0.771912,-0.536809,0.340571,0.194353,0.709334,0.677549,-0.605293,-0.456818,0.651873
0.926744,0.0500876,-0.372339,0.210025,0.752674,0.623997,0.311505,-0.656486,0.687016
0.872354,-0.324502,0.365647,0.423618,0.875083,-0.234047,-0.244023,0.359066,0.900847
0.919048,-0.339959,-0.199444,0.296481,0.929704,-0.218515,0.25971,0.141694,0.955235
0.897424,0.0466555,0.438694,0.205641,0.835518,-0.509531,-0.390309,0.547479,0.74022
0.931359,-0.348041,-0.106947,0.337397,0.935395,-0.105825,0.136869,0.0624772,0.988617
0.811236,-0.3261,0.48534,0.466744,0.861116,-0.201569,-0.352202,0.39005,0.850773
0.771346,-0.326683,0.546172,0.481771,0.860486,-0.165711,-0.415838,0.39095,0.821119
0.69507,-0.431429,-0.575106,0.406994,0.895537,-0.179916,0.59265,-0.109011,0.798049
0.873694,-0.078549,0.480092,-0.156849,0.888692,0.430843,-0.460496,-0.451727,0.764125
0.661056,-0.560861,0.498437,0.184387,0.765341,0.616648,-0.727328,-0.315734,0.609348
0.868056,-0.0162696,0.4962,-0.280578,0.808468,0.517354,-0.409579,-0.588315,0.697231
0.907883,-0.133437,0.39742,-0.0412488,0.914958,0.401436,-0.417189,-0.38085,0.82517
0.75895,0.503133,0.413342,-0.562432,0.82641,0.0267667,-0.328123,-0.252792,0.910182
0.804811,-0.154226,0.573143,-0.197449,0.841081,0.503584,-0.559726,-0.518457,0.64646
0.779725,0.332297,0.530667,-0.510511,0.828105,0.231561,-0.362501,-0.451465,0.815336
0.686117,-0.67849,0.262479,0.697625,0.715951,0.0270999,-0.206309,0.164518,0.964557
0.708431,-0.550342,0.44187,0.566028,0.817004,0.110077,-0.42159,0.172129,0.8903
0.883851,-0.452245,0.119503,0.381039,0.84427,0.376853,-0.271323,-0.287547,0.918532
0.981835,-0.0437471,-0.184622,0.105423,0.93481,0.33914,0.15775,-0.352443,0.922442
0.56501,0.546842,0.617841,-0.692991,0.720933,-0.00435348,-0.447803,-0.425699,0.786291
0.648699,0.609813,0.455322,-0.27562,0.745918,-0.606333,-0.709382,0.267832,0.651953
0.99195,-0.0970515,-0.0813387,0.0341423,0.823531,-0.566243,0.12194,0.558908,0.820215
0.618957,0.506945,0.599915,-0.499164,0.843613,-0.197869,-0.606405,-0.176984,0.77521
0.988702,-0.0518176,-0.140654,0.0728496,0.986185,0.148768,0.131002,-0.157334,0.978818
0.865784,0.323456,-0.381831,-0.429848,0.871377,-0.236502,0.256221,0.368888,0.893461
0.955632,0.000582994,0.294561,-0.0941243,0.948175,0.303487,-0.279119,-0.317747,0.906162
0.79195,-0.372722,-0.483625,-0.0243639,0.772147,-0.634977,0.610099,0.514653,0.602421
0.733583,-0.292842,0.61327,-0.0946849,0.849556,0.518931,-0.672971,-0.438746,0.595492
0.786052,0.548952,-0.284208,-0.441316,0.820288,0.363823,0.432853,-0.160559,0.887051
0.721331,0.412866,-0.556078,-0.255569,0.904905,0.340339,0.643713,-0.103381,0.758252
0.718756,0.346613,0.602701,-0.654091,0.630984,0.417163,-0.2357,-0.69406,0.68024
0.677095,0.281578,-0.679894,-0.529731,0.827808,-0.184714,0.51081,0.48523,0.709665
0.986875,-0.0796698,0.140466,-0.0402572,0.720993,0.691772,-0.156388,-0.688347,0.708323
0.937404,0.0371805,0.346254,0.0220208,0.985966,-0.165488,-0.347548,0.162754,0.923429
0.850284,0.525689,-0.025867,-0.524309,0.8503,0.045713,0.0460255,-0.0253067,0.99862
0.97155,-0.185216,-0.147603,0.219077,0.939603,0.262967,0.0899829,-0.287822,0.953447
0.98538,0.0953702,0.141177,-0.157492,0.825956,0.541288,-0.0649834,-0.555608,0.828901
0.877859,-0.285075,0.384832,0.012844,0.817268,0.576115,-0.478747,-0.500805,0.721107
0.851781,-0.471337,0.228715,0.519137,0.81808,-0.247469,-0.0704655,0.329524,0.941514
0.779944,0.523408,0.34312,-0.479558,0.852081,-0.209717,-0.402134,-0.00097809,0.91558
0.946995,0.192349,0.257299,-0.0871085,0.924677,-0.370655,-0.309213,0.328596,0.892419
0.659402,-0.496562,-0.56446,0.338696,0.866526,-0.366629,0.671174,0.0505757,0.739573
0.847054,-0.530609,-0.030896,0.525127,0.82649,0.202873,-0.0821107,-0.188068,0.978718
0.944582,-0.119706,-0.305672,0.300761,0.688734,0.659688,0.131559,-0.715063,0.686569
0.81676,-0.44805,-0.363532,0.26031,0.848443,-0.460852,0.51492,0.281774,0.809605
0.765397,-0.194348,0.613512,0.139684,0.980754,0.136418,-0.628217,-0.0187156,0.777813
0.711439,-0.155825,0.685254,0.41331,0.88141,-0.228673,-0.568357,0.445909,0.691473
0.827881,0.55311,-0.0931822,-0.551935,0.832912,0.0403056,0.099906,0.0180623,0.994833
0.99015,-0.00682954,0.139847,0.0374984,0.975257,-0.21787,-0.134899,0.220968,0.965907
0.711908,-0.698328,0.0743288,0.667099,0.705529,0.239179,-0.219467,-0.120689,0.968126
0.756913,0.0692724,-0.649834,0.0047012,0.993763,0.111411,0.653499,-0.0873835,0.751866
0.689543,0.527048,-0.496741,-0.654199,0.747532,-0.114976,0.310732,0.404248,0.86025
0.736618,-0.552235,0.390423,0.200243,0.729489,0.654025,-0.645985,-0.403587,0.647936
0.769387,-0.618237,-0.160707,0.360922,0.628309,-0.689175,0.527047,0.47224,0.706548
0.92633,-0.00167165,0.37671,0.0429275,0.993945,-0.101148,-0.37426,0.109868,0.920792
0.70014,-0.64904,-0.297574,0.328731,0.662986,-0.672596,0.633829,0.37309,0.677543
0.724695,-0.170975,0.667522,0.486277,0.813249,-0.319626,-0.488213,0.556232,0.672498
0.930002,-0.0313516,0.366214,-0.0948709,0.942118,0.32158,-0.355099,-0.333813,0.873197
0.766046,0.0613713,-0.639849,-0.334502,0.888087,-0.315294,0.548892,0.455561,0.700844
0.700851,-0.647899,-0.298387,0.489458,0.741107,-0.459555,0.518881,0.176032,0.836525
0.844203,0.478167,0.242237,-0.330737,0.820297,-0.46661,-0.421824,0.313797,0.850645
0.726601,0.161917,0.667708,-0.0510064,0.981864,-0.182594,-0.685164,0.0986158,0.721682
0.813602,-0.0564185,-0.578678,0.102548,0.993602,0.0473081,0.572307,-0.0978325,0.814183
0.893118,-0.345688,0.287818,0.354466,0.934791,0.0228142,-0.276936,0.0816458,0.957413
0.764049,-0.36055,0.535007,0.0995908,0.885239,0.454351,-0.637425,-0.293864,0.712273
0.743602,0.575609,-0.340191,-0.357943,0.77245,0.524593,0.564741,-0.268319,0.780431
0.764896,-0.594352,0.248354,0.453244,0.770553,0.448128,-0.457716,-0.230206,0.858779
0.939257,-0.181607,0.291229,-0.0513872,0.764559,0.642502,-0.339345,-0.61844,0.708785
0.810174,-0.585553,0.0273155,0.580375,0.79472,-0.177721,0.082357,0.159838,0.983702
0.834427,-0.424776,0.351135,0.364986,0.903312,0.225415,-0.412936,-0.0599333,0.908786
0.993763,-0.0375327,-0.10501,0.022688,0.990012,-0.139142,0.109184,0.135892,0.984689
0.873812,-0.0196319,-0.485867,0.298315,0.810706,0.50375,0.384005,-0.585124,0.714261
0.763592,0.545989,0.344707,-0.645694,0.647832,0.40422,-0.00261246,-0.531234,0.847221
0.836168,-0.511455,-0.198081,0.536625,0.83755,0.102683,0.113385,-0.192156,0.974792
0.862318,-0.133238,-0.488523,0.225268,0.964976,0.134447,0.453499,-0.225985,0.862131
0.761449,0.38973,0.517982,-0.339169,0.920505,-0.194,-0.552413,-0.0279623,0.833101
0.961384,-0.0218974,0.274339,0.0269458,0.99953,-0.0146468,-0.27389,0.0214735,0.961521
0.906412,0.182037,-0.381157,-0.365007,0.791684,-0.489905,0.212574,0.58318,0.784036
0.804414,0.463748,0.371289,-0.416,0.885903,-0.205231,-0.424101,0.0106343,0.905552
0.817119,-0.0680577,0.572437,0.127288,0.989798,-0.0640175,-0.56224,0.125174,0.817446
0.917194,-0.380837,-0.117124,0.334485,0.895684,-0.293036,0.216505,0.229595,0.9489
0.994908,0.0525769,0.0859864,-0.0738294,0.960959,0.266661,-0.0686092,-0.271651,0.959947
0.995776,0.0428367,0.0812065,-0.0717675,0.914804,0.397471,-0.0572617,-0.40162,0.914015
0.729438,-0.0677906,-0.68068,-0.377497,0.789939,-0.48321,0.570453,0.609426,0.550621
0.974787,0.221831,-0.0241168,-0.17006,0.808534,0.56334,0.144466,-0.545035,0.825873
0.702344,0.517199,-0.489098,-0.66197,0.727195,-0.181613,0.261739,0.451323,0.853112
0.858205,-0.512769,-0.0235044,0.433095,0.698759,0.569355,-0.275524,-0.498803,0.821756
0.929341,-0.332215,0.161115,0.359458,0.714396,-0.600357,0.0843474,0.615851,0.783335
0.927205,-0.0981513,-0.361466,0.174306,0.967258,0.184469,0.331525,-0.234046,0.913955
0.729085,0.360651,0.581693,0.0656581,0.809126,-0.583956,-0.681267,0.463946,0.566241
0.787788,0.254582,-0.560872,-0.51403,0.773421,-0.370936,0.339357,0.580524,0.740155
0.871215,-0.0914258,0.482314,0.364549,0.778499,-0.510924,-0.328769,0.620951,0.711569
0.915068,0.196957,-0.351935,0.0852814,0.758408,0.646176,0.394179,-0.621309,0.677199
0.851386,-0.465441,0.241881,0.442961,0.884948,0.143708,-0.28094,-0.0152071,0.959605
0.81423,-0.14917,-0.56105,0.0481497,0.980447,-0.1908,0.578542,0.12834,0.805493
0.749157,-0.462371,0.474317,0.60371,0.771271,-0.201679,-0.272576,0.43744,0.856942
0.92543,-0.134755,-0.354148,0.248904,0.92089,0.300013,0.285703,-0.365789,0.885761
0.739525,0.441553,0.508068,-0.671311,0.539225,0.508505,-0.0494311,-0.717124,0.69519
0.844616,-0.235197,0.480943,0.326487,0.938237,-0.114536,-0.4243,0.25376,0.869238
0.918332,-0.226747,0.324425,0.162493,0.963366,0.213357,-0.360918,-0.143216,0.921535
0.77403,-0.504457,-0.382624,0.226118,0.784711,-0.577147,0.591395,0.360211,0.721457
0.846712,0.516166,0.12904,-0.306424,0.671357,-0.674821,-0.434952,0.531839,0.726612
0.693392,0.501325,0.517572,-0.708216,0.606546,0.361293,-0.132806,-0.61707,0.775621
0.861221,0.395971,-0.318599,-0.315269,0.907922,0.276193,0.398628,-0.137419,0.906759
0.85574,-0.495269,0.149727,0.484849,0.666556,-0.566237,0.180638,0.557146,0.810529
0.950224,-0.0414923,-0.308793,0.0719536,0.993526,0.0879175,0.303146,-0.10576,0.947057
0.847882,-0.0779149,0.524429,-0.303228,0.740134,0.600213,-0.434913,-0.667931,0.60392
0.734744,0.435832,-0.519809,-0.663952,0.619065,-0.419436,0.138992,0.653306,0.744226
0.602829,0.714549,0.354988,-0.465148,0.676229,-0.571272,-0.648255,0.179257,0.740022
0.895323,-0.397213,0.201541,0.157844,0.706053,0.690343,-0.416513,-0.586268,0.694843
0.982474,-0.147734,0.113665,0.11696,0.9634,0.241208,-0.145139,-0.223686,0.963794
0.926077,0.0373591,-0.37548,0.109448,0.925712,0.362047,0.361112,-0.376379,0.853192
0.984996,0.0816371,-0.152047,-0.0313899,0.951092,0.30731,0.169698,-0.297926,0.939384
0.919345,-0.339861,0.19824,0.316455,0.938112,0.14072,-0.233796,-0.0666362,0.969999
0.794713,-0.110314,-0.596877,0.221663,0.968176,0.116196,0.565064,-0.224648,0.793874
0.690495,0.488745,0.53324,-0.664264,0.720241,0.200016,-0.286304,-0.492323,0.821978
0.932001,-0.0334988,-0.360904,0.0313873,0.999439,-0.0117121,0.361094,-0.000412108,0.932529
0.988164,0.0598992,-0.141225,0.0342058,0.811402,0.583487,0.149541,-0.581412,0.799749
0.787508,0.59918,-0.144273,-0.615458,0.776839,-0.133164,0.0322882,0.193662,0.980537
0.98061,0.126269,-0.149869,-0.0398563,0.877269,0.478341,0.191875,-0.463092,0.865291
0.99018,0.0385825,0.134372,-0.112507,0.79046,0.602092,-0.0829854,-0.611297,0.787038
0.722226,-0.685814,0.0897167,0.687665,0.698075,-0.199523,0.0742063,0.205795,0.975777
0.997166,0.0557849,-0.0504702,-0.0602494,0.993957,-0.0917534,0.0450467,0.0945342,0.994502
0.994294,-0.0436081,-0.0973505,-0.0253092,0.790119,-0.612431,0.103625,0.611401,0.784507
0.727421,-0.131267,0.673518,0.344158,0.918945,-0.192602,-0.593644,0.3719,0.713637
0.815891,0.375768,0.439455,-0.44201,0.895318,0.0550672,-0.37276,-0.239172,0.896575
0.804437,0.592684,0.040078,-0.494034,0.704954,-0.508891,-0.329865,0.389571,0.859898
0.913208,0.327857,-0.241993,-0.328921,0.943625,0.0371937,0.240545,0.0456311,0.969565
0.555209,-0.603582,0.572217,0.604526,0.76538,0.220774,-0.571219,0.223344,0.789827
0.900731,-0.422667,0.10018,0.387056,0.885648,0.256544,-0.197157,-0.192302,0.961327
0.958768,-0.163789,0.232243,0.257776,0.84527,-0.46805,-0.119646,0.508618,0.852638
0.5619,-0.640809,0.523099,0.421417,0.76591,0.485582,-0.711812,-0.052406,0.700412
0.617088,-0.547341,-0.56535,0.549773,0.813908,-0.187895,0.562985,-0.194866,0.803165
0.796486,0.534695,-0.282331,-0.583952,0.55907,-0.588592,-0.156875,0.633673,0.757528
0.748964,-0.66108,-0.0450029,0.6585,0.750153,-0.0604063,0.0736925,0.0156078,0.997159
0.88238,0.332546,-0.332895,-0.364702,0.930377,-0.0372864,0.297318,0.154308,0.942227
0.97547,-0.137608,0.171819,0.0877816,0.95895,0.269648,-0.201871,-0.247951,0.947506
0.993579,-0.00935956,0.112754,0.0744376,0.804586,-0.589153,-0.0852057,0.593763,0.800116
0.903886,0.403838,-0.141086,-0.36604,0.900843,0.233444,0.221369,-0.159363,0.962081
0.754692,0.00577791,-0.656054,-0.0828245,0.9928,-0.0865336,0.650831,0.119644,0.749737
0.907446,0.353719,0.226769,-0.388049,0.912495,0.1295,-0.161119,-0.205512,0.965301
0.795852,0.419084,-0.437021,-0.318258,0.903551,0.286892,0.515103,-0.089238,0.85247
0.835961,0.14787,-0.528492,-0.199766,0.97894,-0.0420825,0.511139,0.140754,0.847894
0.998652,-0.0296627,-0.0426045,0.0245929,0.993067,-0.114948,0.0457188,0.113745,0.992458
0.97284,0.0337177,-0.229009,-0.184748,0.709166,-0.680406,0.139464,0.704235,0.696134
0.874907,0.364848,0.31847,-0.39556,0.917762,0.0352775,-0.279409,-0.156839,0.947276
0.785151,-0.0252967,-0.618787,-0.113479,0.976372,-0.183903,0.608819,0.214611,0.763729
0.936637,-0.337866,-0.0925061,0.313681,0.6914,0.650823,-0.155932,-0.638602,0.753573
0.773769,0.106895,0.624383,-0.167849,0.985026,0.0393691,-0.610826,-0.135264,0.780125
0.842347,-0.4012,-0.359847,0.0786165,0.75203,-0.654424,0.53317,0.522962,0.665011
0.831469,0.188195,0.522725,-0.219281,0.975659,-0.00246441,-0.510465,-0.112575,0.852498
0.740673,-0.666227,-0.0868623,0.584257,0.702522,-0.406334,0.331733,0.25021,0.909587
0.902129,0.361587,-0.235411,-0.431452,0.751484,-0.49912,-0.00356733,0.551839,0.833943
0.715907,0.356346,0.600412,-0.0850964,0.898071,-0.431541,-0.69299,0.257851,0.673259
0.889089,-0.401499,-0.219815,0.454624,0.718674,0.526141,-0.0532703,-0.567719,0.821497
0.998185,-0.0602146,-0.000706602,0.0451391,0.740407,0.670641,-0.0398592,-0.669456,0.741782
0.767482,0.248889,0.590785,-0.157829,0.966551,-0.20216,-0.621339,0.0619111,0.781092
0.836346,-0.525743,-0.155305,0.428898,0.80397,-0.411921,0.341425,0.277898,0.897887
0.857392,0.358666,-0.369103,-0.508423,0.70161,-0.499249,0.0799028,0.615713,0.783909
0.73208,0.0227656,-0.680838,0.21471,0.940789,0.262328,0.646497,-0.338228,0.683845
0.998436,0.047201,-0.0299737,-0.0451972,0.996904,0.0643349,0.0329176,-0.0628795,0.997478
0.933463,0.14969,0.325943,-0.0239561,0.932739,-0.359755,-0.357872,0.32801,0.874264
0.917309,0.0279575,0.397193,-0.269347,0.778237,0.567274,-0.293251,-0.627348,0.721414
0.962867,0.220923,-0.155177,-0.245301,0.95597,-0.161085,0.112757,0.193168,0.974665
0.839269,0.339763,-0.424487,-0.473016,0.841232,-0.261888,0.268112,0.420583,0.866733
0.918822,-0.190532,-0.345636,0.223801,0.972869,0.0586475,0.325084,-0.13124,0.936534
0.811941,0.202372,-0.547538,-0.334833,0.929795,-0.152867,0.478162,0.307453,0.822699
0.837153,0.274051,0.473361,0.134529,0.735678,-0.663837,-0.530166,0.619414,0.579008
0.654302,0.548043,0.521093,-0.257901,0.809464,-0.527499,-0.710898,0.210753,0.670974
0.659949,0.498441,-0.56216,-0.295252,0.8601,0.415998,0.690864,-0.108559,0.714788
0.592166,0.513813,-0.620755,-0.719104,0.684577,-0.119346,0.363633,0.51706,0.774868
0.76607,-0.638508,-0.0737781,0.58263,0.738292,-0.339805,0.271438,0.217329,0.937598
0.804008,-0.527235,0.274944,0.472292,0.847163,0.243423,-0.361264,-0.0658597,0.930135
0.992125,0.0606904,-0.10957,-0.0619576,0.998045,-0.00819478,0.108858,0.0149189,0.993945
0.698817,-0.173599,0.693916,0.532773,0.773633,-0.342994,-0.477293,0.609389,0.633116
0.687136,0.666435,-0.289324,-0.67392,0.733439,0.0888793,0.271434,0.133909,0.953096
0.815869,0.57056,0.0939075,-0.522063,0.796657,-0.304612,-0.248612,0.199498,0.947836
0.845709,0.217656,-0.48724,0.0544991,0.873041,0.484592,0.530854,-0.436378,0.726476
0.907558,-0.298477,-0.295382,0.123221,0.861735,-0.492169,0.401442,0.410274,0.818852
0.931914,-0.222294,0.28657,0.0261488,0.829271,0.558235,-0.361737,-0.512734,0.778621
0.82273,-0.567234,0.0368944,0.543112,0.80358,0.243492,-0.167765,-0.18029,0.969201
0.773863,-0.602563,-0.195075,0.615898,0.644137,0.453605,-0.14767,-0.471174,0.869591
0.804569,0.429212,0.410421,-0.237352,0.865922,-0.440275,-0.544364,0.256818,0.798569
0.882127,0.0346978,-0.469733,-0.33036,0.756426,-0.564519,0.335731,0.653158,0.678727
0.74111,0.620057,0.257461,-0.666625,0.725178,0.172418,-0.0797958,-0.299411,0.950782
0.756491,-0.171375,0.631151,0.327047,0.934855,-0.138156,-0.566358,0.31093,0.763257
0.956713,-0.265678,-0.11881,0.274949,0.958929,0.0697009,0.0954128,-0.0993505,0.990467
0.897655,0.186797,-0.399152,-0.182277,0.981994,0.0496331,0.401236,0.0282028,0.915541
0.815647,-0.578401,-0.0131513,0.560263,0.795331,-0.231418,0.144312,0.181387,0.972766
0.820806,-0.509537,0.258166,0.247872,0.724922,0.642687,-0.514624,-0.463529,0.72132
0.75275,-0.450288,0.480217,0.553732,0.827601,-0.0919643,-0.356018,0.335138,0.872315
0.984246,-0.176803,0.000635621,0.172921,0.963374,0.204961,-0.0368501,-0.201623,0.97877
0.95878,-0.257646,0.119835,0.103661,0.709811,0.696722,-0.264568,-0.655581,0.707261
0.821026,0.186838,0.539451,0.103927,0.880225,-0.463037,-0.561351,0.436229,0.70327
0.69666,0.558556,-0.450199,-0.714343,0.597974,-0.363512,0.0661651,0.574841,0.815586
0.737518,0.674278,-0.0376331,-0.610148,0.641416,-0.465086,-0.289459,0.365971,0.884465
0.738823,0.00217222,0.673896,-0.164633,0.970277,0.177367,-0.65348,-0.241988,0.717221
0.991072,-0.106385,-0.0803595,0.130112,0.903269,0.408871,0.0290888,-0.415676,0.909047
0.832838,-0.0180938,-0.553222,-0.287763,0.839629,-0.460668,0.472836,0.542858,0.694068
0.668858,0.672889,0.315989,-0.368509,0.66928,-0.645186,-0.645624,0.315093,0.695619
0.934482,0.351559,0.0561284,-0.353459,0.897335,0.264302,0.0425519,-0.266825,0.962805
0.891316,0.433849,-0.131643,-0.421507,0.686005,-0.593067,-0.166994,0.584099,0.794318
0.993741,0.102485,0.0444427,-0.104396,0.710479,0.695932,0.0397473,-0.696216,0.716731
0.865725,-0.49036,0.100334,0.404037,0.802976,0.438159,-0.295422,-0.338787,0.89328
0.844716,-0.459808,-0.273918,0.527772,0.800669,0.283526,0.08895,-0.384065,0.919011
0.961616,-0.2464,-0.120755,0.162298,0.86557,-0.47376,0.221256,0.435977,0.872336
0.778283,0.190169,-0.598423,-0.491141,0.778159,-0.39147,0.391223,0.598585,0.699028
0.835329,-0.492074,0.245128,0.518037,0.853814,-0.0513692,-0.184017,0.169896,0.968129
0.848552,-0.529111,0.000698532,0.52505,0.842202,0.12255,-0.0654309,-0.103623,0.992462
0.873417,-0.483356,-0.0592444,0.389366,0.76623,-0.511162,0.292468,0.42339,0.85744
0.807735,0.270866,0.523637,-0.502156,0.78145,0.370371,-0.308875,-0.56211,0.767222
0.731684,-0.442719,-0.518303,0.511476,0.859216,-0.0118694,0.450589,-0.256415,0.855115
0.946759,0.313136,0.0747874,-0.319568,0.942231,0.100386,-0.0390326,-0.118941,0.992134
0.778699,0.178516,-0.601465,-0.1677,0.983008,0.0746426,0.60457,0.0427413,0.795405
0.888106,0.327004,0.323012,-0.265934,0.938745,-0.219174,-0.374896,0.10875,0.920666
0.546262,0.673174,-0.498432,-0.426822,0.73572,0.52587,0.720709,-0.0745209,0.689221
0.994605,-0.0213952,-0.101507,0.0792494,0.788118,0.610401,0.0669397,-0.615152,0.785562
0.872793,-0.432046,-0.227089,0.365168,0.886716,-0.283528,0.32386,0.164535,0.931688
0.850883,-0.450211,-0.270756,0.444062,0.891737,-0.087255,0.280727,-0.0459889,0.958685
0.916243,0.151657,-0.370809,0.0123467,0.914451,0.404508,0.400433,-0.375205,0.835987
0.856968,-0.162405,0.489112,0.229165,0.970144,-0.0793907,-0.461616,0.180123,0.8686
0.876641,0.242106,0.415794,-0.352273,0.911588,0.211923,-0.327725,-0.332254,0.884423
0.902274,0.272959,-0.333759,-0.0545965,0.840188,0.53954,0.427693,-0.468591,0.772982
0.936708,-0.0196114,0.349562,-0.212227,0.762281,0.611463,-0.278456,-0.646949,0.709873
0.795737,-0.139519,0.589354,0.452306,0.784039,-0.425091,-0.402768,0.604829,0.686994
0.78987,-0.589889,0.167737,0.613268,0.760959,-0.211763,-0.00272458,0.270133,0.962819
0.853423,-0.395356,-0.33965,0.164077,0.822296,-0.544893,0.49472,0.409296,0.766635
0.688965,-0.184995,-0.700788,0.34446,0.934281,0.0920162,0.63771,-0.30479,0.70741
0.894956,0.415981,-0.161287,-0.446118,0.839002,-0.311535,0.00572748,0.350763,0.936447
0.765108,-0.0849213,-0.638277,-0.0559696,0.978742,-0.19731,0.641465,0.186688,0.74409
0.998972,-0.0429148,0.0145739,0.0376524,0.964829,0.260169,-0.0252264,-0.259353,0.965453
0.687017,-0.381391,-0.618505,0.412238,0.905519,-0.100471,0.598387,-0.185946,0.779331
0.91802,-0.316488,0.238903,0.170333,0.858798,0.48317,-0.358087,-0.402867,0.842302
0.958416,-0.223165,-0.177864,0.193288,0.966174,-0.170728,0.209948,0.129249,0.969132
0.976453,-0.180086,-0.118784,0.172046,0.98224,-0.0748597,0.130156,0.0526605,0.990094
0.860305,-0.233099,0.453366,0.255822,0.966655,0.0115604,-0.440943,0.106036,0.891249
0.897249,-0.126273,-0.423082,-0.0533025,0.920245,-0.387697,0.438295,0.370412,0.818958
0.937068,-0.339828,-0.0801297,0.347932,0.928011,0.133184,0.0291016,-0.152682,0.987847
0.97961,0.169485,-0.107885,-0.129993,0.94413,0.302853,0.153187,-0.282654,0.946911
0.78308,0.543745,0.301874,-0.544344,0.834002,-0.0901674,-0.300792,-0.0937154,0.949074
0.860615,-0.471908,-0.191431,0.507389,0.762407,0.401612,-0.043575,-0.442763,0.895579
0.812308,-0.281999,-0.510522,0.551093,0.657671,0.513581,0.190926,-0.698531,0.689639
0.78257,-0.0095249,0.62249,-0.319679,0.851848,0.414922,-0.534219,-0.523703,0.663585
0.950393,0.274914,-0.145515,-0.247529,0.951745,0.18141,0.188366,-0.136392,0.972582
0.960548,0.27711,0.0236005,-0.224787,0.723603,0.652586,0.163761,-0.632146,0.757347
0.796831,0.134522,0.589036,0.0119169,0.971211,-0.237923,-0.604085,0.196604,0.772288
0.640519,-0.513822,-0.570721,0.289809,0.849962,-0.439972,0.711158,0.11641,0.693327
0.962978,-0.261475,0.0656068,0.257918,0.822807,-0.506425,0.078436,0.504597,0.859784
0.938844,-0.341644,-0.0430351,0.333453,0.933206,-0.133921,0.085914,0.111381,0.990057
0.852181,0.403753,-0.332823,-0.400471,0.912654,0.081765,0.336765,0.0636071,0.939438
0.970164,-0.203337,0.132044,0.242304,0.794372,-0.557012,0.0083695,0.572388,0.819941
0.926992,0.361626,0.0995649,-0.37453,0.906821,0.1934,-0.0203492,-0.21657,0.976055
0.99468,0.0251429,-0.0998931,-0.0420279,0.984424,-0.170712,0.094045,0.174002,0.980244
0.839017,0.358218,-0.409549,-0.0793638,0.825222,0.559204,0.538286,-0.436679,0.720805
0.827819,0.400229,0.393106,-0.560172,0.627659,0.540603,-0.0303714,-0.667729,0.743785
0.728955,-0.331281,0.599064,0.498606,0.856558,-0.133041,-0.469059,0.395678,0.789571
0.742117,-0.44448,-0.501697,0.667086,0.562669,0.488263,0.0652663,-0.697023,0.714072
0.988038,0.143747,0.0558393,-0.146307,0.759347,0.634023,0.0487374,-0.634609,0.771295
0.870616,-0.377004,-0.316062,0.491953,0.671113,0.554607,0.00302405,-0.638338,0.769751
0.764814,-0.410487,-0.496548,0.208113,0.88683,-0.412578,0.609712,0.212207,0.763688
0.894729,-0.245871,0.372838,0.385663,0.846342,-0.367381,-0.225221,0.472496,0.85207
0.998293,-0.0580851,0.00610822,0.0583574,0.996241,-0.0640143,-0.00236699,0.0642615,0.99793
0.71414,-0.526852,0.460902,0.699993,0.534108,-0.474066,0.00359156,0.661178,0.750221
0.763552,0.609091,0.21447,-0.542939,0.785345,-0.297407,-0.34958,0.110641,0.93035
0.737429,-0.515316,-0.436632,0.403708,0.854557,-0.32673,0.541496,0.064668,0.838212
0.781964,-0.623296,0.00588786,0.622634,0.780619,-0.0544118,0.0293185,0.046214,0.998501
0.990095,0.115276,-0.0801463,-0.139821,0.86136,-0.488375,0.0127367,0.494743,0.868946
0.853185,0.0408901,0.520003,-0.336516,0.804854,0.488842,-0.398538,-0.592062,0.700449
0.98063,0.104037,0.165958,-0.08879,0.991335,-0.0968036,-0.174591,0.0801931,0.98137
0.63768,0.292709,0.71252,-0.525312,0.841778,0.124326,-0.563393,-0.453576,0.690549
0.822427,0.248206,0.511867,0.144279,0.779365,-0.609732,-0.550271,0.575312,0.60516
0.805927,-0.457486,0.375751,0.589567,0.562544,-0.579617,0.0537901,0.688659,0.723087
0.700521,-0.445924,0.557156,0.643963,0.731457,-0.224238,-0.307543,0.515871,0.799559
0.81945,0.547501,0.169543,-0.331078,0.693632,-0.639735,-0.467856,0.468099,0.749663
0.647512,-0.64184,-0.410816,0.514484,0.765879,-0.385663,0.56217,0.038363,0.826132
0.833632,0.47555,0.280908,-0.472683,0.877359,-0.0825331,-0.285706,-0.063978,0.956179
0.844162,-0.137693,0.518104,0.455741,0.693242,-0.558315,-0.282295,0.70743,0.64796
0.908014,-0.138553,-0.395366,0.139297,0.989883,-0.0269804,0.395104,-0.0305747,0.918127
0.849746,-0.0264586,-0.526527,0.0660202,0.996218,0.0564869,0.523042,-0.082761,0.84828
0.865051,-0.163925,-0.474147,0.167694,0.985229,-0.0346709,0.472827,-0.0495197,0.879763
0.959238,0.0758293,-0.272236,0.0862406,0.838828,0.537522,0.269119,-0.53909,0.798096
0.700946,0.202056,0.683995,-0.420642,0.891595,0.167685,-0.575965,-0.405255,0.709953
0.878971,0.401514,-0.257287,-0.323693,0.898539,0.296396,0.350189,-0.177242,0.919757
0.891528,-0.369038,-0.262656,0.438199,0.849513,0.293785,0.114712,-0.377013,0.919077
0.965912,-0.257366,-0.0278625,0.2034,0.687951,0.696672,-0.160132,-0.678591,0.716848
0.66087,-0.541874,0.519253,0.270939,0.817476,0.508256,-0.699888,-0.195205,0.687061
0.840729,0.0662787,0.537384,0.202669,0.881812,-0.425831,-0.502096,0.46692,0.727933
0.807126,0.219944,-0.54788,-0.193237,0.975315,0.106863,0.557859,0.0196189,0.829704
0.703538,0.489671,0.51503,-0.636272,0.756821,0.1496,-0.31653,-0.432949,0.844017
0.720708,0.681645,0.126255,-0.672967,0.644213,0.363461,0.166417,-0.346915,0.923014
0.73845,-0.619288,-0.266784,0.428273,0.736338,-0.523821,0.520839,0.27256,0.808973
0.709733,0.208972,0.672762,-0.530283,0.787164,0.314917,-0.463765,-0.580262,0.669491
0.999655,0.00290967,0.0261164,-0.019678,0.741562,0.670596,-0.0174157,-0.670878,0.741363
0.932819,0.297939,-0.202686,-0.350374,0.881336,-0.316994,0.0841891,0.366714,0.926517
0.951856,-0.305924,0.0195062,0.231338,0.675122,-0.700495,0.201129,0.671283,0.713391
0.785233,0.41237,0.46191,-0.22831,0.886235,-0.403066,-0.575573,0.211042,0.790049
0.784016,-0.246649,-0.569634,0.0768795,0.949186,-0.30518,0.615962,0.195473,0.763139
0.929578,0.20831,-0.304125,-0.0533151,0.892324,0.448235,0.36475,-0.400455,0.840591
0.742175,0.585751,-0.325687,-0.653672,0.739925,-0.158824,0.147952,0.330767,0.932042
0.677883,-0.308385,-0.667363,0.24755,0.950506,-0.187771,0.692238,-0.0379186,0.720672
0.864022,-0.216894,0.454338,0.0317413,0.924114,0.380796,-0.502452,-0.314595,0.80534
0.84529,-0.395491,-0.359265,0.446945,0.891832,0.0698262,0.292789,-0.219595,0.93062
0.744689,-0.546981,-0.382425,0.666853,0.633236,0.392835,0.0272924,-0.547561,0.83632
0.845945,0.379789,0.37435,-0.480862,0.846744,0.22759,-0.230542,-0.372539,0.898924
0.630273,0.553896,0.544017,-0.39356,0.831955,-0.391102,-0.669228,0.0323982,0.74235
0.677926,-0.329589,0.657106,0.497589,0.863703,-0.0801423,-0.54113,0.381299,0.749526
0.861956,0.040537,-0.50536,0.18168,0.905899,0.382544,0.473312,-0.42155,0.77348
0.797522,-0.267382,0.540801,0.447427,0.863459,-0.232913,-0.404683,0.427722,0.808261
0.77693,0.414601,0.473799,-0.0594708,0.797519,-0.600355,-0.626772,0.438257,0.644273
0.886733,0.461056,0.0336518,-0.434398,0.855936,-0.280483,-0.158122,0.234096,0.959269
0.956021,0.284932,0.0695581,-0.293005,0.917207,0.269961,0.0131212,-0.278469,0.960356
0.78776,0.301622,0.537083,-0.129866,0.933639,-0.333846,-0.602137,0.193242,0.774654
0.589747,0.659987,0.465421,-0.628822,0.73689,-0.248146,-0.506737,-0.146323,0.849592
0.914059,-0.0411039,0.403494,-0.174686,0.857948,0.483126,-0.366035,-0.51209,0.777034
0.811522,0.408306,-0.417993,-0.176055,0.852961,0.491389,0.557169,-0.325183,0.764081
0.740548,0.143615,-0.656479,0.284308,0.818204,0.499711,0.608899,-0.556702,0.565088
0.691481,-0.581206,-0.429015,0.582527,0.799834,-0.144662,0.427219,-0.149882,0.891639
0.789869,0.143075,0.596353,0.266218,0.796018,-0.543583,-0.552481,0.58812,0.590661
0.90369,-0.00911003,0.42809,-0.0922348,0.972162,0.215394,-0.418135,-0.234134,0.877693
0.867083,-0.446746,-0.220422,0.333149,0.848982,-0.410172,0.370377,0.28222,0.88497
0.943927,0.0524819,0.325957,-0.24244,0.780355,0.576427,-0.22411,-0.62313,0.749322
0.673616,0.392851,0.626026,-0.263367,0.91902,-0.293326,-0.690564,0.0327146,0.722531
0.837023,0.511855,0.193384,-0.447731,0.84387,-0.29567,-0.314531,0.160899,0.935512
0.920729,0.174309,0.349105,0.122618,0.720106,-0.682944,-0.370436,0.671613,0.641649
0.82944,0.494562,-0.259688,-0.541352,0.826308,-0.155411,0.137721,0.269487,0.953105
0.864591,0.41779,0.279168,-0.361698,0.903125,-0.231387,-0.348794,0.0990805,0.931947
0.776236,-0.359244,0.518075,0.144699,0.901347,0.40821,-0.613612,-0.241903,0.75164
0.790868,0.187388,-0.582592,0.0481426,0.929968,0.364474,0.610091,-0.316298,0.726461
0.889004,0.371367,0.267876,-0.453979,0.791219,0.409726,-0.0597901,-0.485858,0.87199
0.747317,-0.216621,0.628166,0.257289,0.965957,0.0270152,-0.612634,0.141431,0.77761
0.807966,-0.165071,-0.565635,0.310364,0.93522,0.170404,0.500865,-0.313233,0.806858
0.993504,-0.106695,0.0395832,0.107543,0.766486,-0.633193,0.0372184,0.633336,0.772981
0.67525,-0.282681,-0.68127,0.51706,0.84011,0.163902,0.52601,-0.462933,0.713447
0.670945,0.354511,0.651272,-0.334978,0.928488,-0.160314,-0.661531,-0.1106,0.741717
0.715547,0.496127,-0.491782,-0.18937,0.815392,0.547061,0.672407,-0.298319,0.677403
0.730049,0.6264,0.273224,-0.283913,0.641669,-0.712498,-0.621629,0.442587,0.646293
0.67508,-0.352598,0.648029,0.429905,0.901856,0.0428566,-0.59954,0.249659,0.760409
0.970729,0.0811296,-0.226062,-0.108255,0.987987,-0.110284,0.214399,0.131529,0.96785
0.930867,-0.156988,0.329911,0.0995747,0.977807,0.184333,-0.351527,-0.138738,0.92584
0.766382,0.632693,-0.111167,-0.637987,0.729436,-0.246772,-0.0750412,0.260044,0.962676
0.910051,0.414262,0.0139544,-0.368131,0.792322,0.486523,0.190492,-0.447898,0.873556
0.777281,-0.598475,0.194066,0.363433,0.678893,0.637982,-0.513566,-0.425361,0.745196
0.975279,0.193954,-0.105889,-0.20112,0.97762,-0.0617164,0.0915494,0.0814872,0.992461
0.85773,0.478367,-0.18832,-0.481089,0.617717,-0.622076,-0.181252,0.624172,0.759971
0.918526,0.17611,0.353972,-0.0119287,0.907249,-0.420426,-0.395182,0.381949,0.835432
0.724809,0.649928,-0.228572,-0.482361,0.71561,0.505204,0.491914,-0.255923,0.83218
0.724508,0.687678,0.0467656,-0.688602,0.72512,0.00533076,-0.0302448,-0.036065,0.998892
0.749462,-0.337485,-0.569571,0.509748,0.843123,0.171172,0.42245,-0.418625,0.803921
0.759295,0.637754,0.129388,-0.392888,0.607773,-0.690109,-0.518758,0.473161,0.712045
0.850142,0.492149,0.187212,-0.234674,0.672412,-0.70199,-0.471368,0.552857,0.68714
0.86209,-0.251459,-0.439965,0.122141,0.945711,-0.301185,0.491815,0.205911,0.846002
0.97156,0.22045,-0.086451,-0.230257,0.964722,-0.127648,0.0552611,0.143924,0.988045
0.989908,-0.0924442,0.107407,0.0438274,0.920482,0.38832,-0.134764,-0.379693,0.915244
0.835276,-0.424314,0.349674,0.5439,0.730806,-0.412426,-0.0805454,0.534677,0.841209
0.676344,-0.521296,-0.520393,0.502373,0.843138,-0.191677,0.538684,-0.131792,0.832136
0.975281,-0.198847,0.0963643,0.219298,0.924512,-0.311747,-0.0270999,0.325174,0.945266
0.788786,0.469011,-0.397298,-0.371909,0.878786,0.299031,0.489389,-0.0881124,0.867603
0.652784,0.658106,0.375193,-0.631724,0.74625,-0.209846,-0.418089,-0.100034,0.902881
0.627886,-0.618852,0.471997,0.453827,0.783786,0.423935,-0.632297,-0.0519776,0.77298
0.942301,0.307175,-0.13309,-0.225327,0.875991,0.426459,0.247583,-0.371864,0.894662
0.99615,0.0747472,0.0458118,-0.0868156,0.768321,0.634149,0.0122027,-0.635685,0.771852
0.656334,0.401837,-0.638555,-0.492119,0.869544,0.0413755,0.571878,0.287089,0.768463
0.760021,-0.0673605,0.646398,0.289199,0.925766,-0.243561,-0.582007,0.372049,0.723082
0.921086,0.146051,-0.360929,-0.0154854,0.93999,0.340851,0.389051,-0.308364,0.868073
0.704486,0.69926,0.121385,-0.691376,0.7148,-0.105169,-0.160307,-0.00983261,0.987018
0.770558,0.171468,0.613873,-0.162976,0.984121,-0.0703132,-0.616182,-0.0458659,0.786268
0.682243,-0.70986,-0.175055,0.566404,0.66456,-0.487388,0.462312,0.233365,0.855458
0.850208,0.0440902,0.524597,-0.0210315,0.998536,-0.0498374,-0.526026,0.0313391,0.849891
0.769124,0.493541,-0.406036,-0.152713,0.758846,0.633113,0.620586,-0.424935,0.659017
0.793578,-0.278334,0.541077,0.5211,0.769994,-0.368189,-0.314147,0.574142,0.75609
0.872458,0.243906,-0.423471,-0.0846415,0.928867,0.360614,0.481304,-0.278777,0.831041
0.95524,-0.294614,0.0268175,0.25814,0.785824,-0.562,0.144499,0.543767,0.826703
0.806204,0.536174,0.250106,-0.587703,0.67709,0.442893,0.0681232,-0.50405,0.860984
0.779508,-0.037055,0.625296,-0.135741,0.964535,0.226376,-0.611508,-0.26134,0.746833
0.849786,0.192239,-0.490825,-0.258144,0.963601,-0.0695263,0.459594,0.185786,0.86848
0.809038,0.385306,-0.443844,-0.458097,0.886489,-0.0654475,0.368246,0.256273,0.893711
0.87963,-0.461705,0.114365,0.475636,0.85615,-0.201936,-0.00467849,0.232024,0.972699
0.791958,-0.569857,-0.219239,0.576793,0.580465,0.574778,-0.200281,-0.581656,0.788393
0.683851,-0.510929,0.520864,0.396628,0.859511,0.322376,-0.6124,-0.013868,0.790427
0.886314,0.143193,0.440389,0.154727,0.804767,-0.57307,-0.43647,0.57606,0.691121
0.992444,0.110623,0.0530874,-0.0550571,0.788134,-0.613036,-0.109656,0.605481,0.788269
0.723806,0.335014,0.603217,-0.602964,0.73213,0.316892,-0.33547,-0.593086,0.731921
0.740393,0.194455,0.643432,0.24396,0.814229,-0.526796,-0.62634,0.547008,0.555411
0.800093,-0.360155,0.479729,0.11897,0.879095,0.461561,-0.587961,-0.312218,0.746205
0.726575,0.103923,-0.679183,-0.379335,0.884863,-0.27041,0.572882,0.454111,0.682341
0.831992,0.0827821,-0.548576,0.266164,0.808018,0.525608,0.486771,-0.583313,0.650231
0.647817,0.581704,0.491888,-0.585142,0.793412,-0.16765,-0.487792,-0.179218,0.854365
0.766677,-0.641075,0.035062,0.549193,0.626547,-0.553015,0.332556,0.44324,0.832433
0.683977,0.710634,-0.164845,-0.626925,0.688141,0.365277,0.373015,-0.146496,0.916187
0.807041,-0.586953,0.0645797,0.494804,0.612516,-0.616436,0.322263,0.529443,0.784753
0.863222,0.170679,0.475097,0.0576884,0.901596,-0.428715,-0.501518,0.397484,0.768431
0.960073,0.223591,0.168126,-0.279021,0.808659,0.517897,-0.0201593,-0.54413,0.838759
0.954509,-0.296882,0.027812,0.280653,0.92599,0.252539,-0.100728,-0.233245,0.967187
0.768084,0.372015,-0.521201,-0.251631,0.923806,0.288557,0.588836,-0.0904855,0.803171
0.948883,0.168704,-0.266758,-0.184924,0.982067,-0.0367087,0.255781,0.0841621,0.963064
0.730298,-0.681834,-0.0420319,0.682885,0.727012,0.0715726,-0.018243,-0.0809723,0.996549
0.73347,-0.66378,0.146348,0.373793,0.573717,0.728785,-0.567715,-0.479838,0.668921
0.933532,-0.15327,0.324079,0.299888,0.829206,-0.471683,-0.196433,0.537519,0.820053
0.866733,0.169282,0.469166,-0.380409,0.832731,0.402303,-0.322586,-0.527165,0.786152
0.803341,-0.586084,-0.105587,0.466116,0.72917,-0.501046,0.370645,0.353295,0.858955
0.897028,-0.0195821,-0.44154,-0.0204961,0.9961,-0.0858163,0.441499,0.0860295,0.893128
0.983525,-0.123754,-0.131773,0.128154,0.991429,0.025418,0.127498,-0.0418864,0.990954
0.923539,-0.357516,-0.138775,0.383308,0.848905,0.363917,-0.0122998,-0.389285,0.921035
0.715981,0.528348,-0.456311,-0.463168,0.848559,0.255778,0.522346,0.0282168,0.852266
0.530683,-0.544318,-0.649687,0.685329,0.726586,-0.048948,0.498697,-0.419274,0.758624
0.781683,0.412745,0.46756,-0.442652,0.895282,-0.050282,-0.439352,-0.167662,0.88253
0.736947,-0.66622,-0.114282,0.675252,0.733273,0.0796592,0.0307294,-0.135874,0.99025
0.815674,0.528603,0.235063,-0.522719,0.847523,-0.092037,-0.247872,-0.0477995,0.967613
0.847255,0.253022,0.467054,-0.153086,0.958268,-0.241429,-0.508649,0.133052,0.850631
0.758575,-0.24184,-0.605043,0.560625,0.715462,0.41691,0.33206,-0.65546,0.678313
0.803746,-0.120245,-0.582695,0.0969024,0.992744,-0.0712001,0.587029,0.000762242,0.809566
0.87281,0.392677,0.28984,-0.13199,0.761644,-0.634411,-0.469873,0.515465,0.7166
0.990716,-0.1337,-0.0246223,0.114774,0.725508,0.678576,-0.0728621,-0.675102,0.734117
0.974893,-0.219737,0.0360447,0.219628,0.975559,0.00700018,-0.0367019,0.00109199,0.999326
0.788844,-0.406868,0.460634,0.587643,0.718836,-0.371417,-0.180003,0.563678,0.806143
0.846291,0.479613,0.231866,-0.484538,0.873895,-0.0391245,-0.221391,-0.0792371,0.971961
0.956697,-0.173499,0.23373,0.222353,0.953784,-0.202129,-0.187858,0.245346,0.95106
0.992204,-0.0794772,0.0959944,0.0179766,0.853478,0.520818,-0.123322,-0.515032,0.848253
0.944093,-0.228458,-0.237689,0.328632,0.7096,0.623273,0.0262722,-0.66654,0.745006
0.725926,0.414293,-0.548992,-0.439766,0.893322,0.0926415,0.528807,0.174177,0.830678
0.809559,-0.584352,-0.0560909,0.582516,0.78781,0.200079,-0.0727274,-0.194649,0.978173
0.622947,-0.564173,-0.541892,0.670024,0.742335,-0.00261185,0.403738,-0.361454,0.840444
0.961929,0.25928,0.0864126,-0.243855,0.957022,-0.156982,-0.123401,0.129934,0.983814
0.903085,-0.407603,-0.135264,0.338747,0.869677,-0.359044,0.263984,0.278427,0.923467
0.972191,-0.184701,0.143982,0.196378,0.977918,-0.0715004,-0.127596,0.0977869,0.986994
0.774985,0.000334117,0.631979,0.114088,0.983496,-0.140425,-0.621596,0.180929,0.762157
0.847296,0.394925,-0.355139,-0.118138,0.792045,0.598922,0.517815,-0.465509,0.717752
0.989405,0.0797917,0.121286,-0.141889,0.708312,0.691492,-0.0307329,-0.701375,0.712129
0.833713,-0.545887,0.0832463,0.50919,0.701664,-0.49839,0.213654,0.457903,0.862947
0.940358,-0.241117,0.239977,0.316579,0.878459,-0.357894,-0.124515,0.41252,0.902399
0.701876,-0.599928,-0.384,0.478875,0.796514,-0.369114,0.527303,0.0751845,0.846344
0.994021,-0.0993466,0.0453093,0.108631,0.857793,-0.502384,0.0110442,0.504303,0.863456
0.576942,-0.654203,-0.489036,0.457176,0.754806,-0.47038,0.676852,0.047807,0.734565
0.867179,0.232857,0.440202,-0.472447,0.664173,0.579368,-0.15746,-0.710388,0.68597
0.862021,0.151214,-0.483791,0.108517,0.877276,0.467558,0.49512,-0.455545,0.739821
0.721117,0.34361,-0.6016,-0.462843,0.88507,-0.0492767,0.515526,0.31398,0.797276
0.640494,-0.43279,0.634397,0.390722,0.894814,0.215972,-0.661138,0.109544,0.742224
0.817398,0.181624,-0.546694,-0.411647,0.848033,-0.333746,0.402998,0.497848,0.767945
0.81692,-0.324068,0.477097,0.485216,0.833343,-0.264774,-0.311781,0.447794,0.838018
0.721372,0.673681,-0.16055,-0.519694,0.679807,0.517475,0.457756,-0.289854,0.840502
0.969064,0.215699,0.119955,-0.220209,0.975118,0.0255467,-0.11146,-0.0511715,0.992451
0.867634,0.489044,-0.0897069,-0.487735,0.872187,0.0374725,0.0965668,0.0112408,0.995263
0.865715,0.365713,0.341748,-0.358254,0.929543,-0.0872,-0.34956,-0.0469422,0.935737
0.799239,-0.236261,0.552628,0.478517,0.806493,-0.347262,-0.363646,0.541987,0.757636
0.967023,-0.096117,-0.235857,-0.0876717,0.743836,-0.662587,0.239125,0.661414,0.71088
0.901353,-0.129899,0.413145,0.326463,0.830633,-0.451077,-0.284577,0.541456,0.791101
0.867938,-0.423539,0.259419,0.131536,0.699677,0.702247,-0.478938,-0.575384,0.662987
0.819571,0.51862,0.243592,-0.561589,0.811416,0.161931,-0.113673,-0.269513,0.956264
0.680274,-0.691888,0.241905,0.51946,0.687948,0.506842,-0.517096,-0.219132,0.827402
0.726546,0.539308,-0.425768,-0.537935,0.831964,0.135873,0.427501,0.130318,0.894573
0.796923,0.495016,-0.346227,-0.598854,0.572161,-0.560362,-0.0792911,0.653905,0.752411
0.992183,-0.0122952,0.124182,-0.0789921,0.7085,0.701276,-0.0966053,-0.705603,0.701991
0.955805,0.177688,-0.234229,-0.155436,0.981656,0.110414,0.249552,-0.0691269,0.965891
0.875766,-0.136327,0.463086,0.274484,0.929756,-0.245381,-0.397105,0.342007,0.851668
0.932456,0.308779,0.187569,-0.211617,0.887587,-0.409155,-0.292822,0.341826,0.892978
0.902586,-0.364901,0.228441,0.388455,0.919045,-0.0667743,-0.185581,0.149009,0.971265
0.746938,0.367755,-0.553932,-0.0844118,0.878821,0.469626,0.659514,-0.304023,0.687467
0.814543,0.0294843,-0.579353,-0.152145,0.974605,-0.164309,0.559795,0.221982,0.798344
0.818745,-0.562237,0.116386,0.564262,0.750458,-0.344125,0.106137,0.347422,0.931683
0.925371,-0.302619,-0.228276,0.170583,0.87024,-0.462152,0.338511,0.388722,0.856916
0.92443,0.364317,-0.112701,-0.354422,0.92986,0.0987162,0.14076,-0.0513126,0.988713
0.843827,-0.497046,-0.202241,0.494557,0.866607,-0.0663751,0.208255,-0.0440106,0.977084
0.914077,-0.141096,0.380205,0.356248,0.72735,-0.586557,-0.193782,0.671605,0.715119
0.895183,0.393245,-0.209775,-0.250745,0.833466,0.492403,0.368475,-0.388191,0.844709
0.728173,-0.1856,-0.659786,-0.168209,0.884805,-0.434542,0.664432,0.427403,0.613071
0.991715,0.0442723,0.120585,-0.056531,0.993358,0.100215,-0.115347,-0.106202,0.987632
0.972279,-0.129079,-0.194967,0.173806,0.956737,0.233335,0.156414,-0.260753,0.95265
0.841597,0.237444,-0.485113,-0.0546875,0.931028,0.360827,0.53733,-0.277141,0.796536
0.978872,-0.0321946,-0.201923,0.0474434,0.996338,0.0711374,0.198894,-0.0792144,0.976814
0.740382,-0.380121,0.554385,0.190955,0.90971,0.368734,-0.644493,-0.167141,0.746119
0.972219,0.223746,-0.0687632,-0.167366,0.869854,0.46405,0.163643,-0.43965,0.883136
0.823256,0.104515,-0.557966,-0.40641,0.794754,-0.450774,0.396333,0.597865,0.696762
0.800911,-0.596413,0.0532291,0.52014,0.737005,0.431599,-0.296641,-0.317986,0.900494
0.601371,0.500616,-0.622685,-0.480419,0.8493,0.218832,0.638397,0.167551,0.751249
0.945796,-0.286372,-0.153171,0.255814,0.947495,-0.191866,0.200074,0.142283,0.969395
0.699053,-0.311218,0.643793,0.170775,0.946929,0.272325,-0.694379,-0.0804256,0.715101
0.954908,0.292617,0.0502601,-0.208982,0.78268,-0.586293,-0.210897,0.549352,0.808539
0.742287,0.342185,0.576125,-0.121746,0.914343,-0.386207,-0.65893,0.216535,0.720364
0.946064,0.160145,-0.281632,-0.0449802,0.925796,0.375339,0.320842,-0.342427,0.883065
0.678903,-0.523385,-0.514936,0.320654,0.842264,-0.433327,0.660509,0.12907,0.739641
0.771041,-0.379852,0.511085,0.582116,0.745811,-0.323894,-0.258141,0.547246,0.796169
0.643037,-0.292351,-0.707837,0.597495,0.769688,0.224899,0.479065,-0.567548,0.669617
0.923487,0.355273,-0.144752,-0.233502,0.819922,0.52269,0.304383,-0.448898,0.840144
0.937032,0.0588492,-0.344251,-0.26749,0.754687,-0.59908,0.224546,0.653441,0.722907
0.979973,-0.179116,-0.08701,0.120117,0.880213,-0.459127,0.158824,0.43948,0.8841
0.835969,0.429511,0.341578,-0.526521,0.803214,0.278609,-0.154695,-0.412757,0.897609
0.657831,-0.22739,0.718019,0.569016,0.774626,-0.276001,-0.493436,0.590126,0.638961
0.953776,0.235532,-0.186645,-0.299177,0.685547,-0.663716,-0.0283729,0.688876,0.724324
0.954161,0.260951,0.146564,-0.292705,0.915792,0.275044,-0.0624491,-0.305337,0.950195
0.929246,0.251906,-0.270268,-0.0327072,0.784736,0.618966,0.368011,-0.566332,0.737452
0.812638,-0.533731,0.233988,0.348014,0.766508,0.53977,-0.467445,-0.357206,0.80864
0.534871,0.552985,0.638844,-0.567872,0.795129,-0.212816,-0.625648,-0.248952,0.739316
0.980336,0.191673,0.0469461,-0.152282,0.886094,-0.437776,-0.125508,0.422019,0.897857
0.873388,0.231797,0.428326,0.0221213,0.859686,-0.510343,-0.486522,0.455203,0.745712
0.688765,0.503338,0.521779,-0.104622,0.781185,-0.615471,-0.717396,0.369325,0.590713
0.791601,0.303793,0.530167,-0.173948,0.943788,-0.281081,-0.585755,0.130283,0.799948
0.71812,0.643312,0.26543,-0.637206,0.761162,-0.120837,-0.279771,-0.082358,0.956528
0.809148,-0.432158,-0.398144,0.425603,0.898201,-0.109982,0.405143,-0.0804599,0.910706
0.964911,0.157154,0.210354,-0.153737,0.987574,-0.0326061,-0.212864,-0.000877044,0.977081
0.642703,0.706661,0.295911,-0.618325,0.706516,-0.344252,-0.452335,0.0382831,0.891026
0.87861,0.455994,-0.141826,-0.388888,0.855582,0.34168,0.277148,-0.245049,0.929053
0.963761,-0.148635,-0.221521,0.150062,0.988621,-0.0104731,0.220557,-0.0231483,0.975099
0.99651,-0.0436797,0.0711387,0.0639564,0.947153,-0.314341,-0.0536489,0.317793,0.946641
0.83088,-0.350675,0.432048,0.520087,0.765477,-0.378885,-0.197857,0.539511,0.818401
0.838275,0.513117,0.184408,-0.388205,0.799154,-0.458966,-0.382874,0.313151,0.869105
0.924158,0.102971,0.367871,-0.230082,0.918764,0.320835,-0.304949,-0.381143,0.872775
0.968805,0.0715053,0.237283,-0.0215387,0.978141,-0.206822,-0.246885,0.19526,0.949169
0.966495,0.252178,0.0478821,-0.250454,0.885637,0.39105,0.0562083,-0.389941,0.919123
0.966694,-0.0192377,0.255212,0.16429,0.811248,-0.561147,-0.196245,0.584386,0.787389
0.663409,0.403335,-0.630245,-0.298918,0.915011,0.270928,0.685956,0.00865583,0.727591
0.996489,0.0752475,-0.0366989,-0.0617782,0.956754,0.284262,0.0565018,-0.280996,0.958044
0.918781,0.348119,-0.186157,-0.389564,0.72322,-0.570257,-0.0638848,0.596462,0.800095
0.922466,-0.379894,-0.0688245,0.377393,0.92487,-0.0467935,0.0814304,0.0171915,0.996531
0.772105,-0.581104,0.257239,0.3802,0.746745,0.545729,-0.509217,-0.323558,0.797501
0.93813,-0.128139,-0.321703,0.0507183,0.969842,-0.2384,0.342549,0.207334,0.916337
0.80639,0.0398473,-0.59004,-0.303442,0.884255,-0.354989,0.5076,0.465302,0.725146
0.957395,0.140901,0.252074,-0.217508,0.926025,0.308492,-0.18996,-0.350177,0.917219
0.859456,0.0083625,-0.511142,0.17571,0.934116,0.310729,0.480065,-0.356871,0.801362
0.986815,-0.117506,0.111301,0.157468,0.855987,-0.492433,-0.0374084,0.503467,0.863204
0.698919,0.709983,-0.0862339,-0.635214,0.671631,0.381334,0.328658,-0.211744,0.920407
0.839844,-0.269041,-0.471464,0.173638,0.95605,-0.236259,0.514307,0.116557,0.849649
0.847212,0.291295,-0.444274,-0.204536,0.950657,0.233271,0.490303,-0.10676,0.864989
0.948712,-0.290461,0.124815,0.143265,0.746939,0.649275,-0.281818,-0.598093,0.750242
0.839763,0.393167,-0.374457,-0.493503,0.840278,-0.224472,0.226393,0.373299,0.899663
0.722689,0.0294345,-0.690546,-0.345036,0.881063,-0.323541,0.598892,0.472082,0.64689
0.693377,0.422757,-0.583527,-0.673404,0.668352,-0.315962,0.256427,0.61203,0.748107
0.714018,-0.665564,0.217264,0.700057,0.674284,-0.235077,0.00996111,0.319946,0.947384
0.675288,-0.420497,0.605944,0.444288,0.887691,0.120884,-0.588723,0.187583,0.786269
0.66332,-0.360327,0.655875,0.658735,0.697005,-0.283288,-0.355072,0.619958,0.699697
0.681417,0.516095,-0.518957,-0.343821,0.851674,0.395523,0.64611,-0.0910873,0.757789
0.83497,-0.0695651,0.54588,-0.197424,0.888073,0.41515,-0.513662,-0.454408,0.727781
0.739184,-0.417642,-0.528377,0.565713,0.810735,0.150593,0.36548,-0.410226,0.835548
0.73908,-0.0137941,-0.673476,-0.247805,0.924114,-0.290872,0.626381,0.381869,0.679576
0.977605,0.209645,-0.0183526,-0.210442,0.974445,-0.0785507,0.00141583,0.0806537,0.996741
0.855009,0.28499,-0.433291,0.0984936,0.731042,0.675187,0.509175,-0.619967,0.596977
0.731423,0.566037,-0.380292,-0.678338,0.661048,-0.320739,0.0698413,0.492562,0.86747
0.79494,-0.43454,0.423373,0.368955,0.90023,0.231211,-0.481604,-0.0275935,0.875955
0.835945,0.36968,-0.405625,-0.0447212,0.782523,0.621014,0.546988,-0.500994,0.670679
0.839377,-0.264748,0.474716,0.455374,0.81938,-0.34821,-0.296785,0.508453,0.808328
0.872397,-0.318248,0.371,0.473973,0.736284,-0.482944,-0.119466,0.597163,0.793173
0.571775,0.693976,-0.437574,-0.429667,0.707666,0.560888,0.698899,-0.132691,0.702804
0.779935,0.401946,0.47973,-0.144919,0.861665,-0.486346,-0.608851,0.309796,0.730292
0.917216,-0.042391,-0.396129,-0.0160699,0.989577,-0.143107,0.398067,0.137625,0.906974
0.815508,0.464409,0.345355,-0.534766,0.832841,0.14283,-0.221294,-0.301163,0.927539
0.96108,-0.0253449,-0.275105,0.187396,0.791484,0.581753,0.202996,-0.610665,0.765429
0.776242,-0.0708815,0.626438,0.169976,0.980393,-0.0996919,-0.607089,0.183865,0.77307
0.800371,0.597161,0.0529622,-0.521855,0.650497,0.551834,0.295082,-0.469311,0.83227
0.65931,-0.552018,-0.510477,0.48219,0.831372,-0.276249,0.57689,-0.0640132,0.814309
0.88119,0.384299,-0.275353,-0.234059,0.860675,0.452166,0.410757,-0.333995,0.848367
0.653868,0.618664,-0.435559,-0.348619,0.757273,0.552271,0.671506,-0.209268,0.710835
0.945634,-0.154936,0.285956,0.227873,0.942974,-0.242638,-0.232056,0.294609,0.927014
0.91706,0.295013,0.26827,-0.287883,0.955355,-0.066485,-0.275907,-0.0162598,0.961047
0.830698,-0.533348,-0.159626,0.556393,0.785461,0.271068,-0.0191933,-0.31399,0.949232
0.868933,0.30544,0.389438,-0.0900998,0.871329,-0.482357,-0.486659,0.384048,0.784646
0.780135,0.4657,0.417748,-0.477417,0.874697,-0.083534,-0.404305,-0.134272,0.904715
0.60879,-0.645358,0.461398,0.313283,0.729894,0.607544,-0.728855,-0.225318,0.646531
0.772549,0.102664,0.6266,-0.398621,0.846556,0.352767,-0.494235,-0.522306,0.69493
0.720851,-0.500208,-0.479757,0.0807806,0.748117,-0.658632,0.688367,0.43602,0.579688
0.750143,0.17709,0.637122,-0.275523,0.959562,0.0576857,-0.601142,-0.218814,0.768601
0.96481,0.0234171,-0.261901,0.0140479,0.990014,0.14027,0.262571,-0.139013,0.954847
0.963119,0.267518,0.0289176,-0.225734,0.861792,-0.454268,-0.146446,0.430986,0.890396
0.721619,-0.203576,0.661681,0.386624,0.911355,-0.141255,-0.574271,0.357754,0.736359
0.869911,-0.259478,0.419435,0.368862,0.906814,-0.204034,-0.327407,0.332205,0.884559
0.896233,-0.0401822,-0.441761,0.306129,0.776742,0.550415,0.321017,-0.628536,0.708443
0.962603,0.176118,-0.20586,-0.0587649,0.877509,0.475946,0.264467,-0.44605,0.855042
0.922143,-0.159822,-0.352291,-0.125631,0.737587,-0.663463,0.365881,0.656066,0.660082
0.867581,0.429202,0.251174,-0.490444,0.822023,0.289384,-0.0822662,-0.374251,0.923671
0.868256,-0.388268,-0.308835,0.0771884,0.720647,-0.688992,0.490074,0.574383,0.655676
0.914824,-0.308383,0.260762,0.187399,0.896115,0.402318,-0.35774,-0.319184,0.877578
0.793409,0.0648386,0.605226,0.248803,0.872907,-0.419679,-0.555517,0.48356,0.67644
0.894705,0.0245188,-0.445984,0.131256,0.939974,0.314994,0.426936,-0.340365,0.837781
0.778,-0.579776,0.242024,0.62795,0.705421,-0.328726,0.0198584,0.407728,0.912888
0.764952,-0.367367,-0.529047,-0.0869088,0.755006,-0.649933,0.638197,0.543146,0.545615
0.892074,-0.268312,0.363611,0.38562,0.87149,-0.302989,-0.235587,0.410505,0.8809
0.713655,-0.0112878,0.700406,0.367747,0.857041,-0.360891,-0.596203,0.515124,0.615783
0.88956,0.454308,0.0478256,-0.441757,0.882165,-0.163203,-0.116335,0.124052,0.985433
0.952719,0.191702,0.235749,-0.288486,0.814293,0.503689,-0.0954103,-0.547884,0.831095
0.93097,-0.0762107,0.357053,-0.074297,0.91796,0.389653,-0.357456,-0.389283,0.848931
0.78334,0.570815,-0.246067,-0.599179,0.588058,-0.543298,-0.165421,0.573025,0.802669
0.927789,0.169645,-0.332307,-0.176889,0.984194,0.00857051,0.328508,0.0508297,0.943132
0.962409,-0.225949,0.150717,0.0833432,0.773823,0.627895,-0.2585,-0.591731,0.763566
0.918913,-0.0357181,0.39284,0.241231,0.838843,-0.488006,-0.312101,0.5432,0.77944
0.978975,0.178653,-0.0984387,-0.105865,0.857515,0.503449,0.174356,-0.482443,0.858399
0.72205,-0.589969,0.361358,0.689748,0.654458,-0.309728,-0.0537633,0.472885,0.879482
0.859276,0.126852,0.495532,0.0359512,0.951388,-0.305889,-0.510246,0.280658,0.812945
0.79503,0.544799,-0.266686,-0.581785,0.809285,-0.081144,0.171618,0.219666,0.960361
0.788848,-0.482582,0.380571,0.423969,0.875593,0.23149,-0.444938,-0.0212599,0.895309
0.915921,0.0134225,0.401134,-0.0755044,0.987359,0.139363,-0.394193,-0.157933,0.905356
0.790032,0.358354,-0.497426,-0.0889308,0.86978,0.485361,0.606582,-0.339214,0.719022
0.921789,0.0448302,-0.385092,-0.265318,0.797207,-0.542279,0.282688,0.602039,0.746751
0.813751,0.357706,-0.458101,-0.138611,0.884875,0.444728,0.564444,-0.2984,0.76965
0.998892,-0.0131741,0.0451725,-0.013821,0.835517,0.549291,-0.0449788,-0.549307,0.834409
0.921427,-0.169985,0.349395,0.28031,0.913522,-0.294797,-0.269069,0.369572,0.889392
0.832548,-0.276762,-0.47986,0.417801,0.882518,0.215879,0.363738,-0.380216,0.850371
0.823544,-0.287044,0.489266,0.354639,0.933711,-0.0491441,-0.442727,0.213985,0.870749
0.549736,0.611108,0.569507,-0.585917,0.76802,-0.258546,-0.595392,-0.191552,0.780267
0.758686,-0.0441739,0.649957,-0.0978781,0.978644,0.180765,-0.644062,-0.20076,0.73816
0.862144,-0.344177,-0.37182,0.0145584,0.750385,-0.660841,0.506455,0.564327,0.65195
0.937957,-0.214976,0.27207,0.327252,0.808217,-0.489583,-0.114643,0.548243,0.828424
0.908312,-0.258983,-0.328477,0.313124,0.941659,0.123419,0.27735,-0.214957,0.936414
0.991875,-0.115112,0.0541607,0.122757,0.977774,-0.169969,-0.0333914,0.175237,0.98396
0.864653,0.365508,0.344644,-0.103165,0.800603,-0.590247,-0.491663,0.474803,0.729952
0.920452,-0.308962,-0.239397,0.122555,0.809748,-0.573837,0.371145,0.49885,0.783199
0.74896,-0.574248,-0.330603,0.235769,0.697237,-0.676959,0.619251,0.429069,0.657593
0.757299,0.167709,0.631167,-0.454428,0.829439,0.324848,-0.469035,-0.532827,0.704345
0.861999,0.472001,-0.184859,-0.485868,0.665338,-0.566796,-0.144534,0.578394,0.802851
0.857329,-0.486227,0.169026,0.383155,0.82203,0.421258,-0.343772,-0.296393,0.891051
0.946626,0.152004,0.284243,-0.27633,0.836703,0.472832,-0.165954,-0.52614,0.834048
0.923109,0.289723,-0.252845,-0.306691,0.951349,-0.029589,0.231971,0.104859,0.967054
0.950723,-0.205241,-0.232382,0.156682,0.964822,-0.211115,0.267537,0.164302,0.949436
0.852435,0.0386788,0.521401,-0.22618,0.926394,0.301058,-0.471378,-0.374563,0.798439
0.91587,-0.396228,-0.0646979,0.349365,0.865973,-0.357821,0.197805,0.305114,0.931546
0.817049,-0.575544,-0.0343529,0.492764,0.666115,0.559888,-0.299357,-0.474384,0.827856
0.727338,0.275522,-0.628544,0.0543209,0.889885,0.45294,0.684126,-0.363583,0.63228
0.737975,0.15433,0.656944,-0.391933,0.8905,0.231079,-0.549347,-0.428008,0.717654
0.889033,0.453523,-0.0627428,-0.284508,0.65461,0.700386,0.358714,-0.604816,0.711001
0.981823,0.0641662,-0.178623,0.02056,0.899624,0.436181,0.188681,-0.431925,0.881952
0.653674,0.220488,0.723944,-0.46668,0.870514,0.156254,-0.595752,-0.43999,0.671929
0.68086,-0.62898,0.375252,0.471688,0.768515,0.432314,-0.560304,-0.117344,0.819933
0.871332,-0.167357,0.461273,0.253303,0.958515,-0.130717,-0.420261,0.23074,0.877576
0.953885,0.189354,-0.232915,-0.0755936,0.902459,0.424091,0.290499,-0.386927,0.875156
0.957569,-0.272394,-0.0941392,0.275782,0.771185,0.573775,-0.0836942,-0.575391,0.813585
0.741149,0.15293,0.65369,0.307242,0.788487,-0.532814,-0.596909,0.595736,0.5374
0.834196,0.0156961,0.551244,0.142622,0.959447,-0.243148,-0.532706,0.281453,0.798128
0.800727,-0.286968,0.525818,0.317733,0.947595,0.0333047,-0.50782,0.140402,0.849945
0.86636,0.46499,0.182223,-0.498523,0.827044,0.259755,-0.0299232,-0.315883,0.948326
0.823264,-0.435054,0.364642,0.224448,0.83949,0.494853,-0.521401,-0.325552,0.788769
0.751655,-0.0757901,-0.655187,-0.390658,0.749218,-0.534845,0.531414,0.657973,0.533545
0.776774,-0.0599205,0.626922,0.347924,0.870592,-0.347878,-0.524948,0.488344,0.697101
0.779602,0.588583,0.213988,-0.376403,0.71344,-0.591036,-0.500542,0.380227,0.777744
0.765493,-0.641282,-0.0527106,0.63834,0.746571,0.18749,-0.0808815,-0.177169,0.980851
0.990778,0.127404,-0.0461251,-0.113611,0.966632,0.229597,0.0738376,-0.222239,0.972192
0.738321,-0.543831,0.398911,0.61942,0.780761,-0.0820429,-0.266837,0.307667,0.913312
0.762264,-0.645969,-0.0409505,0.637442,0.760172,-0.125724,0.112344,0.0697317,0.99122
0.727744,-0.193986,0.657844,0.11373,0.98002,0.163174,-0.676354,-0.0439323,0.735266
0.944064,-0.32954,-0.0121354,0.328434,0.942923,-0.0550168,0.029573,0.0479536,0.998412
0.853175,0.51995,-0.0417621,-0.47206,0.803691,0.36227,0.221926,-0.289366,0.931137
0.961337,-0.26628,0.0701834,0.184007,0.810774,0.555686,-0.204871,-0.521287,0.828425
0.880522,-0.29949,-0.367406,0.0205647,0.798516,-0.601622,0.47356,0.522185,0.70927
0.748941,-0.318313,-0.581175,0.530573,0.813488,0.238179,0.396964,-0.486738,0.778143
0.735684,-0.245857,0.631129,0.111691,0.963075,0.244973,-0.668052,-0.109731,0.735979
0.860818,0.31461,-0.400016,-0.249545,0.945981,0.206997,0.443531,-0.0783651,0.892827
0.964557,-0.202302,-0.169421,0.258504,0.853304,0.452822,0.0529609,-0.480569,0.875356
0.791546,-0.0111127,-0.611009,0.194741,0.952297,0.234962,0.579251,-0.304972,0.75595
0.887909,0.266796,0.374749,-0.0418631,0.858121,-0.511737,-0.45811,0.438688,0.773103
0.814178,-0.535823,0.223625,0.577381,0.787778,-0.214562,-0.0611994,0.303809,0.950765
0.761002,-0.159021,0.628958,0.36915,0.903381,-0.218247,-0.533482,0.398266,0.746177
0.836091,-0.387827,-0.387997,0.407586,0.91254,-0.0338362,0.367186,-0.129852,0.921039
0.842358,-0.0239698,-0.538385,-0.0578911,0.989205,-0.134618,0.5358,0.144564,0.831877
0.792594,0.597453,0.121839,-0.583755,0.801223,-0.131422,-0.176139,0.0330402,0.983811
0.64282,-0.526681,0.556228,0.319872,0.84435,0.42983,-0.696035,-0.0983818,0.711236
0.941121,-0.150959,-0.302494,0.213906,0.958784,0.187025,0.261793,-0.240718,0.934622
0.990791,-0.0352338,-0.130732,0.00315881,0.9713,-0.237836,0.13536,0.235233,0.962467
0.791353,-0.567701,0.226885,0.596534,0.798253,-0.0833048,-0.133819,0.201268,0.970352
0.771223,-0.52887,0.354275,0.626073,0.529559,-0.572363,0.115096,0.663222,0.73952
0.770146,-0.49157,0.40649,0.400799,0.868678,0.291132,-0.496221,-0.0612927,0.86603
0.993162,-0.0912639,-0.072808,0.0220511,0.759048,-0.650661,0.114647,0.644606,0.75587
0.898098,-0.202037,-0.390641,0.0372302,0.919972,-0.390211,0.438216,0.335904,0.833748
0.936026,-0.304248,0.176885,0.138933,0.781243,0.608569,-0.323347,-0.545061,0.773534
0.912401,-0.392668,-0.11548,0.2845,0.811278,-0.510772,0.29425,0.433175,0.851925
0.862326,-0.370909,-0.344704,0.485109,0.800281,0.352449,0.145133,-0.471145,0.870034
0.703829,-0.525365,-0.478139,0.530403,0.836397,-0.138246,0.472544,-0.156305,0.867336
0.870981,-0.298671,-0.390111,0.363602,0.925847,0.102961,0.330432,-0.231523,0.914993
0.944342,0.221648,-0.243086,-0.24417,0.967455,-0.0664174,0.220454,0.122075,0.967728
0.769342,0.313923,0.556386,-0.56844,0.733838,0.371964,-0.291529,-0.60244,0.743019
0.778613,-0.529485,-0.33676,0.625455,0.698179,0.348356,0.0506699,-0.481863,0.87478
0.945436,-0.297468,-0.132902,0.212951,0.872921,-0.438931,0.246581,0.38668,0.888638
0.826293,-0.388351,-0.407951,0.0725269,0.791624,-0.606689,0.558551,0.471715,0.682279
0.871312,-0.355435,0.33835,0.490724,0.634014,-0.597676,-0.00208367,0.686799,0.726845
0.869378,0.115028,-0.480574,0.103004,0.908982,0.403908,0.483294,-0.40065,0.7784
0.908602,-0.374187,0.185544,0.417384,0.829719,-0.370618,-0.0152686,0.414187,0.910064
0.960536,0.117146,-0.252286,-0.217871,0.880719,-0.420555,0.172926,0.458924,0.871485
0.59678,0.667336,-0.445551,-0.632568,0.732896,0.250441,0.493671,0.132383,0.859514
0.800279,-0.219746,0.557912,-0.116319,0.855864,0.503951,-0.588238,-0.468197,0.659369
0.70489,0.266134,-0.657497,-0.168683,0.963247,0.20905,0.688967,-0.0364486,0.723875
0.884399,0.400977,-0.238864,-0.212434,0.801521,0.558959,0.415584,-0.443601,0.794046
0.905985,0.299676,-0.298974,-0.0665278,0.798299,0.598575,0.418049,-0.52241,0.743184
0.802458,0.568245,-0.182097,-0.595623,0.781195,-0.186999,0.0359924,0.25852,0.965335
0.790045,0.171621,0.588536,0.118428,0.899207,-0.421191,-0.601501,0.402459,0.690089
0.958813,-0.196221,0.205364,0.0386932,0.80651,0.589953,-0.281389,-0.557708,0.780885
0.982433,-0.147148,0.114772,0.167031,0.967635,-0.189165,-0.0832224,0.205012,0.975215
0.980934,-0.142132,0.132541,0.181331,0.914724,-0.361107,-0.0699136,0.378256,0.923057
0.775024,0.471994,-0.42019,-0.63193,0.580576,-0.513416,0.00162235,0.66344,0.748227
0.916406,0.395082,0.0641049,-0.324795,0.827643,-0.457729,-0.233897,0.398645,0.886778
0.988916,-0.134617,-0.0626303,0.0971326,0.905616,-0.412825,0.112292,0.402166,0.908655
0.842107,-0.171665,-0.51126,0.212234,0.976982,0.0215354,0.495794,-0.126642,0.859156
0.75994,0.191358,0.621187,0.0483461,0.936395,-0.347603,-0.648192,0.294189,0.702353
0.917801,-0.144712,-0.36973,0.00672236,0.936743,-0.349954,0.396984,0.318703,0.860716
0.72257,-0.320693,0.612412,0.00607259,0.888798,0.458259,-0.691271,-0.327405,0.644166
0.958507,-0.153356,-0.240304,0.277511,0.694783,0.663524,0.0652033,-0.70268,0.708512
0.755287,-0.127059,0.64296,0.0640549,0.990642,0.120521,-0.652257,-0.0498431,0.756358
0.613413,-0.345659,-0.710102,0.616722,0.771305,0.157297,0.493334,-0.534423,0.686304
0.912056,0.178078,0.369381,-0.155141,0.983677,-0.0911652,-0.379586,0.0258418,0.924796
0.754799,-0.46221,0.465446,0.526396,0.850188,-0.00936295,-0.391389,0.252076,0.885027
0.744748,0.490463,-0.452545,-0.57874,0.812324,-0.0720391,0.33228,0.315557,0.888827
0.969985,0.192339,0.148778,-0.227289,0.934601,0.273605,-0.0864232,-0.299209,0.950266
0.944254,-0.0114746,0.329019,0.194179,0.826458,-0.528452,-0.265856,0.562881,0.782614
0.941283,-0.333942,-0.0496985,0.218373,0.714455,-0.664731,0.257489,0.614847,0.745428
0.985655,-0.0375044,0.164552,0.131673,0.780798,-0.610752,-0.105576,0.623657,0.774535
0.754845,-0.340046,0.560872,0.610411,0.677113,-0.410995,-0.240017,0.6526,0.718683
0.880903,-0.376548,0.286742,0.151863,0.798679,0.582279,-0.448271,-0.469386,0.760743
0.776902,0.185931,0.601542,-0.244905,0.969404,0.0166656,-0.580039,-0.160268,0.798667
0.946754,0.287081,-0.145744,-0.142617,0.779798,0.60957,0.288647,-0.556328,0.779219
0.980016,0.186384,0.0695028,-0.198639,0.898355,0.391792,0.0105856,-0.397769,0.917425
0.827182,0.518924,0.215612,-0.561322,0.780948,0.273929,-0.026233,-0.347617,0.93727
0.841374,-0.53937,-0.0342033,0.439839,0.720141,-0.536599,0.314057,0.436437,0.843144
0.810992,0.291323,0.507369,-0.528195,0.737513,0.420814,-0.251599,-0.609266,0.751993
0.654494,0.673624,0.343318,-0.694101,0.715373,-0.080413,-0.299769,-0.185668,0.93577
0.673221,-0.585194,-0.452018,0.616467,0.781757,-0.0939373,0.40834,-0.215414,0.887049
0.756533,0.612921,-0.228004,-0.618891,0.783676,0.0531571,0.211262,0.100895,0.972208
0.947532,0.244914,-0.205427,-0.0737513,0.792797,0.605007,0.311037,-0.558113,0.769263
0.735885,0.654257,0.174416,-0.670271,0.740383,0.0506885,-0.0959714,-0.154207,0.983366
0.856575,-0.0370017,-0.514695,-0.325235,0.735664,-0.594155,0.400627,0.676335,0.618117
0.974976,0.220859,0.0253608,-0.222222,0.965009,0.139193,0.00626872,-0.141346,0.98994
0.830236,-0.159488,-0.534108,0.338452,0.905579,0.25569,0.442897,-0.393053,0.805824
0.955419,-0.0520567,-0.29063,-0.070423,0.915747,-0.395535,0.286733,0.398369,0.871256
0.742507,-0.481419,0.465745,0.408626,0.87649,0.254539,-0.530761,0.00131884,0.847521
0.733333,0.516121,0.442539,-0.602963,0.794457,0.0726194,-0.314098,-0.320089,0.893804
0.969344,-0.107741,0.220825,-0.00870941,0.883102,0.4691,-0.245552,-0.456642,0.855092
0.853017,-0.441358,0.278504,0.183897,0.753625,0.631056,-0.48841,-0.487085,0.724019
0.922912,-0.347987,0.164735,0.363925,0.928134,-0.0782626,-0.125662,0.132181,0.983228
0.701911,0.473498,-0.532091,-0.360998,0.880478,0.307309,0.614005,-0.0236195,0.788949
0.866805,-0.284587,0.409461,0.286303,0.956345,0.0586002,-0.408263,0.066435,0.910444
0.601702,0.609063,-0.516717,-0.316269,0.775735,0.546086,0.733436,-0.165159,0.659389
0.951471,-0.211686,-0.223364,0.241817,0.963215,0.11722,0.190334,-0.165545,0.967661
0.719934,0.269667,0.639512,-0.557713,0.773222,0.301799,-0.4131,-0.57394,0.707065
0.836231,-0.236287,-0.49486,-0.00950318,0.896027,-0.443897,0.548296,0.375903,0.74704
0.996988,-0.015253,0.0760386,-0.00803798,0.954865,0.296933,-0.0771357,-0.29665,0.951866
0.961014,0.227643,0.156942,-0.273532,0.699783,0.659912,0.0403987,-0.677113,0.734769
0.826414,-0.314323,0.467162,0.427456,0.890269,-0.157168,-0.366498,0.329577,0.870091
0.809978,0.0164548,0.58623,-0.0993371,0.989012,0.109491,-0.577986,-0.14692,0.802712
0.777029,-0.0149291,-0.629288,-0.402609,0.756699,-0.515084,0.483871,0.653592,0.581967
0.896874,-0.421661,0.13349,0.218501,0.684832,0.69517,-0.384545,-0.594312,0.706342
0.853496,0.453727,-0.256273,-0.515318,0.661858,-0.544418,-0.0774006,0.596721,0.798707
0.892096,0.192056,0.408997,0.08119,0.822304,-0.563227,-0.444491,0.535659,0.717981
0.876606,0.0305609,0.480238,0.187185,0.897727,-0.398808,-0.44331,0.43949,0.781232
0.719841,-0.582943,-0.376838,0.691815,0.558124,0.458136,-0.0567448,-0.590487,0.80505
0.977949,0.192163,0.0817915,-0.181679,0.975933,-0.120612,-0.103,0.103093,0.989324
0.865672,0.439143,0.240346,-0.344031,0.870631,-0.351632,-0.36367,0.221711,0.904759
0.808909,-0.473025,0.349162,0.559913,0.80095,-0.212077,-0.179344,0.367051,0.912748
0.674941,0.700285,-0.232498,-0.542568,0.68456,0.486824,0.500074,-0.202432,0.84199
0.839534,-0.121507,0.529545,0.277074,0.934152,-0.224923,-0.467346,0.335554,0.817919
0.686017,0.281904,0.670754,-0.559431,0.793812,0.238537,-0.465208,-0.538881,0.702274
0.775375,-0.36581,0.514758,0.524207,0.827375,-0.201638,-0.352137,0.426184,0.833286
0.817126,-0.263527,-0.512698,0.362254,0.926581,0.101088,0.448417,-0.268329,0.852597
0.914566,-0.347574,0.206789,0.170684,0.795242,0.581771,-0.366656,-0.496772,0.786626
0.656927,0.299786,-0.691791,-0.645755,0.697325,-0.311027,0.389162,0.65105,0.65168
0.930031,-0.159596,0.331016,0.00856529,0.909939,0.414654,-0.367382,-0.382805,0.847638
0.752199,0.519333,0.405572,-0.175668,0.751268,-0.63619,-0.635088,0.407295,0.656334
0.857208,-0.510441,-0.0681528,0.504926,0.807083,0.306049,-0.101215,-0.29676,0.949573
0.918741,0.369417,-0.139445,-0.373809,0.699954,-0.608548,-0.127204,0.611224,0.781168
0.889187,0.16144,0.428115,0.1855,0.728135,-0.659856,-0.418253,0.666151,0.617501
0.850028,0.430559,0.303434,-0.503637,0.833074,0.228775,-0.154282,-0.347286,0.924981
0.988194,-0.107914,-0.108753,0.125336,0.977655,0.168763,0.0881111,-0.180401,0.979639
0.991622,-0.127613,-0.0200213,0.0971653,0.839018,-0.535357,0.0851168,0.528926,0.844389
0.693573,-0.287678,-0.660453,0.441869,0.89397,0.0746347,0.568954,-0.343598,0.747149
0.897133,0.405085,0.176233,-0.440234,0.852946,0.280495,-0.0366928,-0.329225,0.943538
0.747504,-0.587473,-0.310021,0.609538,0.792136,-0.0313734,0.26401,-0.165518,0.950212
0.846593,0.511116,-0.148461,-0.515338,0.85691,0.0114419,0.133066,0.0668208,0.988852
0.902376,0.373926,-0.214234,-0.428155,0.834416,-0.347035,0.0489952,0.404882,0.913055
0.988809,0.139665,-0.0524399,-0.114716,0.936546,0.331243,0.0953754,-0.32152,0.942087
0.979044,-0.0306179,0.201335,0.120638,0.883698,-0.452245,-0.164073,0.467056,0.868872
0.858615,0.430119,0.278889,-0.19582,0.777986,-0.596986,-0.473746,0.457969,0.752216
0.720456,0.246132,0.648353,0.0501983,0.913939,-0.402736,-0.691681,0.3227,0.646097
0.83362,-0.266478,0.483804,0.237902,0.963735,0.120906,-0.498477,0.0143079,0.866785
0.747455,-0.585777,-0.31333,0.361739,0.754497,-0.547612,0.557186,0.295972,0.775851
0.76047,-0.597775,0.253675,0.360423,0.713497,0.600847,-0.540167,-0.365495,0.758045
0.826957,0.053411,0.559723,0.258427,0.847997,-0.462728,-0.499358,0.527304,0.687454
0.87666,0.481061,-0.00689659,-0.413144,0.760081,0.501586,0.246536,-0.436871,0.86508
0.929987,0.239729,0.278665,-0.0370365,0.815331,-0.577809,-0.365722,0.527034,0.767126
0.929984,-0.236339,0.281556,0.22637,0.97167,0.067922,-0.289633,0.000569478,0.957138
0.943169,0.258377,0.208982,-0.172227,0.917879,-0.357541,-0.284201,0.301229,0.910215
0.801384,0.0295528,0.59742,0.233178,0.904327,-0.357521,-0.550829,0.425816,0.717822
0.769683,-0.58083,0.264999,0.295802,0.692285,0.658212,-0.565764,-0.428227,0.704651
0.704139,-0.187983,0.684727,0.069212,0.977898,0.197295,-0.706681,-0.0915317,0.701587
0.833879,0.547644,-0.0687888,-0.473925,0.774303,0.419345,0.282915,-0.317082,0.905217
0.82927,-0.158686,0.535845,0.410724,0.823272,-0.391829,-0.378968,0.545016,0.747891
0.810748,-0.389394,-0.437103,0.557685,0.740776,0.374484,0.177973,-0.547378,0.817742
0.614139,0.645544,0.453989,-0.348602,0.737988,-0.577798,-0.708032,0.196587,0.678265
0.877224,0.455696,-0.151061,-0.473158,0.873903,-0.111423,0.0812379,0.169218,0.982225
0.961353,0.124198,-0.245714,0.0846093,0.716009,0.692945,0.261995,-0.686954,0.677829
0.923971,-0.149333,0.352105,-0.140089,0.724504,0.674884,-0.355884,-0.672899,0.648501
0.693644,-0.687111,-0.216187,0.640883,0.725708,-0.250232,0.328825,0.0350213,0.943741
0.976576,-0.213035,0.0302505,0.162076,0.820759,0.547802,-0.141529,-0.530067,0.836061
0.796337,0.604174,-0.0286572,-0.52294,0.66391,-0.534563,-0.303943,0.440678,0.844643
0.971486,-0.0956428,0.216952,-0.0535525,0.80287,0.593744,-0.230972,-0.588432,0.774855
0.576962,-0.626624,0.523886,0.466934,0.779314,0.417903,-0.67014,0.00350674,0.742227
0.783534,-0.0168803,0.62112,0.0792746,0.994177,-0.0729848,-0.616271,0.106425,0.78031
0.719239,-0.636667,-0.27812,0.653926,0.755576,-0.0385498,0.234684,-0.154143,0.959772
0.898318,-0.439294,0.00671622,0.439248,0.897696,-0.034682,0.00920647,0.0341056,0.999376
0.756104,-0.645859,-0.105697,0.389062,0.573459,-0.720955,0.526248,0.503994,0.684874
0.971505,0.107191,-0.211398,-0.221308,0.729561,-0.647119,0.0848624,0.675463,0.732494
0.732931,-0.580041,-0.355479,0.667766,0.713249,0.212989,0.130003,-0.393483,0.910094
0.806571,-0.560988,-0.186374,0.302226,0.662297,-0.685582,0.508038,0.496643,0.703735
0.867974,-0.115746,-0.482932,-0.209537,0.796298,-0.567454,0.450238,0.593728,0.666913
0.816525,0.07318,-0.572653,-0.450252,0.701562,-0.552345,0.361331,0.708841,0.605792
0.783239,-0.342403,0.518939,0.457566,0.882557,-0.108285,-0.420916,0.322262,0.847925
0.936109,-0.109102,-0.334361,0.197942,0.949247,0.244438,0.290723,-0.295005,0.910194
0.742133,-0.538435,0.399157,0.670046,0.581183,-0.461806,0.0166691,0.610175,0.792091
0.795864,-0.0659542,-0.601873,0.402756,0.7999,0.444914,0.452094,-0.596499,0.663174
0.849556,0.515298,0.112792,-0.514676,0.762879,0.39131,0.115594,-0.390492,0.91332
0.865819,0.145346,0.478782,-0.309,0.90793,0.283164,-0.393544,-0.393112,0.831015
0.813075,-0.558437,-0.16449,0.57947,0.803467,0.136586,0.0558879,-0.206371,0.976876
0.920595,0.149533,-0.360757,-0.133552,0.988638,0.0689852,0.366973,-0.0153276,0.930105
0.741593,-0.552595,-0.380366,0.233138,0.743943,-0.626255,0.629036,0.375749,0.680534
0.795711,0.539214,0.275849,-0.599625,0.765539,0.233239,-0.0854072,-0.350996,0.932474
0.920117,0.0926297,-0.380531,-0.284459,0.825916,-0.486771,0.269197,0.556132,0.786289
0.67082,0.583293,-0.458007,-0.676374,0.734483,-0.0552528,0.304169,0.346848,0.88723
0.989486,0.1044,-0.10009,-0.0732632,0.958504,0.275503,0.124699,-0.265273,0.956075
0.871508,-0.489125,-0.0350784,0.452694,0.774968,0.441013,-0.188526,-0.400226,0.896815
0.729254,-0.267131,0.629944,0.344928,0.938628,-0.00127553,-0.590943,0.218216,0.776639
0.916359,0.38753,0.100534,-0.319616,0.859338,-0.399228,-0.241106,0.333704,0.911323
0.874924,0.309531,-0.372423,-0.455429,0.787341,-0.415546,0.1646,0.533183,0.829833
0.754437,0.645929,-0.116621,-0.630171,0.762496,0.146573,0.183599,-0.037089,0.982301
0.822611,0.562574,0.0825904,-0.532643,0.813249,-0.234345,-0.199003,0.148784,0.968639
0.644211,-0.609982,0.461426,0.334704,0.76729,0.547028,-0.687725,-0.197961,0.69846
0.961466,0.0315473,-0.273109,0.0482231,0.958642,0.280501,0.270663,-0.282862,0.92018
0.989157,0.121995,0.0817663,-0.102145,0.971519,-0.213815,-0.105522,0.203145,0.973446
0.851601,0.410447,0.326049,-0.241713,0.85941,-0.450544,-0.465134,0.304873,0.831085
0.765234,-0.625381,0.152694,0.599618,0.778743,0.184442,-0.234256,-0.0495829,0.97091
0.748415,-0.09789,-0.655967,0.145924,0.989116,0.0188833,0.646979,-0.109854,0.754553
0.887734,-0.246468,-0.388821,-0.00214049,0.84239,-0.538864,0.460352,0.4792,0.747291
0.649793,-0.452496,0.610751,0.640034,0.759153,-0.118503,-0.410031,0.467904,0.782905
0.786666,0.433044,-0.440034,-0.476247,0.879203,0.0138291,0.392867,0.198686,0.897875
0.919081,0.0667762,-0.388369,0.162992,0.832869,0.528926,0.358781,-0.549427,0.75459
0.629104,0.65216,-0.422983,-0.415578,0.74204,0.525996,0.656904,-0.155124,0.737844
0.972754,-0.0799681,0.217611,0.142466,0.946682,-0.288958,-0.182901,0.312087,0.932282
0.83776,-0.417641,-0.351758,0.0520364,0.702332,-0.709945,0.543553,0.57646,0.610119
0.755014,0.0318254,0.654936,0.0189831,0.997342,-0.0703477,-0.655434,0.0655462,0.752403
0.641495,0.532571,-0.552134,-0.677633,0.730765,-0.0824323,0.359579,0.427024,0.82967
0.987533,0.153036,-0.0368478,-0.108518,0.831459,0.544885,0.114024,-0.534093,0.837701
0.6947,-0.268154,0.667446,0.0958435,0.954146,0.283582,-0.712885,-0.133034,0.688547
0.794928,0.596267,0.112049,-0.51331,0.562538,0.648123,0.323423,-0.572727,0.753247
0.814454,-0.502318,0.290417,0.570001,0.786224,-0.238642,-0.108459,0.3599,0.926665
0.722129,-0.525063,0.450376,0.641281,0.752257,-0.15122,-0.259399,0.398018,0.87994
0.831426,0.451042,0.324488,-0.501913,0.860184,0.0903724,-0.238358,-0.238003,0.941563
0.71534,0.689665,-0.112481,-0.693544,0.720387,0.00627173,0.0853555,0.0735245,0.993634
0.912705,0.0182446,0.408212,0.274088,0.713595,-0.644715,-0.303061,0.700321,0.646301
0.755713,0.357518,-0.548707,-0.195833,0.922872,0.331597,0.624938,-0.143137,0.76744
0.870912,-0.357252,0.337465,0.481083,0.759995,-0.436997,-0.100354,0.542935,0.833757
0.977693,0.188021,0.0936168,-0.13985,0.915287,-0.377745,-0.15671,0.356227,0.921165
0.905293,0.418605,0.0722148,-0.37231,0.863755,-0.339578,-0.204525,0.280532,0.937801
0.662652,-0.362894,0.655134,0.277037,0.931488,0.235757,-0.695804,0.0252715,0.717787
0.793417,-0.255885,-0.55228,0.471032,0.83279,0.290843,0.385511,-0.490901,0.78128
0.911176,-0.362825,-0.195232,0.388653,0.914186,0.114948,0.136772,-0.180615,0.973998
0.60518,-0.691185,0.394994,0.564827,0.722447,0.398799,-0.561007,-0.0182417,0.82761
0.808895,-0.587002,0.0334239,0.521892,0.690668,-0.500605,0.270772,0.422381,0.86503
0.75697,-0.145129,-0.63713,-0.0356736,0.964392,-0.262058,0.652475,0.221099,0.724839
0.886896,-0.237538,-0.396222,0.425387,0.754419,0.499898,0.180172,-0.611905,0.770137
0.952628,0.1892,0.238123,-0.280115,0.850786,0.444632,-0.118467,-0.490271,0.863481
0.783832,0.532908,0.318772,-0.608824,0.558463,0.563429,0.122234,-0.63571,0.762189
0.808378,0.428478,-0.403648,-0.582102,0.683945,-0.439747,0.0876507,0.590446,0.802304
0.982512,-0.0127411,-0.185763,0.138155,0.718737,0.681418,0.124832,-0.695165,0.707928
0.718155,-0.272439,0.640336,-0.0712255,0.886568,0.457083,-0.692228,-0.373865,0.617289
0.999321,0.0345458,0.0128206,-0.036593,0.971266,0.235165,-0.00432821,-0.235475,0.971871
0.705647,-0.191902,-0.682082,0.552768,0.751334,0.360479,0.443295,-0.631404,0.636254
0.78771,-0.473687,0.393869,0.520515,0.853733,-0.0142507,-0.329509,0.21624,0.919056
0.724135,-0.610376,0.321045,0.231421,0.653578,0.720611,-0.649671,-0.447523,0.614532
0.741833,-0.342388,0.576588,0.236224,0.938141,0.25316,-0.6276,-0.0515985,0.776824
0.719629,-0.660887,-0.212985,0.590223,0.743786,-0.313717,0.365747,0.100051,0.925321
0.944624,-0.327901,-0.0128583,0.28749,0.845827,-0.449362,0.158222,0.420782,0.893257
0.887229,0.339153,-0.31273,-0.336201,0.939537,0.0651019,0.315901,0.04738,0.947608
0.668894,0.554548,0.495033,-0.529536,0.822834,-0.206245,-0.521703,-0.124182,0.844041
0.730856,0.603533,0.318744,-0.679662,0.600763,0.420884,0.0625277,-0.524244,0.849269
0.836893,-0.499486,-0.223884,0.482756,0.866321,-0.128195,0.257987,-0.000795702,0.966148
0.721332,-0.692091,0.0262757,0.692309,0.719441,-0.0558005,0.0197152,0.0584416,0.998096
0.666944,0.464334,0.582734,-0.243572,0.874979,-0.418431,-0.704172,0.137132,0.696661
0.768841,-0.0703755,-0.635555,-0.195448,0.920495,-0.338363,0.608838,0.384365,0.69396
0.595254,0.546019,-0.589522,-0.57744,0.800859,0.158706,0.55878,0.245943,0.792008
0.995225,0.0593483,-0.077498,-0.0490828,0.990529,0.128233,0.0843744,-0.123816,0.988712
0.860468,-0.508657,0.0293747,0.408888,0.654997,-0.635444,0.303983,0.55879,0.771588
0.607065,-0.569064,-0.554652,0.714487,0.696382,0.0675265,0.347823,-0.437285,0.829338
0.651734,-0.34512,-0.675378,0.466771,0.884377,-0.00148845,0.597802,-0.314277,0.73747
0.737375,0.268361,0.619887,-0.438207,0.888427,0.136644,-0.514054,-0.372397,0.772702
0.972182,0.0196287,-0.233401,0.0780929,0.912302,0.402002,0.220823,-0.409047,0.885391
0.827051,0.127598,-0.547453,0.0768205,0.939104,0.334937,0.556852,-0.319066,0.766885
0.980249,0.0296502,-0.195532,-0.0207367,0.998657,0.0474765,0.196678,-0.0424841,0.979547
0.960362,0.129228,0.246992,-0.159927,0.981149,0.108488,-0.228316,-0.143689,0.962925
0.847089,-0.512234,0.141621,0.501825,0.858674,0.104165,-0.174963,-0.0171681,0.984425
0.935227,0.291719,0.200624,-0.325372,0.931573,0.162188,-0.139583,-0.21696,0.96615
0.848795,-0.15632,0.505086,0.274147,0.946966,-0.167625,-0.452096,0.280747,0.846635
0.978877,-0.185092,0.0868356,0.0761503,0.724245,0.685325,-0.189739,-0.664236,0.723042
0.963106,-0.257188,-0.0792587,0.137574,0.723616,-0.676353,0.231303,0.640495,0.732301
0.687069,0.67238,-0.275393,-0.450188,0.691441,0.565013,0.570321,-0.264225,0.777765
0.679902,-0.360329,0.638667,0.591991,0.783696,-0.188061,-0.432757,0.505949,0.746148
0.7041,-0.645561,0.295795,0.635799,0.758633,0.142252,-0.316232,0.0879063,0.9446
0.865629,0.351549,0.356511,-0.00356046,0.716349,-0.697734,-0.500673,0.602709,0.621344
0.738479,-0.221551,-0.636839,0.518619,0.790218,0.326481,0.430909,-0.571376,0.69846
0.971135,0.0956118,0.218531,-0.134292,0.976316,0.169627,-0.197137,-0.194077,0.960974
0.943825,0.0146175,0.330123,0.0015103,0.99882,-0.0485445,-0.330443,0.0463161,0.942689
0.880584,0.0916309,-0.464946,-0.380638,0.721204,-0.578774,0.282287,0.686636,0.669959
0.818621,0.36945,-0.439734,-0.417064,0.908786,-0.0128848,0.394864,0.193945,0.898036
0.886742,-0.0228657,0.461699,0.333095,0.724137,-0.603882,-0.320525,0.689277,0.649739
0.76844,-0.549915,-0.327252,0.512831,0.835089,-0.199076,0.382759,-0.0148468,0.923729
0.842755,-0.307004,-0.442167,0.0401712,0.854998,-0.517074,0.536796,0.418004,0.732887
0.896983,-0.337604,-0.285386,0.185159,0.87314,-0.450936,0.401419,0.35164,0.845702
0.959883,-0.274714,0.0561911,0.233519,0.89411,0.382147,-0.155222,-0.353694,0.922392
0.930828,-0.0763806,-0.357386,-0.0568474,0.93575,-0.348051,0.361008,0.344292,0.866681
0.720791,-0.530625,-0.445979,0.503535,0.843006,-0.189193,0.476354,-0.0881973,0.874819
0.772809,-0.370157,-0.515509,0.499678,0.85568,0.134661,0.391265,-0.361656,0.846237
0.674767,-0.607007,-0.419801,0.651796,0.756947,-0.0468349,0.346196,-0.242022,0.906407
0.683322,-0.709054,-0.174108,0.630413,0.693281,-0.349201,0.368308,0.128856,0.920731
0.850255,0.0175522,-0.526077,-0.117165,0.980681,-0.156644,0.513165,0.194825,0.835886
0.639521,-0.30268,0.706681,0.474509,0.878649,-0.0530776,-0.604859,0.369271,0.705539
0.681139,-0.225274,0.696636,0.442098,0.884992,-0.146079,-0.583609,0.407482,0.702395
0.703605,-0.32442,0.632212,0.225511,0.945651,0.234284,-0.673858,-0.0222732,0.738525
0.725612,0.0824239,-0.68315,-0.409804,0.849295,-0.332806,0.552764,0.521445,0.650036
0.997442,0.0610203,0.0372278,-0.0590573,0.996914,-0.0517265,-0.0402692,0.0493956,0.997967
0.94024,-0.0851034,0.329706,0.250908,0.827751,-0.50187,-0.230204,0.554604,0.799638
0.767229,0.435439,-0.470906,-0.225355,0.870421,0.437701,0.600479,-0.229696,0.76594
0.744298,-0.180299,-0.64305,0.383126,0.903944,0.189999,0.547024,-0.387785,0.741881
0.915201,0.400813,-0.0419084,-0.356761,0.854168,0.37831,0.187429,-0.331279,0.92473
0.738311,0.634873,-0.227669,-0.640395,0.55395,-0.53201,-0.211641,0.538587,0.815556
0.810761,0.538225,-0.230176,-0.504265,0.841858,0.192335,0.297295,-0.0398679,0.953953
0.805132,0.210212,-0.554593,-0.296618,0.952457,-0.0695972,0.513596,0.220537,0.829206
0.962321,0.214523,0.167089,-0.140438,0.918294,-0.370152,-0.232842,0.33274,0.913821
0.875423,0.341641,-0.341929,-0.115087,0.834386,0.539031,0.469456,-0.432529,0.76976
0.846555,-0.299807,-0.439841,0.358467,0.931939,0.054701,0.393505,-0.203976,0.896408
0.959982,-0.279872,-0.0103084,0.203798,0.723342,-0.659729,0.192096,0.631227,0.751433
0.924188,-0.262053,-0.277857,0.0536205,0.809311,-0.584928,0.378155,0.525685,0.762007
0.874762,0.47672,0.0867706,-0.311033,0.689742,-0.653846,-0.371551,0.544971,0.751636
0.873806,-0.478512,0.0865446,0.324886,0.706903,0.628281,-0.361818,-0.520878,0.773158
0.784413,0.374024,0.494774,-0.438418,0.898633,0.0157457,-0.438731,-0.229269,0.868879
0.675755,0.395894,0.621791,-0.681089,0.657947,0.321284,-0.281911,-0.640604,0.71425
0.735597,-0.257684,0.626495,0.253711,0.962312,0.0979136,-0.628114,0.086924,0.773251
0.807112,0.272868,-0.523558,-0.521635,0.744928,-0.415906,0.276526,0.60879,0.743578
0.770197,0.134712,-0.623417,-0.16244,0.986639,0.0125136,0.616773,0.09163,0.781789
0.901475,-0.344798,0.261642,0.429897,0.642995,-0.633834,0.0503101,0.683865,0.727872
0.982349,-0.0796827,-0.169238,0.171609,0.743932,0.645845,0.074439,-0.663488,0.744475
0.93326,-0.0909569,0.347496,0.0326819,0.984898,0.170024,-0.357713,-0.14732,0.922138
0.748269,0.622502,-0.229314,-0.66281,0.716039,-0.219022,0.0278568,0.315879,0.94839
0.990287,-0.00882418,0.138757,0.0131764,0.999449,-0.0304784,-0.138412,0.0320107,0.989857
0.860094,0.365299,0.356083,-0.384243,0.92304,-0.0188153,-0.335552,-0.12064,0.934265
0.771258,-0.569715,-0.283877,0.574174,0.815193,-0.0760614,0.274748,-0.104332,0.955839
0.811314,0.315389,-0.492239,-0.0274364,0.861608,0.506832,0.583966,-0.397694,0.707688
0.940705,0.305325,-0.147822,-0.289363,0.949659,0.120071,0.177041,-0.0701765,0.981698
0.829641,-0.226227,0.510409,0.0193217,0.925311,0.378717,-0.557963,-0.304337,0.772047
0.76302,-0.591286,-0.261115,0.548553,0.806031,-0.22227,0.341892,0.0263609,0.939369
0.942244,0.32378,-0.0856873,-0.180643,0.706726,0.684037,0.282035,-0.629051,0.724397
0.812427,-0.550407,-0.192392,0.503912,0.828809,-0.243205,0.293318,0.100638,0.950703
0.740612,0.566035,0.362076,-0.393671,0.802212,-0.448864,-0.544534,0.189895,0.816959
0.77659,-0.293949,0.557227,-0.0745267,0.835405,0.544559,-0.625582,-0.464428,0.62686
0.962434,0.227283,-0.148533,-0.266614,0.894571,-0.358692,0.0513488,0.384818,0.921563
0.768522,0.597894,-0.22781,-0.470812,0.769553,0.43142,0.433256,-0.2243,0.872914
0.707277,-0.393625,-0.587213,0.57725,0.801078,0.158292,0.408095,-0.450925,0.793804
0.764117,-0.599593,-0.237936,0.598955,0.522492,0.60684,-0.239538,-0.60621,0.758374
0.797819,0.378406,0.469354,-0.588857,0.656113,0.471978,-0.12935,-0.652936,0.746286
0.836409,-0.0534432,-0.545494,0.382152,0.770301,0.510487,0.392913,-0.635437,0.66471
0.802519,-0.306637,-0.511798,0.531884,0.756334,0.380867,0.270302,-0.57787,0.770067
0.739477,0.462283,0.489354,-0.0562403,0.766811,-0.639404,-0.670828,0.445303,0.593038
0.623584,-0.554889,-0.550673,0.634993,0.770395,-0.0572249,0.455989,-0.313989,0.832757
0.948938,-0.310515,0.0556488,0.239861,0.824785,0.512051,-0.204898,-0.472557,0.85715
0.909532,0.023472,-0.414971,-0.294405,0.741141,-0.603354,0.29339,0.670939,0.681001
0.982639,-0.0863294,-0.164221,0.16217,0.829632,0.53424,0.0901222,-0.551596,0.829228
0.847139,0.254218,-0.466614,0.108992,0.776331,0.62083,0.520073,-0.576787,0.629953
0.725392,-0.493468,-0.479892,0.536562,0.842077,-0.0548458,0.43117,-0.217707,0.875612
0.99452,-0.0347831,-0.0985922,0.0709852,0.916997,0.392527,0.0767554,-0.397375,0.914441
0.878635,-0.00573524,-0.477459,-0.101289,0.974933,-0.198107,0.466626,0.222426,0.85603
0.713486,-0.67849,0.174897,0.609694,0.724196,0.3222,-0.34527,-0.123251,0.930375
0.889404,0.318095,-0.328293,-0.205302,0.91963,0.334862,0.408426,-0.230429,0.883228
0.756835,0.475068,-0.4489,-0.392577,0.879525,0.26892,0.522574,-0.0273003,0.852156
0.776379,0.581406,0.243314,-0.618249,0.627511,0.473285,0.122488,-0.517877,0.84664
0.742766,0.478039,-0.468804,-0.535853,0.844228,0.0118611,0.401448,0.2424,0.883222
0.586028,-0.52436,0.617753,0.438085,0.846386,0.302841,-0.681655,0.0931551,0.72572
0.948139,-0.225396,0.22412,0.183734,0.964001,0.192208,-0.259375,-0.141061,0.95542
0.890495,0.431418,-0.144555,-0.44841,0.778298,-0.439523,-0.0771119,0.456213,0.886523
0.763949,0.350866,-0.541549,-0.628442,0.595007,-0.501026,0.146432,0.72309,0.675054
0.860154,0.508928,0.0335801,-0.500458,0.854871,-0.136884,-0.0983709,0.100936,0.990018
0.985107,0.0597951,0.161208,-0.104496,0.952768,0.285156,-0.136543,-0.297755,0.944827
0.926123,-0.125012,0.355904,-0.116617,0.802388,0.585299,-0.358742,-0.583563,0.728531
0.86478,0.466626,-0.185515,-0.491269,0.709695,-0.504963,-0.10397,0.52782,0.842969
0.824131,0.203231,-0.528683,0.012243,0.9268,0.375356,0.566267,-0.315815,0.761316
0.823262,-0.0726241,0.562997,0.0645725,0.997326,0.0342273,-0.563978,0.00817613,0.82575
0.78103,-0.133036,0.610158,0.108916,0.991089,0.0766751,-0.614922,0.00657064,0.788561
0.818521,0.458235,-0.346473,-0.507801,0.85914,-0.0633766,0.268628,0.227815,0.935916
0.923385,0.335866,-0.18589,-0.343276,0.939198,-0.00823946,0.17182,0.0714198,0.982536
0.604333,0.551609,0.5749,-0.350353,0.83205,-0.430053,-0.715566,0.0584772,0.696093
0.994398,0.0592824,-0.0875098,-0.038485,0.974148,0.222608,0.0984442,-0.217993,0.970973
0.987561,-0.141777,0.0679901,0.149911,0.71852,-0.679158,0.047437,0.680902,0.730836
0.910242,-0.341494,0.234183,0.0933832,0.720281,0.687368,-0.40341,-0.603803,0.687519
0.710783,0.18173,-0.67953,-0.0581469,0.977924,0.20071,0.701003,-0.103149,0.705659
0.817589,0.186955,-0.544607,-0.454369,0.790454,-0.410769,0.353692,0.583292,0.731213
0.904651,-0.340704,0.255981,0.402757,0.879843,-0.252317,-0.139258,0.331358,0.933172
0.899172,0.366442,0.239186,-0.425968,0.858124,0.286661,-0.100206,-0.359643,0.927694
0.762358,0.329887,-0.556763,-0.130496,0.921013,0.367023,0.633862,-0.207148,0.74519
0.904747,0.278627,0.322181,-0.390592,0.844422,0.36659,-0.169915,-0.457513,0.872818
0.965675,-0.168671,0.19754,0.0973812,0.940108,0.32667,-0.240809,-0.29622,0.924264
0.946934,0.00732471,-0.321344,-0.150986,0.892714,-0.424576,0.283758,0.450563,0.846448
0.969521,-0.163252,0.182698,0.124537,0.970522,0.206343,-0.210999,-0.177301,0.961272
0.972489,-0.222639,0.0685405,0.174153,0.890258,0.420846,-0.154716,-0.397332,0.904539
0.742431,-0.527504,-0.412961,0.525151,0.840999,-0.130138,0.415948,-0.120248,0.901403
0.71631,-0.145308,-0.682485,0.444947,0.848549,0.286334,0.537515,-0.508774,0.672478
0.888618,0.456495,-0.0443797,-0.438132,0.873503,0.212209,0.135638,-0.169129,0.976216
0.623109,-0.611148,-0.488092,0.695405,0.718519,-0.0118991,0.357975,-0.332007,0.872711
0.768633,0.37341,-0.519392,-0.612205,0.664846,-0.428002,0.185495,0.64695,0.739626
0.682261,-0.641415,0.350864,0.705779,0.703052,-0.0871494,-0.190777,0.307091,0.932362
0.805928,-0.564209,0.179299,0.566516,0.647073,-0.510251,0.171869,0.512801,0.841128
0.814193,-0.195319,-0.546754,0.057794,0.964303,-0.258417,0.57771,0.178803,0.796417
0.936317,0.236416,-0.25965,-0.279067,0.949782,-0.141544,0.213148,0.20499,0.955273
0.760724,0.530051,-0.374627,-0.243533,0.768088,0.592226,0.601657,-0.359286,0.713388
0.811639,0.367803,0.453831,-0.555192,0.727297,0.403485,-0.181667,-0.579447,0.794505
0.809327,-0.515898,0.280782,0.565384,0.554732,-0.61042,0.159156,0.652779,0.740641
0.737977,-0.204738,0.643018,0.535115,0.758089,-0.372763,-0.411146,0.619179,0.669011
0.744863,-0.43606,0.505006,0.254438,0.885328,0.389172,-0.616798,-0.161387,0.770398
0.722653,0.445491,-0.528499,-0.57808,0.808699,-0.108765,0.378942,0.384114,0.841938
0.78968,-0.398067,0.46685,0.547763,0.800184,-0.244256,-0.276336,0.448607,0.849936
0.733412,0.603772,-0.312354,-0.265773,0.677595,0.685733,0.625676,-0.41991,0.657423
0.998292,-0.0265806,0.0520312,0.00205898,0.905977,0.423322,-0.0583912,-0.422491,0.904484
0.892474,0.353705,-0.279971,-0.431852,0.849284,-0.303677,0.130363,0.39193,0.910712
0.795561,-0.512867,0.322568,0.552297,0.832778,-0.0380737,-0.249101,0.208443,0.94578
0.977664,0.0325858,-0.207634,0.04257,0.93673,0.347453,0.205819,-0.348531,0.91442
0.816991,0.557698,-0.146628,-0.467974,0.789799,0.396508,0.336938,-0.255325,0.906246
0.845647,-0.307464,-0.436287,0.297901,0.950137,-0.0921726,0.442872,-0.0520247,0.895074
0.762678,0.61841,-0.189449,-0.606763,0.78554,0.121516,0.223966,0.0222731,0.974342
0.714308,-0.695842,0.0746239,0.697401,0.716648,0.00688692,-0.0582712,0.0471234,0.997188
0.795603,0.573955,-0.193888,-0.553363,0.558222,-0.618206,-0.246589,0.599136,0.761728
0.730178,0.382521,0.566144,-0.628975,0.699975,0.338268,-0.266892,-0.603086,0.751702
0.723561,0.537457,-0.433128,-0.690088,0.577283,-0.43649,0.015443,0.614723,0.788592
0.959717,-0.0360331,0.278649,0.149715,0.904804,-0.398641,-0.237759,0.4243,0.87375
0.765117,0.528851,0.367303,-0.324531,0.809422,-0.489403,-0.556125,0.255249,0.790932
0.885018,-0.122853,-0.449055,0.10608,0.992396,-0.0624327,0.45331,0.0076182,0.89132
0.926033,0.207341,-0.315392,-0.192288,0.978195,0.0784883,0.324789,-0.0120366,0.94571
0.851983,-0.20398,0.482199,0.177194,0.978975,0.101049,-0.492673,-0.00064905,0.870214
0.8206,0.518733,-0.239859,-0.570595,0.71999,-0.395014,-0.032211,0.461011,0.88681
0.848065,-0.341553,-0.405127,0.229371,0.925826,-0.300392,0.477677,0.161827,0.863503
0.786435,0.590183,-0.18222,-0.546891,0.80245,0.238713,0.287107,-0.0880777,0.953841
0.990239,0.0891715,0.107123,-0.128133,0.884873,0.447864,-0.0548538,-0.457218,0.887661
0.88805,0.0373092,0.458231,0.198572,0.867812,-0.455489,-0.414653,0.495489,0.763252
0.768337,0.623601,-0.144155,-0.569476,0.768864,0.290766,0.292157,-0.141314,0.945872
0.630749,0.500925,0.592646,-0.448931,0.858507,-0.247846,-0.632943,-0.109729,0.766383
0.906524,-0.279158,0.316678,0.245883,0.958924,0.141445,-0.343155,-0.0503576,0.937928
0.936023,0.0358311,0.350111,-0.0407381,0.999148,0.00665859,-0.349574,-0.0204954,0.936685
0.906284,-0.28856,-0.308839,0.285447,0.956741,-0.0562789,0.311719,-0.0371526,0.949448
0.886412,-0.0673636,-0.45797,0.286716,0.856622,0.428943,0.363412,-0.511528,0.778634
0.764063,0.474611,0.436981,-0.579098,0.803094,0.140303,-0.284347,-0.360255,0.888461
0.806088,-0.591568,-0.0164301,0.587802,0.797119,0.138171,-0.0686406,-0.121035,0.990272
0.899683,-0.404553,0.164033,0.244238,0.777912,0.578965,-0.361825,-0.480822,0.798682
0.849425,0.364887,-0.381227,-0.413901,0.908815,-0.0523666,0.327357,0.202272,0.922997
0.682191,-0.70439,0.196088,0.680388,0.709758,0.182527,-0.267745,0.00889805,0.963449
0.751005,-0.206413,-0.627204,0.530482,0.754211,0.386981,0.393167,-0.623345,0.675915
0.682522,-0.498621,-0.534361,0.383152,0.866719,-0.319361,0.622381,0.0132294,0.782602
0.81062,0.184598,-0.555714,-0.198858,0.979394,0.0352616,0.550772,0.0819244,0.830625
0.958876,-0.273667,-0.0752571,0.23063,0.905815,-0.355399,0.16543,0.323427,0.93168
0.703847,0.695602,-0.144006,-0.431748,0.579895,0.69088,0.564086,-0.4241,0.708482
0.877006,0.424501,-0.225076,-0.157003,0.695913,0.700754,0.454104,-0.579227,0.676967
0.741229,-0.465859,0.483276,0.662026,0.626314,-0.411646,-0.110914,0.625065,0.772653
0.802332,-0.280663,-0.526775,0.000682255,0.882981,-0.469409,0.596878,0.376262,0.708635
0.783493,0.609936,-0.118814,-0.455516,0.693793,0.557815,0.422664,-0.382922,0.821417
0.956211,0.283165,-0.0740116,-0.188888,0.790223,0.582983,0.223566,-0.543475,0.809106
0.740357,0.346768,-0.575867,-0.640471,0.624026,-0.447647,0.204126,0.700245,0.684098
0.933714,0.33087,0.136759,-0.260196,0.889513,-0.375586,-0.24592,0.315106,0.916642
0.913691,-0.089236,-0.396492,0.0705676,0.995612,-0.0614575,0.400236,0.0281736,0.915979
0.955211,0.0989423,0.278897,0.0119785,0.92875,-0.370513,-0.295685,0.357258,0.885967
0.737923,0.0297452,-0.674229,-0.235026,0.947818,-0.215414,0.632639,0.31742,0.706408
0.729473,0.0227027,-0.683633,0.0251367,0.997884,0.059961,0.683548,-0.0609242,0.727359
0.854414,0.40695,-0.323061,-0.462316,0.879199,-0.115206,0.237152,0.24779,0.93934
0.905913,-0.375288,-0.196163,0.240104,0.836793,-0.492064,0.348814,0.398668,0.84817
0.75204,-0.370954,-0.54482,0.254689,0.925935,-0.278887,0.607922,0.070975,0.790818
0.920275,-0.287778,0.265099,0.381639,0.809606,-0.445971,-0.0862852,0.511588,0.854887
0.6687,0.343422,-0.65947,-0.512374,0.855568,-0.0740038,0.538807,0.387382,0.748079
0.793668,-0.562014,0.232877,0.605031,0.689278,-0.398538,0.0634668,0.457205,0.887094
0.943973,0.279882,0.174876,-0.258517,0.956478,-0.135344,-0.205146,0.082553,0.975244
0.676656,0.330229,0.658092,-0.230458,0.943863,-0.236669,-0.699303,0.00848058,0.714775
0.847369,0.218639,-0.483904,-0.405745,0.854466,-0.324436,0.342545,0.471259,0.81276
0.848339,-0.0453184,-0.52751,-0.106338,0.961444,-0.25361,0.518665,0.271242,0.810811
0.994156,-0.0971353,-0.0471123,0.107451,0.848047,0.518913,-0.0104513,-0.520942,0.853528
0.959468,-0.00979992,0.281647,0.0937013,0.95363,-0.286024,-0.265785,0.300821,0.915896
0.624809,-0.671713,0.398014,0.510165,0.737123,0.44315,-0.591055,-0.0738314,0.803245
0.82665,0.549182,-0.122678,-0.496472,0.609167,-0.61841,-0.264888,0.572115,0.776221
0.750993,-0.652382,0.102016,0.551908,0.704983,0.445417,-0.362501,-0.278202,0.889492
0.733268,0.483038,-0.478532,-0.136412,0.793986,0.592434,0.666116,-0.369136,0.648096
0.91522,-0.287809,0.282027,0.40283,0.670976,-0.622511,-0.0100697,0.683343,0.730028
0.770168,-0.0560178,-0.635376,0.313739,0.900571,0.300899,0.555345,-0.431085,0.711166
0.737319,0.474778,0.480569,-0.647756,0.698813,0.303435,-0.191764,-0.53502,0.822788
0.916963,0.386676,0.0982873,-0.396552,0.910407,0.117924,-0.0438829,-0.147108,0.988146
0.855013,-0.0935093,-0.510107,-0.205108,0.842441,-0.498221,0.476324,0.530613,0.701118
0.901712,-0.144005,-0.407649,0.228609,0.959111,0.166867,0.36695,-0.243658,0.897763
0.940243,-0.291958,0.175225,0.175515,0.856527,0.485341,-0.291784,-0.425584,0.856587
0.749537,-0.383218,-0.539758,0.0245565,0.830926,-0.555841,0.661507,0.403369,0.63222
0.713212,-0.0382679,0.699903,-0.299304,0.886277,0.353454,-0.633833,-0.461572,0.62065
0.898056,0.404457,0.172943,-0.353256,0.897402,-0.264349,-0.262118,0.176307,0.948794
0.850417,0.513023,0.116615,-0.524168,0.845227,0.10411,-0.0451549,-0.149663,0.987705
0.840194,0.380114,0.386764,-0.191129,0.875015,-0.444769,-0.507487,0.299771,0.807833
0.852163,0.315649,-0.417354,-0.360352,0.932313,-0.0306569,0.379427,0.176519,0.908227
0.818841,0.557551,0.136517,-0.572228,0.774082,0.270834,0.0453286,-0.299889,0.952897
0.861645,-0.50731,0.0143126,0.505898,0.86081,0.0554503,-0.0404509,-0.0405377,0.998359
0.722665,-0.69088,0.0209658,0.570812,0.579419,-0.581763,0.38978,0.432387,0.813088
0.825427,0.289469,-0.484642,-0.170235,0.946193,0.275207,0.538229,-0.14466,0.830291
0.8804,0.0445383,0.472135,-0.198018,0.93916,0.280654,-0.430911,-0.340579,0.835656
0.749684,0.467461,-0.468459,-0.642861,0.682502,-0.347736,0.157172,0.561846,0.812174
0.822823,-0.495647,-0.278024,0.549992,0.817687,0.169992,0.143081,-0.292784,0.945413
0.779945,0.441327,0.443752,-0.625728,0.56373,0.539141,-0.0122187,-0.698168,0.715829
0.771649,0.618367,-0.148929,-0.538914,0.759995,0.363289,0.337832,-0.200071,0.919696
0.814843,0.279193,-0.508018,-0.0386662,0.9006,0.432926,0.57839,-0.333124,0.744643
0.799721,-0.600346,0.00560123,0.452991,0.6095,0.650622,-0.394012,-0.517779,0.759381
0.765924,0.121442,0.631358,-0.00615544,0.983339,-0.181679,-0.642902,0.135266,0.75391
0.951913,-0.0869273,0.293778,0.172996,0.943912,-0.281252,-0.252852,0.31855,0.91356
0.724787,0.680667,0.106658,-0.588631,0.692215,-0.417555,-0.358046,0.239856,0.90237
0.723785,-0.41975,0.547673,0.435546,0.893517,0.109212,-0.535197,0.159491,0.829534
0.957942,0.0943724,-0.271001,-0.0468766,0.983153,0.176669,0.283108,-0.156535,0.946228
0.876746,0.00872355,-0.480874,-0.0740961,0.990349,-0.117128,0.475212,0.138323,0.868931
0.951295,-0.0752072,-0.298966,-0.139222,0.760453,-0.634293,0.275053,0.645023,0.712945
0.998417,-0.0545608,-0.0136803,0.0334689,0.771698,-0.635108,0.0452091,0.633645,0.772302
0.973088,0.224145,-0.0534697,-0.193185,0.920014,0.34096,0.125618,-0.321455,0.938556
0.84355,-0.0644294,0.533172,0.296413,0.883724,-0.362175,-0.447842,0.463552,0.764563
0.862401,0.330553,0.383405,-0.479984,0.774621,0.411797,-0.160873,-0.539163,0.826694
0.94257,-0.151101,0.297878,0.273686,0.860611,-0.42947,-0.191464,0.48633,0.85254
0.98036,0.0839054,-0.178479,-0.0848563,0.996391,0.00231326,0.178029,0.0128772,0.983941
0.886992,0.189704,-0.42102,0.0661933,0.850076,0.522483,0.457017,-0.491307,0.741453
0.707307,-0.356029,0.610705,0.350098,0.926946,0.134915,-0.614124,0.118381,0.78028
0.845843,0.00930543,0.53335,-0.109323,0.981649,0.156249,-0.522109,-0.190469,0.831339
0.861071,0.204349,-0.465616,-0.363126,0.888116,-0.28176,0.355943,0.411693,0.838936
0.626772,-0.583579,-0.516326,0.626661,0.771333,-0.111093,0.463091,-0.253931,0.849156
0.644951,0.568332,0.510917,-0.364047,0.816295,-0.448477,-0.671943,0.103247,0.73337
0.979427,-0.199697,-0.029066,0.185463,0.833973,0.519705,-0.0795432,-0.514403,0.853851
0.743909,0.255828,0.617374,0.24971,0.750497,-0.611882,-0.619874,0.609349,0.494419
0.892974,0.0551482,0.446717,-0.138491,0.977983,0.156105,-0.428273,-0.201264,0.880951
0.831027,-0.549479,-0.086415,0.551452,0.793555,0.257238,-0.0727718,-0.261425,0.962476
0.639926,0.241851,-0.729385,-0.606214,0.742187,-0.285767,0.472227,0.625033,0.621558
0.555159,-0.717097,0.421392,0.517585,0.694438,0.499861,-0.651079,-0.0593961,0.756682
0.992928,0.0699162,0.0959504,-0.0549792,0.987106,-0.150331,-0.105224,0.143992,0.983969
0.557278,0.681264,-0.47468,-0.582257,0.728195,0.361536,0.591961,0.0749095,0.802478
0.921167,-0.161453,0.354096,0.12528,0.984472,0.122965,-0.368451,-0.0689099,0.92709
0.682789,-0.473559,-0.556364,0.655097,0.733982,0.179217,0.323492,-0.48684,0.811382
0.987836,-0.118289,0.100932,0.0214586,0.746579,0.66495,-0.15401,-0.654696,0.740036
0.920174,-0.387286,0.0573518,0.391425,0.913095,-0.114213,-0.00813439,0.127545,0.991799
0.899343,0.399837,-0.176951,-0.411126,0.911054,-0.0309166,0.148851,0.100554,0.983734
0.771437,0.562421,-0.297604,-0.629248,0.604827,-0.488089,-0.0945132,0.563796,0.820488
0.953227,0.285853,0.0982204,-0.279278,0.708677,0.647905,0.115599,-0.645031,0.755362
0.939579,0.297722,-0.168974,-0.335335,0.701169,-0.629215,-0.0688517,0.64786,0.758641
0.741063,-0.601779,-0.297805,0.647237,0.522246,0.555287,-0.178633,-0.604253,0.776511
0.923525,0.0625952,-0.378395,0.18428,0.79283,0.580914,0.336365,-0.606219,0.720664
0.766036,-0.598282,0.235048,0.520153,0.791788,0.320175,-0.377664,-0.123004,0.917736
0.688677,-0.688729,0.226665,0.40673,0.625749,0.665589,-0.600246,-0.366184,0.711066
0.673031,0.545337,-0.499638,-0.329752,0.825928,0.457282,0.662037,-0.143008,0.7357
0.708335,-0.480938,-0.516683,0.618059,0.776153,0.124858,0.340976,-0.407782,0.847024
0.936604,-0.0885677,-0.339012,0.0351454,0.986394,-0.1606,0.348623,0.138504,0.926973
0.683006,0.365269,0.63252,-0.126584,0.912066,-0.390015,-0.71936,0.186315,0.669184
0.962376,-0.268198,-0.043611,0.270704,0.932482,0.239156,-0.0234747,-0.241964,0.970001
0.769256,0.591986,0.240411,-0.461033,0.774781,-0.432623,-0.442373,0.22196,0.86893
0.869011,0.49477,-0.00477466,-0.356683,0.619731,-0.699079,-0.342924,0.60921,0.715029
0.966563,0.19435,-0.167286,-0.0618693,0.809839,0.583381,0.248855,-0.553524,0.794784
0.673993,-0.576411,0.462044,0.57121,0.803251,0.16884,-0.468458,0.150127,0.870637
0.73312,0.566104,0.37691,-0.515921,0.824018,-0.234134,-0.443125,-0.0228074,0.89617
0.997905,0.0118913,0.0635958,0.024601,0.839389,-0.542974,-0.0598383,0.543401,0.837338
0.951141,-0.308256,-0.0175692,0.288502,0.867037,0.406217,-0.109986,-0.391439,0.913608
0.951024,-0.22388,-0.213148,0.226285,0.973969,-0.0133693,0.210593,-0.0355177,0.976928
0.841614,-0.410698,0.350732,0.0587741,0.715199,0.696445,-0.536872,-0.565524,0.62606
0.832999,0.533804,0.145486,-0.274942,0.627569,-0.728398,-0.480124,0.566754,0.66953
0.779031,-0.154569,-0.607634,0.29,0.948069,0.130633,0.555887,-0.27798,0.783401
0.979976,-0.168074,0.106767,0.0655657,0.778674,0.623993,-0.188013,-0.604498,0.774101
0.530716,0.632883,0.563736,-0.494833,0.771378,-0.400145,-0.688099,-0.0665918,0.722555
0.86374,0.403841,-0.30144,-0.177169,0.80333,0.56857,0.471768,-0.437691,0.765416
0.772122,0.633869,-0.0451323,-0.588372,0.686253,-0.427639,-0.240095,0.356744,0.902822
0.885468,0.392341,0.249029,-0.323935,0.90536,-0.274571,-0.333186,0.162455,0.92876
0.908821,0.413899,0.052268,-0.373746,0.752108,0.542814,0.185359,-0.512856,0.838225
0.753894,-0.652949,-0.0728097,0.539004,0.551324,0.636801,-0.375657,-0.519326,0.767582
0.775055,-0.217988,0.593103,0.327201,0.941428,-0.0815689,-0.540582,0.257284,0.800984
0.889148,-0.457151,-0.0207129,0.419148,0.83173,-0.364061,0.183658,0.315023,0.931145
0.875493,-0.480646,0.0499167,0.47626,0.840767,-0.257462,0.0817794,0.249179,0.964998
0.993635,-0.0592132,0.0958254,0.102161,0.832084,-0.54516,-0.0474541,0.55148,0.832837
0.735839,-0.155405,-0.659083,0.332995,0.930537,0.152364,0.589624,-0.331586,0.736474
0.752699,0.172306,0.635418,-0.203546,0.978764,-0.0242957,-0.62611,-0.111049,0.771786
0.771367,-0.635517,-0.0333176,0.618301,0.760808,-0.197168,0.150652,0.131489,0.979803
0.978309,0.0481306,0.20148,0.0436826,0.902828,-0.427778,-0.202491,0.4273,0.881142
0.755974,0.546608,-0.36017,-0.5262,0.83472,0.162342,0.389379,0.0667957,0.918652
0.623395,0.379995,-0.683361,-0.649083,0.738796,-0.181304,0.43597,0.556583,0.70721
0.964131,0.233886,-0.125498,-0.179364,0.922614,0.341486,0.195655,-0.306727,0.931471
0.997489,0.010001,0.0701106,0.0220312,0.897038,-0.441404,-0.0673064,0.441841,0.894565
0.898766,-0.233024,0.371374,0.316934,0.930608,-0.18309,-0.30294,0.282256,0.910252
0.711472,-0.677918,-0.185026,0.698021,0.712164,0.074762,0.0810868,-0.182343,0.979886
0.972947,-0.211516,0.0929244,0.218286,0.709907,-0.669614,0.0756666,0.671783,0.736873
0.945809,0.0226289,-0.323935,0.176174,0.802235,0.570423,0.27278,-0.59658,0.754774
0.694751,-0.459688,-0.553179,0.58988,0.804226,0.0725382,0.411536,-0.376705,0.829898
0.921805,0.387365,0.0149872,-0.365646,0.881661,-0.298292,-0.128761,0.269487,0.954357
0.994561,-0.0920786,0.0486848,0.0412599,0.77747,0.627565,-0.0956363,-0.622143,0.77704
0.849785,-0.509479,-0.135265,0.441576,0.828169,-0.345176,0.287882,0.233596,0.928739
0.770157,0.634392,0.066364,-0.616803,0.714188,0.330893,0.162519,-0.295773,0.941332
0.906086,0.363661,-0.216237,-0.402533,0.898346,-0.175901,0.130287,0.246424,0.960365
0.773402,0.633891,-0.00565613,-0.580208,0.711442,0.396497,0.25536,-0.30337,0.918019
0.749192,-0.145277,0.646224,0.219304,0.975027,-0.0350534,-0.624994,0.167981,0.762342
0.833459,-0.519196,-0.189161,0.551872,0.764754,0.332549,-0.027997,-0.381559,0.923921
0.823153,0.102787,0.558439,-0.403498,0.797849,0.447913,-0.399511,-0.594029,0.698226
0.947633,0.115069,0.297911,-0.275157,0.767699,0.578729,-0.162112,-0.630395,0.759159
0.764097,-0.326306,0.556489,0.577661,0.730093,-0.365066,-0.287165,0.600407,0.746356
0.928156,-0.173858,-0.329089,0.119146,0.976456,-0.179828,0.352605,0.127699,0.927018
0.953856,0.149513,0.260393,-0.0831186,0.964802,-0.249497,-0.288531,0.216341,0.932709
0.944721,-0.324434,-0.0473818,0.32459,0.905026,0.2749,-0.0463051,-0.275083,0.960305
0.687557,-0.605019,0.401519,0.411776,0.780319,0.470684,-0.598086,-0.158286,0.785646
0.846148,-0.481241,0.228998,0.509208,0.603208,-0.613878,0.15729,0.63604,0.755456
0.879148,-0.476341,-0.0140858,0.45249,0.843671,-0.288916,0.149506,0.247626,0.957251
0.93805,-0.267057,0.22078,0.156955,0.89554,0.416381,-0.308915,-0.355934,0.881977
0.72168,-0.65836,0.213869,0.561968,0.737615,0.374321,-0.404191,-0.149952,0.902299
0.557455,-0.70358,0.440703,0.55003,0.710613,0.438745,-0.621861,-0.00218115,0.783125
0.91235,0.00884345,-0.409315,-0.0865613,0.981332,-0.17174,0.400156,0.192118,0.896084
0.733663,-0.456769,-0.503091,0.661068,0.651114,0.37288,0.157249,-0.606146,0.779654
0.631145,-0.404664,-0.661743,0.571266,0.819603,0.0436547,0.524701,-0.405584,0.748459
0.892757,0.44012,-0.0963304,-0.423592,0.892785,0.153311,0.153478,-0.0960644,0.983472
0.806981,-0.199113,0.556,0.476548,0.77562,-0.413902,-0.348831,0.598972,0.720798
0.618062,0.403183,0.674865,-0.674226,0.713312,0.191325,-0.40425,-0.573262,0.712707
0.866954,0.440783,-0.232598,-0.425717,0.897614,0.114258,0.259146,-3.50825e-05,0.965838
0.729056,0.56661,-0.383967,-0.577572,0.810304,0.0990823,0.367271,0.149532,0.918015
0.920784,0.25721,-0.293256,-0.332736,0.910271,-0.24636,0.203576,0.324421,0.923747
0.698583,-0.410302,0.586203,0.602719,0.778964,-0.173045,-0.385631,0.474202,0.791468
0.813743,-0.00443101,0.581208,0.28808,0.871576,-0.396692,-0.504809,0.49024,0.710515
0.737894,0.555757,0.382944,-0.669841,0.533595,0.516323,0.0826129,-0.637504,0.766005
0.569035,0.658251,-0.492854,-0.604141,0.741257,0.292492,0.557865,0.131315,0.819477
0.878648,0.414261,-0.237413,-0.475169,0.709903,-0.519857,-0.0468163,0.569583,0.820599
0.699924,-0.652909,0.28951,0.61334,0.757165,0.224754,-0.365951,0.0202572,0.930414
0.703942,-0.516312,-0.487737,0.69725,0.633172,0.33606,0.135309,-0.576641,0.805715
0.910351,-0.407675,0.0711515,0.39529,0.907497,0.142106,-0.122503,-0.101241,0.987291
0.694511,-0.366493,0.619142,0.167825,0.919321,0.355926,-0.699635,-0.143287,0.699985
0.902424,0.0825995,-0.422856,-0.00565391,0.983637,0.180075,0.430811,-0.160113,0.888125
0.90859,0.374526,0.184919,-0.379606,0.925109,-0.00849907,-0.174254,-0.0624743,0.982717
0.991524,-0.124706,0.0364589,0.112809,0.965522,0.234609,-0.064459,-0.228507,0.971406
0.928932,-0.352153,-0.114342,0.195912,0.729551,-0.655266,0.314172,0.586296,0.746694
0.980634,0.195399,-0.0132659,-0.163036,0.851995,0.497517,0.108517,-0.48572,0.867352
0.597905,0.641947,0.480014,-0.650405,0.738545,-0.17755,-0.46849,-0.206046,0.859106
0.908909,-0.413146,0.0565234,0.363295,0.851093,0.379022,-0.204698,-0.323962,0.92366
0.824904,0.0703356,0.560879,-0.126613,0.990009,0.0620646,-0.55091,-0.122212,0.825568
0.965576,0.218406,-0.141283,-0.174172,0.94627,0.272465,0.1932,-0.238478,0.951736
0.806814,-0.0916443,0.583655,-0.273138,0.818124,0.506032,-0.523877,-0.567692,0.635042
0.93739,-0.307491,0.163555,0.114478,0.715538,0.68913,-0.328931,-0.62726,0.705938
0.704437,0.334593,0.625953,-0.14761,0.931693,-0.331903,-0.694248,0.141408,0.705708
0.93487,0.16666,0.313435,-0.185025,0.982289,0.0295629,-0.302957,-0.0856308,0.949149
0.732732,0.61405,-0.293337,-0.634133,0.772514,0.0331122,0.24694,0.161752,0.955436
0.835228,-0.424063,-0.350093,0.341283,0.898937,-0.27466,0.431185,0.109923,0.895543
0.954426,-0.0347171,-0.296422,-0.14996,0.802943,-0.576883,0.258038,0.595044,0.761143
0.957358,-0.237835,-0.164009,0.194298,0.950182,-0.243728,0.213806,0.201468,0.955875
0.810003,0.382182,-0.444783,-0.354433,0.923312,0.147894,0.467196,0.0378512,0.883343
0.972245,-0.150863,-0.17883,0.231327,0.734304,0.638189,0.0350365,-0.661844,0.748822
0.800934,0.232752,0.551662,0.0503861,0.891884,-0.449448,-0.596629,0.387774,0.702613
0.900804,0.403237,0.161098,-0.430575,0.877496,0.211204,-0.0561971,-0.259618,0.964075
0.809989,0.0981295,0.578177,-0.0548138,0.994253,-0.0919563,-0.583878,0.0427914,0.810713
0.745328,-0.117435,0.656274,0.492624,0.760285,-0.423425,-0.44923,0.638887,0.624513
0.842149,0.186192,0.506081,-0.275428,0.955366,0.10684,-0.4636,-0.229364,0.855843
0.922498,-0.384084,-0.038436,0.385993,0.918589,0.08488,0.00270579,-0.0931376,0.99565
0.930403,0.0433159,0.363969,-0.275639,0.737218,0.616873,-0.241604,-0.674265,0.69785
0.790244,-0.253715,-0.557801,-0.0681508,0.868228,-0.491463,0.60899,0.42639,0.668821
0.966748,-0.0401611,0.252557,-0.0783798,0.893528,0.442113,-0.243422,-0.447207,0.860669
0.649871,-0.451719,-0.611242,0.40032,0.887059,-0.229933,0.646073,-0.0952658,0.757307
0.724904,-0.326218,-0.606709,0.374861,0.925739,-0.0498659,0.577921,-0.191284,0.793359
0.981296,-0.176816,-0.0761268,0.18219,0.725282,0.663907,-0.0621758,-0.665358,0.74393
0.576014,-0.576286,0.579743,0.439101,0.816343,0.375199,-0.689491,0.0384455,0.723273
0.933586,-0.219207,-0.283489,0.219811,0.975078,-0.0300939,0.28302,-0.0342187,0.958503
0.800844,0.264638,-0.53723,-0.0930514,0.941159,0.324901,0.5916,-0.210205,0.778347
0.922002,-0.373792,-0.100957,0.379398,0.924237,0.0429233,0.0772642,-0.0778784,0.993964
0.77949,0.466569,-0.417982,-0.525757,0.850047,-0.0316202,0.340551,0.244405,0.907905
0.913627,-0.268411,0.305353,0.376948,0.840627,-0.388916,-0.152299,0.470427,0.869197
0.707188,-0.6036,-0.368174,0.221359,0.683578,-0.6955,0.67148,0.41035,0.617031
0.940562,0.163097,0.297896,-0.205542,0.971629,0.117006,-0.270361,-0.171281,0.947401
0.658109,0.720086,0.219932,-0.520494,0.646173,-0.558164,-0.544039,0.252859,0.800052
0.995118,-0.0455356,-0.0875548,0.00561113,0.911859,-0.410466,0.0985285,0.407971,0.907663
0.773878,-0.576737,-0.2617,0.615336,0.586886,0.526238,-0.149913,-0.568277,0.809065
0.966099,-0.257904,-0.0117698,0.247094,0.936893,-0.247338,0.0748165,0.236044,0.968858
0.839477,0.478269,-0.25795,-0.528783,0.60965,-0.590521,-0.125169,0.632128,0.764687
0.735653,-0.262032,-0.624623,0.339297,0.940666,0.00499475,0.586252,-0.215607,0.780911
0.897577,-0.227319,0.377731,0.171479,0.96936,0.175889,-0.40614,-0.0931011,0.909056
0.680784,-0.422654,0.598245,0.560474,0.826413,-0.0539497,-0.471595,0.372029,0.799495
0.992947,0.099224,0.0648846,-0.118446,0.853781,0.50698,-0.00509264,-0.51109,0.859512
0.991776,-0.116702,0.0525375,0.125955,0.817254,-0.562344,0.0226902,0.564337,0.825233
0.937142,-0.102494,-0.333558,-0.0506248,0.905845,-0.420574,0.345258,0.411024,0.843716
0.691414,-0.668538,-0.273868,0.642812,0.7423,-0.189166,0.329757,-0.0452542,0.942981
0.711534,-0.31257,-0.6293,0.158889,0.943984,-0.28922,0.684451,0.105801,0.721341
0.901549,0.365427,0.231675,-0.432652,0.767231,0.473464,-0.00473173,-0.527086,0.849799
0.917097,0.121024,0.37985,-0.349249,0.703363,0.619117,-0.192244,-0.700453,0.68732
0.981417,0.184445,-0.052914,-0.185876,0.982293,-0.0234741,0.0476473,0.0328733,0.998323
0.998873,-0.00245862,-0.0474089,0.0348191,0.716768,0.696442,0.0322689,-0.697308,0.716045
0.90763,0.265156,-0.325423,-0.406778,0.746962,-0.525908,0.10363,0.609705,0.785825
0.81557,-0.314642,0.485641,0.244721,0.94805,0.203255,-0.524364,-0.0469224,0.8502
0.899002,-0.0531838,-0.434703,-0.0419204,0.977591,-0.206298,0.435934,0.203685,0.876626
0.877905,0.114002,0.465065,0.220413,0.766018,-0.60385,-0.425089,0.632629,0.647364
0.770796,0.637058,-0.00559745,-0.456176,0.558033,0.693183,0.444721,-0.531749,0.72074
0.77209,0.0929928,-0.628673,-0.488119,0.720247,-0.492934,0.40696,0.687457,0.601487
0.712155,0.61729,0.334348,-0.416112,0.754751,-0.50715,-0.565408,0.222043,0.794362
0.680506,-0.24712,0.689814,0.349182,0.937014,-0.00879349,-0.644192,0.246855,0.723933
0.920947,-0.387449,0.0417228,0.258524,0.687567,0.678541,-0.291587,-0.614113,0.733377
0.865242,0.185666,0.465709,-0.314934,0.924038,0.216727,-0.390093,-0.334189,0.857989
0.908542,-0.415482,-0.0438843,0.414648,0.883853,0.216498,-0.0511635,-0.214894,0.975296
0.789162,0.591711,-0.164625,-0.594517,0.668652,-0.446602,-0.154182,0.450314,0.879457
0.658904,0.271304,-0.701597,-0.444664,0.892768,-0.0723773,0.606728,0.359665,0.708888
0.862467,-0.472724,-0.180783,0.488423,0.871025,0.0525161,0.132641,-0.133592,0.98212
0.830093,0.336899,-0.444347,-0.499988,0.802496,-0.325594,0.246895,0.492441,0.834593
0.87052,0.455083,0.187335,-0.478956,0.695938,0.535043,0.113115,-0.555491,0.823793
0.75523,0.502408,0.420968,-0.46288,0.863526,-0.20016,-0.464079,-0.0436909,0.884716
0.700043,0.496201,0.513541,-0.194987,0.824638,-0.530992,-0.686964,0.271583,0.674035
0.737482,-0.582354,-0.342031,0.486285,0.809315,-0.329448,0.468666,0.0766378,0.880045
0.801844,0.20019,0.563001,-0.473886,0.786978,0.395092,-0.363975,-0.583601,0.725901
0.75187,-0.232676,0.61689,-0.153565,0.848121,0.507058,-0.641178,-0.475975,0.601946
0.872358,0.479911,-0.0931547,-0.428993,0.66011,-0.61662,-0.23443,0.577876,0.78173
0.683693,-0.552538,0.476724,0.60453,0.79474,0.0541425,-0.408787,0.251177,0.877384
0.543497,-0.562209,0.623324,0.651699,0.750634,0.108799,-0.529055,0.347087,0.774358
0.833372,-0.0717758,-0.548032,-0.27641,0.804514,-0.525695,0.478631,0.589581,0.65062
0.637327,-0.514901,0.573316,0.371791,0.857135,0.356499,-0.674971,-0.0140525,0.73771
0.749608,-0.588635,0.302649,0.579293,0.804654,0.1302,-0.320167,0.0777234,0.944167
0.994295,-0.0848894,-0.0645843,0.0570413,0.934809,-0.350541,0.0901311,0.344857,0.934318
0.75668,-0.634172,0.158936,0.550447,0.749138,0.368511,-0.352765,-0.191359,0.915936
0.703849,0.699944,0.121142,-0.704091,0.710016,-0.0115308,-0.0940838,-0.0771793,0.992568
0.932788,-0.121456,-0.339344,0.111552,0.992569,-0.0486199,0.342728,0.00749757,0.939405
0.888804,-0.456151,-0.0442008,0.451854,0.888345,-0.0816736,0.0765211,0.0526194,0.995679
0.852388,-0.299953,0.428325,0.428261,0.870458,-0.242685,-0.300044,0.390296,0.870426
0.844013,0.348947,0.407281,-0.362099,0.930943,-0.0472236,-0.395634,-0.107619,0.912081
0.869097,0.365287,0.333521,-0.0644977,0.752198,-0.655773,-0.490419,0.548419,0.677293
0.835999,-0.542092,0.0850981,0.457661,0.603258,-0.653166,0.30274,0.584992,0.752418
0.871181,0.488052,0.0533719,-0.487788,0.84808,0.206936,0.0557318,-0.206313,0.976898
0.80278,-0.580408,0.136639,0.510168,0.787197,0.346481,-0.308662,-0.208439,0.928052
0.758945,0.640381,-0.117959,-0.642663,0.765815,0.0226146,0.104817,0.0586448,0.992761
0.725306,0.440228,0.529274,-0.632805,0.729083,0.260762,-0.27109,-0.524059,0.807386
0.857181,-0.51439,-0.0253667,0.39939,0.695028,-0.597849,0.325158,0.502334,0.801207
0.775638,0.357831,-0.519945,-0.312109,0.933448,0.176813,0.548611,0.0251362,0.8357
0.987353,-0.142204,0.0700869,0.156282,0.947337,-0.279516,-0.0266477,0.286934,0.95758
0.799512,-0.38093,0.464405,0.292934,0.922275,0.252189,-0.524375,-0.0655882,0.848957
0.984687,0.173548,0.0164925,-0.173171,0.984645,-0.0220471,-0.0200655,0.0188535,0.999621
0.800128,-0.335949,-0.496925,0.512949,0.812661,0.276524,0.310933,-0.476151,0.822557
0.528016,0.511266,-0.67809,-0.653125,0.754826,0.0605471,0.542795,0.410908,0.732481
0.738279,0.425395,-0.523434,-0.477097,0.877914,0.0405577,0.476784,0.219786,0.8511
0.85195,-0.488601,0.18828,0.522656,0.771668,-0.362434,0.0317955,0.407181,0.912794
0.794766,0.606002,-0.0332974,-0.52973,0.719419,0.449246,0.296199,-0.339407,0.892787
0.724048,-0.677228,0.130833,0.655548,0.734641,0.174812,-0.214503,-0.0408047,0.975871
0.840152,0.539415,0.0563647,-0.506354,0.74291,0.437824,0.194295,-0.396379,0.897292
0.713574,0.142024,-0.686033,-0.233879,0.97135,-0.0421768,0.660389,0.190545,0.726347
0.714629,0.325243,0.619292,-0.38871,0.920696,-0.0349854,-0.581558,-0.215724,0.784381
0.903536,0.414999,-0.106764,-0.427038,0.892681,-0.144081,0.0355125,0.175774,0.98379
0.816086,-0.327747,-0.47601,0.442446,0.884205,0.149742,0.371813,-0.332811,0.866598
0.847138,0.20209,-0.491444,-0.481062,0.684492,-0.547767,0.225691,0.70045,0.677077
0.867414,0.333057,0.369684,-0.495269,0.649521,0.576915,-0.0479713,-0.683517,0.728356
0.701239,0.506312,-0.501909,-0.617976,0.782724,-0.0738114,0.355485,0.361927,0.861765
0.985149,-0.163038,-0.0538479,0.159151,0.984772,-0.0699636,0.0644346,0.0603546,0.996095
0.781826,0.554146,-0.285782,-0.622325,0.665469,-0.412144,-0.0382087,0.500074,0.86514
0.87261,0.420745,0.248043,-0.262888,0.832612,-0.48749,-0.411632,0.360182,0.837155
0.846788,0.26701,-0.460061,-0.503988,0.679361,-0.533353,0.170136,0.683502,0.709844
0.933363,-0.0804574,0.349801,0.0492372,0.99404,0.0972602,-0.355541,-0.0735558,0.931762
0.70679,0.467115,0.531273,-0.271546,0.872609,-0.405975,-0.653231,0.142674,0.743595
0.728867,0.162296,0.665141,-0.143131,0.986151,-0.0837785,-0.669527,-0.0341392,0.742003
0.637405,0.490487,0.594253,-0.567215,0.820677,-0.0689704,-0.521519,-0.293107,0.801315
0.894217,0.0430739,0.445557,-0.288807,0.815997,0.50074,-0.342004,-0.57645,0.742118
0.986095,-0.104658,-0.129088,0.00542224,0.796629,-0.604444,0.166095,0.595339,0.78612
0.717249,0.42873,0.549313,-0.336023,0.90341,-0.266345,-0.610445,0.0064544,0.792033
0.873603,-0.461125,-0.155502,0.450105,0.644183,0.618412,-0.184993,-0.610239,0.770315
0.763274,0.560921,-0.320593,-0.580306,0.813343,0.0414509,0.284003,0.154404,0.94631
0.706039,0.362347,-0.608452,-0.190274,0.924655,0.329861,0.682133,-0.117122,0.721788
0.85765,0.429276,-0.283122,-0.514228,0.718412,-0.468459,0.00230003,0.547364,0.836892
0.884771,-0.450451,0.119472,0.436471,0.89081,0.126295,-0.163316,-0.0595963,0.984772
0.948189,0.226757,0.222529,-0.314112,0.774155,0.549561,-0.047655,-0.590987,0.805272
0.803771,-0.210226,0.556558,0.385413,0.896642,-0.217921,-0.453221,0.389664,0.801719
0.918913,0.387943,0.0714003,-0.297517,0.800483,-0.520298,-0.259001,0.456866,0.850995
0.855044,0.503446,0.124268,-0.442285,0.833136,-0.332067,-0.27071,0.22897,0.935034
0.866541,0.417577,-0.273378,-0.42682,0.90391,0.0277811,0.25871,0.0926099,0.961505
0.844277,-0.435997,-0.311612,0.234983,0.82377,-0.515932,0.481642,0.362366,0.797942
0.89941,-0.40068,0.174693,0.408419,0.912748,-0.00925587,-0.155742,0.0796729,0.984579
0.843938,0.172606,-0.507914,-0.149758,0.984984,0.0858971,0.515113,0.00357203,0.857115
0.797453,-0.275362,0.536884,0.41904,0.892955,-0.164428,-0.434136,0.3561,0.827477
0.885868,0.365684,-0.285504,-0.45328,0.813364,-0.364659,0.0988684,0.452453,0.886291
0.75717,-0.194956,0.623447,0.46085,0.835835,-0.298326,-0.462938,0.513199,0.722714
0.989542,0.110399,-0.0928324,-0.115202,0.992179,-0.0480584,0.0868007,0.0582503,0.994521
0.985965,-0.0233704,0.165311,0.00458261,0.993569,0.113131,-0.166892,-0.110786,0.979731
0.762485,0.612066,-0.209743,-0.369879,0.678334,0.634864,0.530854,-0.406495,0.74361
0.837973,0.464789,-0.285961,-0.46351,0.882777,0.0765708,0.288029,0.0683815,0.955177
0.920913,-0.376004,-0.102668,0.357833,0.711181,0.605125,-0.154514,-0.594006,0.789483
0.716819,0.460218,-0.523804,-0.00305873,0.7533,0.65767,0.697253,-0.469828,0.541387
0.901145,-0.181205,-0.39383,0.390045,0.735404,0.554117,0.189215,-0.652951,0.733384
0.89545,-0.327638,-0.301369,0.341516,0.93985,-0.00703727,0.285547,-0.0966207,0.953482
0.705449,-0.071736,-0.705121,0.337169,0.909048,0.244843,0.623425,-0.410469,0.665474
0.814749,-0.484787,-0.318064,0.569467,0.565892,0.596217,-0.109048,-0.666894,0.73713
0.837953,-0.503881,-0.209617,0.543082,0.807786,0.229225,0.0538236,-0.305919,0.950535
0.790447,-0.55357,0.262209,0.536973,0.832204,0.138189,-0.294709,0.0315679,0.955066
0.754121,0.222767,-0.6178,0.0601174,0.913348,0.402718,0.653978,-0.340839,0.675382
0.944781,0.215333,-0.247022,-0.134069,0.941819,0.308225,0.299021,-0.258087,0.918682
0.837119,0.14912,0.526303,-0.458219,0.716658,0.525773,-0.298776,-0.681296,0.668258
0.840928,-0.412121,0.350709,0.508268,0.823973,-0.250464,-0.185753,0.388877,0.902369
0.753238,-0.55618,-0.351137,0.647428,0.532734,0.545005,-0.116058,-0.637855,0.761362
0.944627,-0.229206,-0.234826,0.311783,0.850066,0.424476,0.102325,-0.474187,0.874458
0.848443,-0.514693,-0.123431,0.384287,0.759386,-0.525029,0.363961,0.398025,0.842086
0.800842,-0.529694,-0.279422,0.449939,0.840091,-0.302987,0.395231,0.116922,0.91111
0.866413,0.226114,0.445198,0.129879,0.758853,-0.63818,-0.482141,0.610749,0.628112
0.87938,-0.47254,0.0582767,0.475433,0.864936,-0.160774,0.0255664,0.169088,0.985269
0.748818,-0.0168346,0.662562,-0.393763,0.792823,0.46517,-0.533125,-0.60922,0.587051
0.714498,0.679161,-0.168025,-0.451118,0.630786,0.631349,0.534776,-0.375298,0.757077
0.973731,-0.213388,-0.0794548,0.226549,0.942955,0.24395,0.0228665,-0.255542,0.966528
0.957176,0.118184,0.264286,-0.266827,0.714331,0.646942,-0.11233,-0.689756,0.715275
0.977247,0.0368572,0.20888,-0.123191,0.900291,0.417492,-0.172665,-0.433725,0.884347
0.94967,0.271006,0.15711,-0.27291,0.96199,-0.00974069,-0.153778,-0.0336264,0.987533
0.860969,-0.236799,0.450176,0.00828113,0.891437,0.453069,-0.50859,-0.386351,0.76946
0.665314,0.576506,-0.47434,-0.627874,0.775821,0.0622598,0.403896,0.256403,0.878137
0.710228,0.573035,-0.408909,-0.417193,0.810484,0.411177,0.567033,-0.121436,0.814695
0.653686,0.702547,0.281287,-0.461191,0.664528,-0.587967,-0.599998,0.254618,0.758401
0.890745,-0.339068,0.302667,0.441728,0.802613,-0.40086,-0.107006,0.490761,0.864699
0.898672,-0.26929,0.346225,0.11413,0.905721,0.408221,-0.423513,-0.327342,0.84468
0.744071,0.667148,0.0356648,-0.535614,0.627577,-0.565035,-0.399345,0.401324,0.824296
0.895337,0.413189,-0.166271,-0.43326,0.721463,-0.540164,-0.103231,0.555667,0.824971
0.87272,0.247286,0.420963,-0.456985,0.717219,0.526082,-0.17183,-0.651496,0.738937
0.752701,-0.650852,-0.0991627,0.431664,0.601614,-0.672105,0.497099,0.463089,0.733785
0.874348,-0.433034,0.21908,0.485295,0.781995,-0.391118,-0.0019519,0.448292,0.893885
0.766517,0.344799,-0.541817,0.0519225,0.807624,0.587407,0.640122,-0.47839,0.601155
0.69854,-0.380873,-0.605786,0.522053,0.850244,0.0674169,0.489389,-0.363346,0.792766
0.947595,0.25652,-0.190423,-0.175621,0.916176,0.360248,0.266872,-0.307927,0.913214
0.799293,0.347633,0.490186,-0.240803,0.932623,-0.268753,-0.550586,0.0967737,0.82915
0.836287,0.482318,0.260756,-0.359982,0.841718,-0.402398,-0.413567,0.242652,0.877543
0.769365,0.574435,0.279467,-0.60049,0.799575,0.00963486,-0.21792,-0.175229,0.960107
0.910334,0.189238,0.368077,-0.309769,0.901331,0.302729,-0.274471,-0.389603,0.879133
0.941863,-0.189886,0.277196,0.0970911,0.943611,0.316498,-0.321664,-0.271184,0.907189
0.836406,-0.531273,-0.134811,0.54811,0.810721,0.205687,1.78965e-05,-0.24593,0.969288
0.601079,-0.58785,0.541422,0.35833,0.803785,0.474899,-0.714356,-0.0914441,0.693782
0.782195,-0.157777,0.602725,0.183887,0.982771,0.0186202,-0.595279,0.0962688,0.797732
0.751759,-0.659293,-0.0138371,0.472508,0.553177,-0.686099,0.459994,0.509243,0.727377
0.930332,0.313138,0.190859,-0.189698,0.856341,-0.480307,-0.313843,0.41064,0.856083
0.639681,0.505041,0.579432,-0.706529,0.683211,0.184497,-0.302696,-0.527405,0.793863
0.933541,-0.35064,0.0745099,0.301831,0.656741,-0.691078,0.193386,0.66764,0.718929
0.841731,-0.299432,-0.449254,0.462349,0.829456,0.313427,0.278787,-0.471534,0.836621
0.885408,-0.356227,0.298589,0.463383,0.726849,-0.506919,-0.0364508,0.587191,0.808627
0.811452,0.258723,-0.524031,-0.541756,0.669315,-0.508447,0.219195,0.696477,0.683281
0.70177,0.60149,0.381745,-0.583226,0.792793,-0.176993,-0.409104,-0.0984359,0.907163
0.938939,0.0713516,-0.336603,0.0812543,0.904616,0.418412,0.334351,-0.420214,0.843582
0.696305,-0.424326,-0.578884,0.31491,0.905367,-0.284854,0.644974,0.0160485,0.764036
0.830669,-0.403048,-0.384111,0.258241,0.890108,-0.375525,0.493255,0.212744,0.843469
0.779214,-0.354889,0.516604,-0.0144254,0.813875,0.580862,-0.626592,-0.460067,0.629063
0.888796,0.446209,0.104591,-0.432285,0.892015,-0.132059,-0.152222,0.0721604,0.985708
0.716054,0.59482,0.365315,-0.697927,0.619661,0.359052,-0.0127995,-0.512064,0.858852
0.790617,0.430239,0.435682,-0.398505,0.901769,-0.16735,-0.464885,-0.0413113,0.884407
0.897612,-0.109879,-0.426871,0.346305,0.774933,0.528727,0.2727,-0.622419,0.733641
0.953297,0.13269,-0.271327,0.0579838,0.80122,0.595554,0.296417,-0.583472,0.756107
0.526287,0.475987,0.704598,-0.691223,0.72208,0.0284999,-0.49521,-0.502033,0.709034
0.775163,-0.576169,-0.259134,0.330666,0.719528,-0.610688,0.538314,0.387696,0.748271
0.816479,0.393317,0.422687,-0.0771503,0.799839,-0.595236,-0.572198,0.453387,0.683396
0.881295,0.43375,-0.187564,-0.317547,0.837496,0.444706,0.349975,-0.332357,0.875817
0.619078,0.59446,-0.513186,-0.714546,0.697499,-0.0540246,0.325831,0.40014,0.856576
0.717928,0.531546,-0.449487,-0.1532,0.750521,0.642844,0.679051,-0.392654,0.620252
0.97906,0.185387,-0.0840982,-0.0851442,0.748167,0.658025,0.184909,-0.637086,0.748285
0.810214,0.366047,-0.45778,-0.56341,0.701733,-0.436051,0.161625,0.611212,0.774788
0.782805,-0.56447,-0.261896,0.273555,0.69019,-0.669929,0.558913,0.452781,0.694698
0.679395,0.275073,0.680263,-0.229542,0.960219,-0.159028,-0.696945,-0.0481062,0.715509
0.916435,0.173222,0.360752,-0.237698,0.960834,0.142472,-0.321943,-0.216316,0.921716
0.797492,0.603184,-0.0132423,-0.538622,0.701901,-0.466069,-0.271831,0.378819,0.884649
0.889933,0.451832,-0.0621873,-0.402112,0.841623,0.360523,0.215234,-0.295835,0.930675
0.996407,-0.0502546,-0.068173,0.0341495,0.974991,-0.219603,0.0775042,0.216486,0.973204
0.743743,0.274288,-0.609601,-0.315133,0.948112,0.0421231,0.589524,0.160776,0.791589
0.726921,0.662899,-0.179307,-0.676321,0.736347,-0.019562,0.119065,0.135489,0.983599
0.740087,0.555695,0.37878,-0.663965,0.693267,0.280233,-0.106871,-0.458893,0.88204
0.901299,-0.314458,-0.297953,0.0215913,0.719555,-0.6941,0.432659,0.619158,0.655324
0.885152,-0.190056,0.424718,0.237992,0.969269,-0.0622627,-0.399832,0.156191,0.903182
0.842328,0.132195,0.522502,-0.00193512,0.970189,-0.242341,-0.538962,0.20312,0.817473
0.9954,0.0418377,-0.0861862,-0.00412435,0.917486,0.397746,0.0957155,-0.395561,0.913439
0.828091,0.538396,0.156188,-0.50949,0.606582,0.61031,0.233848,-0.584968,0.776613
0.94634,0.0916801,0.309895,-0.0214614,0.974628,-0.222799,-0.322459,0.204193,0.924297
0.928974,-0.145869,-0.340191,-0.0684391,0.835537,-0.545155,0.363763,0.529717,0.766209
0.773478,-0.27053,-0.573189,0.46566,0.856056,0.224339,0.429992,-0.440433,0.788115
0.986145,-0.146731,-0.0773786,0.165872,0.866582,0.470662,-0.0020058,-0.476976,0.878914
0.864765,-0.482684,-0.138557,0.501383,0.814371,0.292258,-0.0282317,-0.322205,0.946249
0.799999,0.597978,0.0492358,-0.594552,0.779024,0.199071,0.0806844,-0.18853,0.978747
0.9307,-0.170164,0.323793,0.0879062,0.963313,0.253577,-0.355064,-0.207541,0.911513
0.889389,0.453523,-0.0574741,-0.457116,0.883814,-0.0995937,0.00562837,0.11485,0.993367
0.930873,-0.138733,-0.337977,-0.103759,0.786612,-0.608667,0.350299,0.60166,0.717841
0.943721,0.330635,-0.0084542,-0.324818,0.921698,-0.212052,-0.0623194,0.202864,0.977222
0.769728,-0.607154,0.197186,0.638079,0.722409,-0.266421,0.0193093,0.330892,0.943471
0.669186,0.650505,-0.359212,-0.464597,0.743526,0.480956,0.579948,-0.15496,0.79978
0.848968,0.0424304,-0.526739,-0.382142,0.737761,-0.556486,0.364995,0.673728,0.642549
0.929317,0.366805,0.0427018,-0.239867,0.687507,-0.685418,-0.280773,0.626728,0.726897
0.861291,0.507784,-0.0182419,-0.496573,0.848796,0.181551,0.107672,-0.14731,0.983212
0.939214,-0.333624,0.0810742,0.322335,0.775518,-0.542837,0.118229,0.535973,0.835916
0.683052,0.568067,-0.459064,-0.700787,0.686818,-0.192816,0.205761,0.453409,0.867227
0.911069,0.0235223,-0.411583,0.0638018,0.978297,0.19714,0.407288,-0.205868,0.889795
0.994752,0.0957199,-0.0361438,-0.0938843,0.713491,-0.694346,-0.0406744,0.694095,0.718733
0.800363,0.431548,-0.416156,-0.138132,0.808219,0.572453,0.583385,-0.400686,0.706479
0.947112,0.310142,0.0823993,-0.309651,0.815872,0.488333,0.0842257,-0.488022,0.868758
0.981278,0.139096,0.13321,-0.0546383,0.864299,-0.500002,-0.184682,0.483363,0.855718
0.813992,-0.00857447,-0.580813,0.0877558,0.99023,0.108368,0.57421,-0.139181,0.806791
0.9231,0.349908,-0.159535,-0.293436,0.909031,0.295902,0.248561,-0.226334,0.941802
0.958286,0.150821,0.242778,0.0293327,0.793051,-0.608448,-0.284302,0.590189,0.755546
0.68826,0.340218,-0.640742,-0.229908,0.939981,0.252149,0.68807,-0.026232,0.72517
0.712897,0.158955,0.683016,-0.0947103,0.986872,-0.130816,-0.694843,0.0285695,0.718593
0.746881,0.383616,-0.543146,-0.296966,0.92326,0.243727,0.594963,-0.0207395,0.803486
0.832207,-0.211302,0.512624,0.42189,0.841225,-0.338157,-0.359778,0.497687,0.789219
0.692368,-0.679707,0.242125,0.674903,0.728752,0.115872,-0.255209,0.0831848,0.963301
0.8161,-0.388471,0.427869,0.574245,0.628359,-0.524793,-0.0649883,0.673985,0.735881
0.509799,0.547119,0.663902,-0.657706,0.745321,-0.109175,-0.554552,-0.380995,0.739808
0.979198,0.154729,0.131262,-0.0364545,0.770538,-0.636351,-0.199604,0.618329,0.76015
0.832497,-0.335732,0.440719,0.394808,0.917572,-0.0467834,-0.388684,0.212946,0.896425
0.669658,-0.685001,-0.286935,0.556374,0.718642,-0.417134,0.491941,0.119694,0.862362
0.688677,-0.571821,-0.445808,0.458582,0.819761,-0.343066,0.561628,0.0318222,0.826778
0.888778,-0.284299,-0.359511,0.361267,0.917246,0.167767,0.282064,-0.278987,0.917936
0.879437,-0.263146,-0.396667,0.267629,0.962464,-0.0451399,0.393656,-0.0664621,0.916852
0.672234,-0.27906,-0.685731,0.276933,0.953781,-0.11666,0.686592,-0.111479,0.718445
0.829565,0.558336,0.00909785,-0.537771,0.803187,-0.256307,-0.150413,0.207731,0.966553
0.943435,0.26867,-0.194288,-0.302577,0.937258,-0.17319,0.135567,0.22218,0.965535
0.80157,0.448326,0.395587,-0.522688,0.846693,0.09954,-0.290314,-0.286557,0.913018
0.915113,0.298379,-0.271178,-0.398063,0.775578,-0.489924,0.0641362,0.556282,0.828515
0.925287,-0.349231,0.147926,0.353049,0.935605,0.000471859,-0.138565,0.0517887,0.988998
0.984308,-0.0442963,-0.170811,-0.071627,0.784357,-0.61616,0.161271,0.618726,0.768876
0.761908,0.554466,-0.334759,-0.638785,0.557897,-0.529815,-0.107003,0.61751,0.779251
0.685313,0.575621,-0.446102,-0.644233,0.764824,-0.00280816,0.339573,0.289318,0.894978
0.851768,0.304873,0.42608,-0.346585,0.937764,0.0218526,-0.392901,-0.166286,0.904421
0.998287,0.0386885,0.0438929,-0.0414928,0.99703,0.0648877,-0.0412522,-0.0665978,0.996927
0.856019,-0.230846,0.462539,0.484895,0.66871,-0.563652,-0.179188,0.70678,0.684364
0.675218,0.375611,0.63482,-0.648723,0.711999,0.26873,-0.351053,-0.593274,0.724422
0.726847,-0.208921,0.654252,0.0411308,0.964141,0.262183,-0.685567,-0.163657,0.709376
0.974813,0.169367,0.145103,-0.214336,0.89128,0.3996,-0.0616485,-0.420636,0.905133
0.847278,0.1721,-0.502495,-0.108876,0.982237,0.152826,0.51987,-0.0747768,0.850966
0.962626,0.180636,-0.201797,-0.248737,0.884431,-0.394856,0.10715,0.430293,0.896307
0.998841,-0.0451635,-0.0166551,0.0378963,0.951131,-0.306454,0.0296817,0.305467,0.95174
0.687128,-0.680316,0.255,0.595964,0.728528,0.337749,-0.415551,-0.080106,0.906036
0.943856,0.240903,0.226055,-0.330324,0.678572,0.656069,0.00465427,-0.693906,0.72005
0.783306,-0.248221,0.569927,0.129202,0.961806,0.241321,-0.608061,-0.115392,0.78546
0.86859,0.107898,-0.483642,-0.0246841,0.984216,0.175242,0.494916,-0.140275,0.857544
0.817269,-0.171533,-0.550134,-0.159749,0.849812,-0.502294,0.55367,0.498393,0.667123
0.975097,0.205466,-0.0834865,-0.221709,0.912609,-0.343496,0.00561379,0.353451,0.935436
0.869502,0.448027,0.207938,-0.493504,0.770547,0.403374,0.0204965,-0.453353,0.891095
0.882656,0.0914251,0.461042,-0.309974,0.850581,0.424768,-0.353319,-0.517835,0.77911
0.611471,0.502585,0.611156,-0.407796,0.862064,-0.300914,-0.67809,-0.0652267,0.732079
0.804293,-0.585443,0.10183,0.580753,0.810713,0.0739611,-0.125855,-0.000348043,0.992049
0.984825,-0.0718018,0.157999,0.0301304,0.967314,0.251785,-0.170913,-0.243204,0.954799
0.784041,-0.351402,-0.51166,0.108337,0.889135,-0.444638,0.611181,0.293182,0.735188
0.881407,0.457516,0.117475,-0.439972,0.704681,0.556641,0.171889,-0.542313,0.822405
0.901648,-0.0709363,-0.426613,0.0821281,0.996591,0.0078671,0.4246,-0.0421303,0.9044
0.956272,-0.279236,0.0870174,0.259078,0.946774,0.191046,-0.135733,-0.160147,0.977717
0.906034,0.402565,0.130553,-0.418599,0.807076,0.416416,0.0622683,-0.431937,0.899752
0.810284,-0.471016,-0.348689,0.580571,0.726253,0.368095,0.0798578,-0.5007,0.861929
0.911082,0.26559,0.315264,-0.290612,0.956227,0.0342815,-0.292359,-0.122853,0.948385
0.806765,0.486033,-0.336009,-0.376265,0.86105,0.342078,0.455582,-0.149548,0.877542
0.831955,-0.537443,0.137862,0.549903,0.831771,-0.0759157,-0.0738693,0.138969,0.987538
0.964359,0.188317,-0.185871,-0.2627,0.765381,-0.587521,0.0316223,0.61541,0.787573
0.810206,-0.00675649,-0.586107,0.326122,0.836066,0.441178,0.487043,-0.548587,0.679589
0.754366,0.157664,0.63724,-0.481403,0.792831,0.373726,-0.4463,-0.588695,0.673984
0.740779,-0.599453,-0.303155,0.297063,0.697098,-0.65254,0.602496,0.393331,0.694471
0.801562,-0.285908,0.525123,0.48697,0.821766,-0.295907,-0.346926,0.492907,0.797925
0.929786,0.366644,0.0327214,-0.363201,0.928232,-0.0804383,-0.0598653,0.062906,0.996222
0.841058,-0.103294,-0.530992,0.328976,0.876885,0.350496,0.429415,-0.469471,0.771492
0.725791,0.148743,0.671642,-0.221211,0.974952,0.0231305,-0.651378,-0.165363,0.740514
0.922291,0.210682,-0.324027,-0.313999,0.897268,-0.310346,0.225355,0.387973,0.893696
0.73119,0.21963,0.645851,-0.138429,0.974828,-0.174782,-0.66798,0.038394,0.743188
0.804877,0.511612,0.300708,-0.547712,0.83548,0.0445586,-0.228439,-0.200566,0.952675
0.663271,0.427527,-0.614241,-0.604764,0.789662,-0.103413,0.440831,0.440062,0.782313
0.971652,-0.226004,0.0693838,0.219714,0.754904,-0.617937,0.0872779,0.615664,0.78316
0.82959,0.495396,0.25761,-0.557767,0.756696,0.341037,-0.0259841,-0.426607,0.904064
0.909694,-0.393101,0.133894,0.389457,0.695654,-0.603646,0.14415,0.601279,0.785929
0.82003,-0.243874,-0.517761,0.284235,0.958754,-0.00141791,0.496751,-0.146003,0.855524
0.791387,0.51191,-0.334146,-0.572243,0.812625,-0.110356,0.215043,0.278547,0.936038
0.789417,-0.226417,0.570575,0.214028,0.972685,0.0898647,-0.575337,0.0511785,0.816314
0.769565,-0.0892162,0.632305,0.248904,0.953783,-0.168361,-0.588061,0.286948,0.756204
0.644535,0.475202,-0.598963,-0.364429,0.87962,0.305711,0.672135,0.0212382,0.740124
0.744735,-0.0270673,0.666811,-0.189101,0.949666,0.249749,-0.640008,-0.312092,0.702131
0.588842,-0.531401,-0.608997,0.65777,0.752926,-0.0209893,0.469684,-0.388221,0.792895
0.797955,0.546892,-0.25333,-0.602716,0.72408,-0.335322,4.62565e-05,0.420259,0.907404
0.819517,0.379075,0.429761,-0.468976,0.874629,0.122821,-0.329323,-0.302201,0.894551
0.860249,-0.246164,-0.446515,0.329426,0.936749,0.118237,0.389167,-0.248807,0.88693
0.810309,-0.496189,0.311762,0.51797,0.855268,0.0149455,-0.274056,0.149373,0.950043
0.819056,-0.335132,0.465654,0.219289,0.932895,0.285691,-0.530151,-0.131884,0.837584
0.860224,0.507696,-0.0475273,-0.479053,0.836574,0.265804,0.174708,-0.205883,0.962855
0.929554,0.318415,-0.185851,-0.227965,0.892573,0.389032,0.289759,-0.319259,0.902282
0.964884,0.200559,0.169631,-0.25733,0.851345,0.457157,-0.0527273,-0.484755,0.873059
0.910003,-0.0957141,0.403402,0.150399,0.98292,-0.106058,-0.386361,0.157185,0.908856
0.632742,0.541786,0.553268,-0.580999,0.804503,-0.12335,-0.511935,-0.2434,0.82382
0.937114,-0.15123,-0.314559,0.285333,0.850985,0.440919,0.201005,-0.502945,0.840621
0.936207,0.228838,-0.266739,-0.342806,0.761885,-0.549559,0.0774642,0.605941,0.791729
0.763779,-0.173334,0.621769,-0.207043,0.846583,0.490338,-0.611371,-0.503243,0.610715
0.803766,0.527161,0.275792,-0.484994,0.849061,-0.209467,-0.344587,0.034605,0.938116
0.744855,0.599467,-0.292969,-0.644152,0.531596,-0.549977,-0.173952,0.598369,0.782109
0.94234,0.299254,-0.149808,-0.330639,0.763381,-0.554912,-0.0516992,0.572448,0.818309
0.98859,-0.105704,-0.107315,0.148654,0.799686,0.581725,0.0243279,-0.59104,0.806275
0.844234,0.479718,0.239039,-0.459391,0.877395,-0.138339,-0.276095,0.00697829,0.961105
0.768172,0.630094,0.113547,-0.577323,0.605029,0.548304,0.276784,-0.486746,0.828535
0.929499,-0.272516,0.248529,0.338864,0.897028,-0.283747,-0.145612,0.34796,0.926132
0.665575,0.243729,0.705412,-0.41922,0.904066,0.0831792,-0.617466,-0.351085,0.7039
0.961991,0.124425,-0.243087,-0.165746,0.973488,-0.157638,0.217029,0.191937,0.95711
0.739469,-0.556414,0.378932,0.400466,0.816046,0.416769,-0.541122,-0.156439,0.826265
0.901798,-0.392406,-0.181046,0.339314,0.90237,-0.265695,0.267631,0.178172,0.946905
0.787023,-0.423149,0.448932,0.616534,0.565359,-0.547955,-0.0219409,0.708035,0.705836
0.858166,0.323532,0.398595,-0.444649,0.856494,0.262118,-0.256591,-0.402176,0.878872
0.864855,0.500741,0.0358433,-0.411339,0.665892,0.622405,0.287796,-0.553034,0.781874
0.758723,0.365958,-0.538901,-0.0435136,0.853904,0.518608,0.649959,-0.37003,0.6638
0.965092,-0.1167,0.234474,0.132302,0.98985,-0.0518934,-0.226038,0.0811033,0.970736
0.896588,0.142806,0.419208,-0.380098,0.733921,0.562926,-0.227277,-0.664053,0.712305
0.921535,-0.268067,0.280915,0.119078,0.883701,0.452651,-0.369586,-0.383683,0.846282
0.716002,0.663659,-0.216561,-0.696442,0.700424,-0.156126,0.0480699,0.262608,0.963704
0.822193,0.569206,-0.00193009,-0.519076,0.751165,0.407813,0.233579,-0.334299,0.913063
0.830845,-0.556377,0.0118502,0.422131,0.616212,-0.664898,0.362632,0.557429,0.746841
0.8812,0.472242,-0.0217575,-0.362191,0.703992,0.610911,0.303815,-0.530455,0.7914
0.918511,-0.00352134,0.395381,0.0193337,0.999164,-0.0360155,-0.394923,0.0407248,0.917811
0.638442,0.693543,0.333751,-0.638455,0.719391,-0.273592,-0.429845,-0.0384124,0.902085
0.952119,-0.242312,0.186426,0.266544,0.956576,-0.117965,-0.149746,0.162008,0.975361
0.90139,-0.383109,-0.201802,0.385551,0.922241,-0.0286763,0.197096,-0.0519566,0.979006
0.72084,-0.692949,-0.0145148,0.63047,0.64686,0.429046,-0.287918,-0.318425,0.903166
0.912811,-0.112209,-0.392664,0.000778823,0.961988,-0.273091,0.408382,0.248975,0.8782
0.694806,-0.653888,0.299458,0.443103,0.717168,0.537893,-0.566484,-0.241041,0.788033
0.815246,0.503987,-0.285256,-0.343113,0.817165,0.463158,0.466527,-0.279713,0.839115
0.808447,0.581878,-0.0884917,-0.553661,0.700844,-0.449753,-0.199683,0.412596,0.888758
0.597646,-0.736661,0.316464,0.507554,0.653171,0.561922,-0.620651,-0.175209,0.76426
0.703184,-0.680441,-0.206236,0.659696,0.732579,-0.167718,0.265206,-0.0181162,0.964021
0.787454,-0.546309,0.285417,0.387441,0.798854,0.460132,-0.47938,-0.251751,0.840724
0.813586,0.580828,0.0267818,-0.51829,0.70357,0.486173,0.26354,-0.409424,0.873452
0.776508,0.597336,-0.200563,-0.570977,0.801664,0.176973,0.266497,-0.0229036,0.963564
0.879719,-0.0859282,-0.467664,-0.266061,0.726196,-0.633917,0.394087,0.682096,0.615987
0.890731,-0.255459,0.375952,-0.0676954,0.743336,0.665484,-0.449462,-0.618217,0.644819
0.887137,0.398415,0.232924,-0.378733,0.916905,-0.12588,-0.263722,0.0234566,0.964313
0.759131,0.303703,-0.575748,0.0546982,0.851599,0.521333,0.648636,-0.427252,0.629863
0.974952,-0.160752,-0.153711,0.140906,0.981137,-0.132349,0.172087,0.107375,0.979212
0.794226,-0.230555,0.562182,-0.149934,0.822245,0.54903,-0.588833,-0.520344,0.61848
0.879674,0.00103968,0.475576,-0.079884,0.986112,0.145606,-0.46882,-0.166077,0.867541
0.867499,-0.112395,0.484575,0.35643,0.819964,-0.447904,-0.346992,0.561273,0.751379
0.71399,-0.0328475,-0.699385,0.38351,0.854069,0.351407,0.58578,-0.519122,0.622394
0.978769,0.111761,0.171818,0.0335514,0.739601,-0.672209,-0.202203,0.663702,0.720148
0.943619,0.321073,-0.0805985,-0.326284,0.943188,-0.0627242,0.0558805,0.0854858,0.994771
0.796286,-0.0723087,0.600584,0.414326,0.788582,-0.454392,-0.440753,0.610663,0.657896
0.68504,0.37793,0.622807,-0.565928,0.814414,0.128278,-0.458743,-0.44034,0.771787
0.784337,-0.564766,-0.256623,0.585752,0.810463,0.00664352,0.204232,-0.155528,0.966489
0.95261,0.0142833,-0.303858,0.10764,0.918441,0.380631,0.284512,-0.395301,0.873379
0.999255,-0.0155485,0.0353114,0.0275337,0.928496,-0.37032,-0.0270286,0.371017,0.928233
0.724915,-0.586304,0.361588,0.658928,0.743222,-0.115913,-0.200779,0.322287,0.925105
0.949787,0.126882,-0.286018,-0.218592,0.923104,-0.316381,0.223881,0.363016,0.904487
0.697478,-0.577575,-0.424185,0.209543,0.730444,-0.650033,0.685286,0.364498,0.630495
0.878002,0.219025,-0.425605,-0.440903,0.716193,-0.540992,0.186325,0.662643,0.725388
0.704428,0.573181,0.418624,-0.217721,0.73586,-0.641177,-0.675558,0.360519,0.643154
0.878522,-0.403181,0.256211,0.476525,0.70204,-0.52921,0.033497,0.587014,0.808884
0.900048,0.171667,0.400554,-0.35512,0.82167,0.445812,-0.252592,-0.543497,0.800505
0.706018,-0.296772,0.643013,0.0303092,0.919792,0.391235,-0.707545,-0.25673,0.658384
0.874979,-0.400421,0.272168,0.4544,0.873211,-0.176136,-0.167132,0.277788,0.945992
0.948647,0.225427,0.221926,-0.0437236,0.788257,-0.613791,-0.313299,0.572568,0.757634
0.771576,-0.622044,0.133165,0.418759,0.654243,0.629768,-0.478866,-0.430149,0.765284
0.902588,-0.238116,-0.358657,0.33465,0.912162,0.23658,0.27082,-0.333559,0.902992
0.734568,-0.6198,-0.276149,0.278489,0.64651,-0.710259,0.618752,0.444829,0.647513
0.80658,0.586602,0.0729901,-0.586638,0.809517,-0.0232022,-0.0726972,-0.0241044,0.997063
0.815914,-0.177237,0.550338,0.259059,0.963028,-0.0739294,-0.516888,0.20289,0.831663
0.912986,-0.0193168,-0.407533,0.180169,0.915294,0.360243,0.366054,-0.402322,0.839131
0.776869,-0.526953,-0.344667,0.620751,0.732713,0.278928,0.10556,-0.430643,0.896328
0.651545,-0.669515,-0.356705,0.560477,0.741715,-0.368408,0.511228,0.0401097,0.858509
0.820241,-0.0950649,-0.564063,0.310476,0.902189,0.299431,0.480426,-0.420734,0.769528
0.708714,0.70195,-0.0706469,-0.699605,0.712178,0.0579363,0.0909815,0.00836459,0.995817
0.827462,-0.390872,0.403145,0.203862,0.878079,0.432917,-0.523209,-0.276036,0.806261
0.663485,-0.484449,0.570173,0.557042,0.828606,0.0558214,-0.499492,0.280574,0.819626
0.793202,0.542259,-0.277103,-0.484899,0.837698,0.251265,0.36838,-0.0649369,0.927405
0.970523,-0.0221965,-0.239985,-0.132384,0.782983,-0.607792,0.201395,0.621646,0.756965
0.804255,0.434796,0.405125,-0.565049,0.770652,0.294643,-0.184101,-0.465884,0.865482
0.966363,-0.212813,0.144408,0.256204,0.747658,-0.612672,0.0224165,0.629061,0.777033
0.827163,0.559583,-0.0516625,-0.53413,0.81144,0.237214,0.174662,-0.16862,0.970083
0.691917,-0.622173,-0.366267,0.278974,0.698308,-0.659195,0.665901,0.353929,0.656742
0.894137,0.441829,-0.0728445,-0.446769,0.869212,-0.21182,-0.0302711,0.221941,0.97459
0.845985,0.528713,0.0690718,-0.52979,0.848123,-0.00317899,-0.0602622,-0.0339042,0.997607
0.908256,0.417146,0.0325683,-0.342893,0.697454,0.629272,0.239783,-0.582707,0.776503
0.837298,-0.5379,0.0979596,0.402376,0.727538,0.555681,-0.37017,-0.425854,0.825604
0.892873,-0.334123,0.301895,0.36828,0.927606,-0.062581,-0.25913,0.167059,0.951285
0.757321,0.331522,-0.562634,-0.320472,0.939352,0.122131,0.569001,0.087816,0.817635
0.977531,-0.209788,-0.0205517,0.19185,0.925844,-0.325587,0.0873319,0.314328,0.945289
0.922445,0.360184,0.139151,-0.334569,0.925476,-0.177645,-0.192766,0.117312,0.974207
0.82597,0.361197,0.432793,-0.346476,0.9309,-0.115667,-0.444666,-0.054415,0.894042
0.820411,0.435431,-0.370576,-0.081133,0.73021,0.678388,0.565989,-0.526491,0.6344
0.825371,-0.3123,-0.470353,0.104393,0.903137,-0.416468,0.554856,0.294639,0.778025
0.997221,-0.0178315,0.0723347,0.0350936,0.968897,-0.244962,-0.0657168,0.24682,0.96683
0.901361,-0.43305,0.00411798,0.327941,0.688734,0.646607,-0.282849,-0.581476,0.762812
0.760103,0.291631,-0.580685,-0.139948,0.946131,0.291977,0.634554,-0.140667,0.75997
0.794352,0.0748568,0.602828,0.304175,0.809987,-0.501396,-0.525816,0.58165,0.620645
0.703422,0.69872,0.130339,-0.550576,0.651615,-0.521789,-0.449515,0.295277,0.843059
0.737606,-0.0143054,-0.67508,0.279513,0.916563,0.285979,0.614662,-0.399633,0.680061
0.753255,0.656921,0.0325759,-0.641747,0.744903,-0.182432,-0.144109,0.116513,0.982679
0.955065,0.24339,-0.169149,-0.293093,0.860486,-0.416727,0.0441234,0.447578,0.893156
0.798464,-0.166017,0.578699,-0.0349388,0.946829,0.319833,-0.601027,-0.275594,0.750209
0.824812,-0.548681,0.13651,0.546374,0.711349,-0.442106,0.145469,0.439239,0.886514
0.805042,0.0577249,0.590403,-0.425034,0.750417,0.506183,-0.413829,-0.658439,0.628652
0.818473,0.177822,-0.546334,-0.0780156,0.976489,0.200954,0.569223,-0.121853,0.813103
0.707931,0.613776,-0.349447,-0.69647,0.688847,-0.201047,0.117318,0.385707,0.915132
0.872531,-0.451132,-0.187536,0.472639,0.682245,0.557811,-0.123701,-0.575345,0.808503
0.716871,0.532036,-0.450592,-0.355077,0.83479,0.420767,0.600014,-0.141641,0.787351
0.980497,-0.109282,0.163348,0.0288217,0.902118,0.430525,-0.194408,-0.417421,0.887674
0.908896,-0.345617,-0.23336,0.181944,0.832164,-0.523832,0.375239,0.433651,0.819233
0.891755,-0.305418,-0.333906,0.256077,0.948963,-0.184101,0.373092,0.0786669,0.924453
0.864371,-0.302061,0.402022,0.497331,0.631693,-0.594665,-0.0743292,0.713949,0.696241
0.845786,0.310385,-0.433945,0.00579172,0.807968,0.589198,0.533491,-0.500849,0.68157
0.618678,0.573596,0.536867,-0.32222,0.808483,-0.492473,-0.716528,0.131693,0.685014
0.867386,0.472716,-0.155505,-0.451498,0.878962,0.153545,0.209266,-0.0629726,0.975829
0.816922,0.356003,0.453761,-0.00585305,0.791836,-0.610706,-0.576718,0.496243,0.648952
0.748694,-0.662811,-0.0118192,0.662882,0.748716,0.00328831,0.00666973,-0.0102967,0.999925
0.686515,0.278944,0.671482,-0.397438,0.917281,0.0252826,-0.608885,-0.284229,0.74059
0.80911,0.51512,-0.282829,-0.578398,0.612965,-0.538265,-0.103907,0.599103,0.793901
0.92116,-0.252617,-0.296057,0.378661,0.757459,0.531858,0.0898942,-0.602031,0.793396
0.906599,-0.169685,0.386374,0.259494,0.946193,-0.193342,-0.332777,0.275545,0.901851
0.929655,0.160533,0.331619,-0.121232,0.983247,-0.136118,-0.347915,0.0863396,0.933542
0.985594,-0.164617,0.0387966,0.100989,0.756833,0.645759,-0.135665,-0.632539,0.762555
0.701067,0.435889,-0.564364,-0.421363,0.891703,0.165284,0.57529,0.121927,0.808811
0.802411,-0.441774,-0.401213,0.587131,0.704767,0.398223,0.106837,-0.555103,0.824892
0.721427,0.596719,-0.351381,-0.503574,0.80037,0.325301,0.475348,-0.0577352,0.877901
0.982641,0.101115,-0.155541,-0.149678,0.927453,-0.342677,0.109608,0.360009,0.926488
0.889986,-0.387497,0.240355,0.376335,0.921837,0.092678,-0.25748,0.0079718,0.966251
0.998267,-0.0289047,-0.0512689,-0.00588246,0.817735,-0.575565,0.0585609,0.574869,0.816147
0.86397,-0.488907,0.120523,0.451021,0.857792,0.24652,-0.223909,-0.158628,0.961614
0.754463,0.0954275,-0.649368,0.0287783,0.983613,0.177982,0.655711,-0.152968,0.739353
0.68791,0.564315,0.45643,-0.689603,0.704296,0.168569,-0.226336,-0.430715,0.873645
0.992176,0.000282298,-0.12485,-0.081079,0.761894,-0.642607,0.0949412,0.647701,0.755956
0.96456,-0.0593711,0.257098,0.10839,0.977508,-0.180915,-0.240574,0.20237,0.9493
0.708164,0.654178,-0.265622,-0.680889,0.732292,-0.0117866,0.186802,0.189206,0.964005
0.608042,-0.369727,0.702558,0.528089,0.849128,-0.0101847,-0.592796,0.377206,0.711554
0.72542,-0.647086,-0.234619,0.64459,0.758204,-0.0981376,0.241392,-0.080042,0.967121
0.830603,-0.556567,-0.0181999,0.446875,0.646689,0.618139,-0.332266,-0.521561,0.785858
0.978565,0.0930961,0.183696,0.0103987,0.868516,-0.495552,-0.205677,0.48684,0.848931
0.840687,-0.0977257,-0.53263,0.148139,0.987566,0.0526223,0.520864,-0.123142,0.844711
0.900809,0.168341,0.400256,-0.0618572,0.96214,-0.265445,-0.429787,0.214356,0.877117
0.709013,0.292162,0.641827,-0.637578,0.654469,0.406403,-0.301321,-0.69736,0.650303
0.863907,0.460462,0.20406,-0.503472,0.800358,0.325487,-0.0134464,-0.383929,0.923265
0.824055,-0.336686,-0.455605,0.556347,0.632614,0.538774,0.106824,-0.697454,0.708623
0.906164,-0.254337,0.337904,0.408539,0.733024,-0.543848,-0.109371,0.630863,0.768147
0.89436,0.292672,-0.338325,-0.241362,0.952463,0.185901,0.37665,-0.0846038,0.922484
0.800816,-0.282904,-0.527882,0.500818,0.799685,0.331189,0.328444,-0.529594,0.782084
0.676628,-0.55009,-0.489464,0.248533,0.796348,-0.551418,0.693113,0.251457,0.675547
0.656163,0.341591,0.672879,-0.617593,0.755471,0.218731,-0.433624,-0.559088,0.706676
0.79564,0.502425,0.338416,-0.34115,0.833277,-0.435047,-0.500573,0.230691,0.834391
0.925112,-0.36335,0.110206,0.204967,0.722222,0.660593,-0.319619,-0.588534,0.742611
0.557425,-0.708156,-0.43335,0.534237,0.705498,-0.465687,0.635506,0.0280742,0.771585
0.840989,0.131362,0.524863,-0.203075,0.975793,0.0811668,-0.501495,-0.174847,0.847308
0.63587,0.73151,-0.246094,-0.513359,0.638966,0.572874,0.576309,-0.237939,0.781827
0.974363,0.0710334,0.213472,0.0138423,0.928123,-0.372017,-0.224554,0.365435,0.903346
0.595984,-0.458561,0.659185,0.672944,0.733115,-0.0984332,-0.43812,0.502259,0.745511
0.890229,0.195828,-0.41127,-0.294204,0.936479,-0.190922,0.347758,0.290961,0.891294
0.721857,0.0331716,0.691247,-0.325692,0.897603,0.297041,-0.610612,-0.439555,0.658745
0.955881,-0.0825387,-0.28192,0.206702,0.870906,0.445866,0.208725,-0.484469,0.849543
0.74006,-0.672301,0.0179682,0.619294,0.691643,0.371625,-0.262271,-0.263897,0.928209
0.928537,-0.364642,0.0696764,0.369024,0.886122,-0.280373,0.0404941,0.286049,0.957359
0.984064,0.0308552,0.175115,0.081159,0.798321,-0.596738,-0.158211,0.601441,0.783095
0.946137,0.322632,-0.0270717,-0.262346,0.714967,-0.648072,-0.189733,0.620267,0.761098
0.917247,0.395151,-0.0501353,-0.38949,0.916137,0.0948227,0.0834001,-0.0674487,0.994231
0.834989,0.365246,0.411568,-0.542509,0.671567,0.50466,-0.0920703,-0.644665,0.758901
0.804267,0.544112,0.238948,-0.52078,0.839009,-0.157644,-0.286256,0.00234877,0.95815
0.9997,0.0185395,-0.0159912,-0.0240206,0.869081,-0.494087,0.00473751,0.494323,0.869265
0.807401,0.052582,0.587655,-0.353428,0.840646,0.410369,-0.472432,-0.539026,0.697323
0.965347,-0.248256,-0.0804627,0.252969,0.8144,0.522264,-0.0641265,-0.524521,0.848979
0.805922,-0.430458,-0.406443,0.471405,0.881917,0.000708193,0.358144,-0.19217,0.913676
0.833638,0.528816,-0.159376,-0.297581,0.673147,0.676993,0.465288,-0.51694,0.718526
0.953866,0.190629,-0.231951,-0.00357053,0.779715,0.626125,0.300213,-0.596411,0.744424
0.749677,-0.070904,0.657994,-0.232499,0.902653,0.362162,-0.61962,-0.424488,0.660214
0.759369,0.585452,0.283909,-0.557006,0.810451,-0.181421,-0.336308,-0.0203732,0.941532
0.89056,-0.432261,-0.141613,0.452211,0.874953,0.173096,0.0490823,-0.218191,0.974671
0.753023,-0.626249,-0.201913,0.656584,0.695073,0.292866,-0.0430633,-0.353108,0.934591
0.740286,0.651882,-0.164397,-0.613842,0.555677,-0.560733,-0.27418,0.516016,0.811512
0.944351,0.0124765,-0.328702,0.0975609,0.943693,0.316109,0.314138,-0.330586,0.889961
0.891375,0.444721,0.0875984,-0.45109,0.889287,0.075412,-0.0443628,-0.106735,0.993297
0.734534,0.541487,0.408964,-0.28616,0.793654,-0.536866,-0.615282,0.277317,0.737918
0.915501,-0.224501,0.333852,-0.0397706,0.77526,0.630389,-0.400345,-0.5904,0.700823
0.896841,0.390117,-0.208529,-0.391238,0.919521,0.0376113,0.206419,0.0478528,0.977293
0.82911,0.557526,-0.0417275,-0.557804,0.819853,-0.129211,-0.0378283,0.130406,0.990739
0.981013,-0.157452,-0.113236,0.193666,0.764184,0.615237,-0.0103371,-0.625486,0.780167
0.762445,-0.629442,-0.149938,0.496201,0.717499,-0.488855,0.415286,0.298326,0.859383
0.750307,-0.0424897,0.659723,-0.341288,0.829771,0.441591,-0.566182,-0.556485,0.608082
0.744436,-0.541568,-0.390538,0.362778,0.819109,-0.444356,0.560542,0.189116,0.806243
0.859127,-0.142183,-0.491615,0.0520492,0.979925,-0.192452,0.509109,0.139752,0.849281
0.776652,-0.158467,0.609672,0.266765,0.95951,-0.0904301,-0.570656,0.232872,0.787478
0.623734,0.599959,0.501004,-0.290206,0.772905,-0.564268,-0.725766,0.206559,0.656199
0.739278,0.55141,-0.386542,-0.58925,0.807563,0.0250402,0.325964,0.209258,0.921932
0.576866,0.621797,-0.529711,-0.678978,0.725529,0.112234,0.454108,0.294918,0.840719
0.733903,0.630706,0.252184,-0.67915,0.674822,0.288739,0.0119294,-0.383177,0.923598
0.994114,-0.106667,-0.0189574,0.0993636,0.967428,-0.23283,0.0431752,0.229576,0.972333
0.926126,-0.370828,0.0691158,0.362517,0.824328,-0.434816,0.104268,0.42775,0.897863
0.70989,-0.666482,0.227723,0.429815,0.666089,0.609577,-0.557956,-0.334854,0.759314
0.909962,0.310683,0.274674,-0.408269,0.787295,0.462042,-0.0727009,-0.532581,0.843251
0.668068,-0.675005,0.313135,0.414918,0.687256,0.596257,-0.61768,-0.268414,0.739205
0.656906,0.411994,-0.631455,-0.662736,0.71487,-0.223029,0.359522,0.564997,0.742645
0.704771,-0.514109,0.488865,0.66167,0.724917,-0.191544,-0.255912,0.458462,0.851071
0.867636,-0.38943,0.309113,0.194307,0.837847,0.510154,-0.457659,-0.382566,0.802615
0.781389,-0.309781,0.541725,0.587885,0.656616,-0.47249,-0.209337,0.687671,0.695189
0.835497,-0.0484863,-0.547351,0.351131,0.81331,0.463934,0.422671,-0.579807,0.696543
0.975931,0.124923,-0.178755,-0.0914616,0.978563,0.184523,0.197975,-0.163733,0.966436
0.576391,-0.542643,-0.610992,0.586151,0.795515,-0.153568,0.569386,-0.269619,0.776599
0.95919,-0.211826,0.187307,0.272737,0.867904,-0.415159,-0.074623,0.449302,0.890258
0.727953,0.04442,-0.684187,0.310981,0.867956,0.387225,0.611045,-0.494651,0.618017
0.777433,0.0432238,0.627478,-0.336652,0.871295,0.357086,-0.531284,-0.488853,0.691925
0.989474,-0.070505,-0.12637,-0.0341884,0.734658,-0.677576,0.140611,0.674765,0.724514
0.880472,-0.448517,0.153627,0.473701,0.819022,-0.323744,0.0193805,0.357821,0.933589
0.720155,-0.308652,0.621379,0.615135,0.698288,-0.366065,-0.320914,0.645855,0.692737
0.674512,0.250633,0.694418,-0.512548,0.835958,0.196137,-0.531346,-0.488219,0.692325
0.909657,0.415222,0.010762,-0.399934,0.868581,0.29261,0.11215,-0.270478,0.956171
0.673729,0.611842,0.414413,-0.537239,0.790595,-0.293826,-0.507408,-0.02468,0.861352
0.960443,0.277787,-0.0195928,-0.258527,0.915576,0.308034,0.103507,-0.290784,0.951174
0.987203,0.0269836,0.157171,0.0502908,0.882609,-0.46741,-0.151333,0.469333,0.869957
0.788057,-0.491552,-0.370598,0.528034,0.849216,-0.00354325,0.316459,-0.192896,0.928787
0.919973,-0.365444,-0.141779,0.385438,0.909186,0.157541,0.0713305,-0.19958,0.977282
0.903794,0.40332,0.143141,-0.334427,0.874283,-0.351836,-0.267048,0.270117,0.925053
0.936849,-0.281717,0.207241,0.34404,0.848851,-0.401358,-0.0628478,0.447311,0.892167
0.972366,-0.099267,0.211306,0.0547882,0.976851,0.206784,-0.226942,-0.189493,0.955296
0.930766,-0.365615,0.000587299,0.354613,0.903145,0.242032,-0.0890212,-0.225067,0.970268
0.83919,0.529315,-0.124838,-0.490841,0.836027,0.245223,0.234168,-0.144513,0.961396
0.834538,-0.547653,0.060186,0.35071,0.6123,0.708584,-0.42491,-0.570233,0.703055
0.710207,-0.0543095,-0.701895,0.472147,0.776291,0.417672,0.522191,-0.628031,0.576969
0.901778,-0.141961,0.408219,0.136149,0.989736,0.0434268,-0.410194,0.0164174,0.91185
0.670906,0.530995,-0.51762,-0.461704,0.845341,0.268753,0.580271,0.0586792,0.812307
0.932223,0.0641705,-0.356149,-0.139055,0.972116,-0.188822,0.334102,0.225548,0.915152
0.796735,0.142968,0.587175,-0.432123,0.81401,0.388147,-0.422473,-0.562982,0.710329
0.643614,-0.68165,0.348015,0.445564,0.703428,0.553771,-0.622281,-0.201352,0.756455
0.598591,0.548321,0.58398,-0.656195,0.753773,-0.0351325,-0.459452,-0.362175,0.811008
0.837466,-0.423095,-0.345893,0.525829,0.796248,0.299154,0.148846,-0.432412,0.889306
0.780772,-0.436061,-0.447488,0.0763863,0.777436,-0.624306,0.620129,0.453259,0.64031
0.858384,0.128238,-0.496722,0.0117187,0.963099,0.268893,0.512875,-0.236634,0.825205
0.841875,-0.277398,-0.462923,0.299335,0.953762,-0.0271509,0.44905,-0.115711,0.885983
0.815416,0.481232,0.321733,-0.362101,0.857657,-0.365113,-0.45164,0.181219,0.873602
0.866632,0.474551,-0.154112,-0.31511,0.76004,0.568371,0.386852,-0.444006,0.808211
0.911918,-0.310132,-0.268744,0.401889,0.807386,0.431988,0.0830067,-0.501943,0.860908
0.983334,-0.0367107,0.178063,-0.0667889,0.83798,0.541599,-0.169096,-0.544465,0.821562
0.877554,-0.476866,0.0499837,0.468077,0.874618,0.126284,-0.103937,-0.0874245,0.990734
0.813595,-0.546556,0.198342,0.5479,0.606516,-0.576146,0.194599,0.577421,0.792916
0.782007,0.407834,0.471313,-0.0987235,0.8277,-0.552419,-0.615401,0.385466,0.68753
0.810753,0.58297,-0.0531455,-0.581084,0.790481,-0.193599,-0.070852,0.187843,0.97964
0.754925,-0.577707,0.310391,0.503892,0.813887,0.289276,-0.41974,-0.0619779,0.905526
0.818725,0.560261,-0.125684,-0.395184,0.708623,0.584537,0.416556,-0.428907,0.801574
0.966687,-0.230465,0.111368,0.255599,0.845977,-0.467965,0.0136352,0.480841,0.876702
0.898362,-0.320885,-0.299965,0.291972,0.946419,-0.138,0.328174,0.0363929,0.943916
0.651891,0.196071,-0.732526,-0.548151,0.789341,-0.276534,0.523993,0.581804,0.622041
0.763552,0.00730492,0.645705,0.306347,0.876151,-0.37217,-0.568454,0.481981,0.666749
0.852843,0.51132,-0.105883,-0.498018,0.857455,0.129415,0.156962,-0.057639,0.985921
0.731849,0.634561,0.248454,-0.609117,0.772606,-0.179043,-0.30557,-0.0203051,0.951953
0.728084,0.682515,-0.0637695,-0.673122,0.694259,-0.254778,-0.129618,0.228425,0.964895
0.714914,0.662169,-0.224565,-0.672509,0.739093,0.0383809,0.191389,0.123583,0.973703
0.732536,-0.582192,-0.352766,0.679917,0.651046,0.337419,0.0332241,-0.487023,0.872757
0.801953,0.33316,-0.495858,-0.539591,0.760155,-0.361946,0.256343,0.557825,0.789379
0.939585,-0.342137,-0.0110129,0.262702,0.700065,0.664,-0.21947,-0.626778,0.747651
0.766994,0.416587,0.488033,-0.578511,0.777977,0.245105,-0.277571,-0.470326,0.837704
0.998103,0.0379469,-0.0484871,-0.0511799,0.949117,-0.310737,0.0342284,0.312629,0.949258
0.987153,0.148278,-0.059516,-0.104781,0.881997,0.459459,0.12062,-0.447321,0.886203
0.787686,-0.477017,-0.38988,0.368165,0.871879,-0.322927,0.49397,0.110825,0.862387
0.723742,-0.660476,0.199921,0.685232,0.722095,-0.0950569,-0.0815795,0.205789,0.97519
0.913434,-0.162027,0.373344,-0.0570933,0.857251,0.511723,-0.402962,-0.488741,0.773792
0.975423,0.0341151,0.217685,0.0800141,0.865659,-0.494198,-0.205301,0.49947,0.841654
0.661778,0.250778,0.706513,-0.584558,0.762662,0.276837,-0.469406,-0.596202,0.651307
0.961494,-0.179251,0.208324,-0.0190419,0.712747,0.701163,-0.274167,-0.678131,0.681888
0.598061,0.527801,-0.603115,-0.40474,0.848421,0.341125,0.691742,0.0400913,0.721031
0.833959,0.0189058,0.551502,-0.250131,0.903796,0.347256,-0.491881,-0.427545,0.758458
0.88768,0.243599,-0.390747,-0.190822,0.966916,0.169295,0.41906,-0.0757169,0.904796
0.749802,-0.522144,-0.406403,0.6176,0.772688,0.146709,0.237419,-0.360997,0.901839
0.903701,-0.233311,-0.359013,0.17581,0.966748,-0.185713,0.390404,0.104711,0.91467
0.913479,-0.406004,-0.0267826,0.360101,0.837335,-0.411336,0.18943,0.366103,0.91109
0.930744,-0.308628,-0.196124,0.316383,0.948591,0.00871983,0.183351,-0.0701664,0.98054
0.955351,-0.284881,0.0784048,0.262495,0.696472,-0.667849,0.135651,0.658611,0.740155
0.8019,-0.360942,-0.476105,-0.0726466,0.732066,-0.677349,0.593025,0.577754,0.560823
0.766804,-0.535439,0.354,0.63752,0.699483,-0.322944,-0.0747,0.473316,0.87772
0.983549,-0.133492,-0.121702,0.085159,0.936804,-0.339332,0.159309,0.323386,0.932761
0.745914,0.599857,-0.289455,-0.472569,0.782898,0.40466,0.469352,-0.165054,0.867448
0.756417,0.651485,-0.0583204,-0.648125,0.758548,0.0673732,0.0881314,-0.0131633,0.996022
0.98454,-0.127115,0.120511,0.11499,0.988039,0.102748,-0.132131,-0.0873019,0.98738
0.839346,-0.521504,-0.153402,0.509391,0.853086,-0.112987,0.189788,0.0166932,0.981683
0.639283,0.654041,-0.404411,-0.331126,0.708793,0.622871,0.694027,-0.264279,0.669689
0.750907,0.598228,0.279756,-0.608346,0.791438,-0.059513,-0.257011,-0.125499,0.958225
0.637091,-0.683603,-0.356093,0.514928,0.721239,-0.463318,0.573553,0.111814,0.811501
0.803328,-0.351433,0.48079,0.579987,0.644954,-0.497643,-0.135199,0.678623,0.721937
0.979709,0.135009,-0.148131,-0.191862,0.845474,-0.498361,0.0579579,0.516669,0.854221
0.876442,0.309619,-0.368762,-0.278551,0.950715,0.136199,0.392758,-0.0166509,0.919491
0.942282,-0.334772,-0.00565379,0.268198,0.744574,0.611294,-0.200434,-0.577527,0.791384
0.958855,0.263704,-0.105153,-0.282222,0.845236,-0.453792,-0.0307877,0.464797,0.884882
0.871054,-0.164115,0.462959,-0.13644,0.824595,0.549024,-0.471857,-0.541396,0.695875
0.985379,-0.170171,0.00832595,0.142847,0.79855,-0.584733,0.0928559,0.577373,0.811183
0.821364,-0.505418,-0.264412,0.17587,0.665364,-0.725507,0.542615,0.549403,0.635394
0.941243,-0.33259,-0.0586928,0.3047,0.761312,0.57233,-0.145668,-0.556586,0.81792
0.68091,-0.571087,-0.458498,0.649509,0.760146,0.0177711,0.338377,-0.309899,0.888518
0.739115,-0.665531,-0.103821,0.507895,0.651892,-0.563099,0.442439,0.363465,0.819842
0.944163,-0.0686167,-0.322254,0.249526,0.787623,0.563371,0.215158,-0.612324,0.760766
0.992085,-0.122461,-0.0277435,0.125326,0.979334,0.158737,0.00773096,-0.160958,0.986931
0.81473,0.579729,-0.0113448,-0.569015,0.80313,0.176646,0.111519,-0.137464,0.984209
0.836271,-0.132875,0.531973,-0.120529,0.901916,0.414753,-0.534905,-0.410965,0.738231
0.995199,-0.0972163,-0.0112707,0.0977663,0.992791,0.0693438,0.00444807,-0.0701128,0.997529
0.844289,0.412048,-0.342627,-0.212985,0.844707,0.491027,0.491746,-0.341594,0.800937
0.831184,0.554158,-0.0451845,-0.46655,0.739365,0.485459,0.302429,-0.382425,0.873091
0.992795,-0.112551,0.0411205,0.0531164,0.720966,0.690932,-0.107411,-0.68377,0.721749
0.948635,0.257879,-0.183274,-0.315333,0.817599,-0.481764,0.0256084,0.514811,0.856921
0.64684,0.597703,0.473656,-0.457698,0.801049,-0.38579,-0.610009,0.0327525,0.791717
0.845834,0.275115,0.45703,-0.0542382,0.896663,-0.439378,-0.530681,0.346853,0.77335
0.89386,0.105865,0.435668,-0.345672,0.781561,0.519301,-0.285525,-0.61478,0.735201
0.750926,-0.66023,-0.0143408,0.595098,0.685942,-0.418738,0.2863,0.305907,0.907994
0.825817,-0.55559,-0.0966755,0.538665,0.827875,-0.156405,0.166932,0.0770864,0.98295
0.719395,-0.531481,0.447213,0.371134,0.838343,0.3993,-0.587138,-0.121279,0.80035
0.749047,0.240636,-0.617271,0.000153622,0.931642,0.363376,0.662517,-0.272281,0.697807
0.606724,0.60467,0.516004,-0.578509,0.781071,-0.235066,-0.545173,-0.155893,0.823701
0.897495,0.0305755,-0.439963,0.260024,0.769072,0.58388,0.356216,-0.63843,0.682288
0.739412,-0.662089,-0.122098,0.643842,0.642367,0.415731,-0.196819,-0.386008,0.901255
0.749336,-0.412677,0.517874,0.655055,0.57645,-0.488475,-0.0969457,0.705268,0.702281
0.670714,0.509303,0.539215,-0.33338,0.856414,-0.394224,-0.662571,0.0846483,0.744201
0.79892,0.264659,-0.540077,-0.266642,0.960765,0.0763764,0.5391,0.0829888,0.838143
0.594332,-0.652402,-0.470257,0.595384,0.750026,-0.28806,0.540636,-0.10878,0.834194
0.945531,0.185746,0.267337,-0.311734,0.753199,0.579234,-0.0937676,-0.631022,0.770077
0.790399,-0.599284,0.127,0.611318,0.784983,-0.100453,-0.0394933,0.157036,0.986803
0.709707,-0.6656,-0.230853,0.456371,0.683996,-0.5691,0.536695,0.29854,0.789197
0.83534,0.448798,-0.317472,-0.545188,0.750441,-0.373643,0.0705539,0.4852,0.871552
0.756223,-0.637722,-0.146419,0.574967,0.754476,-0.31651,0.312315,0.155166,0.937221
0.795421,0.577539,0.183724,-0.604576,0.777325,0.173938,-0.0423568,-0.249429,0.967466
0.720316,0.281361,0.63402,-0.510379,0.833977,0.209751,-0.469742,-0.474677,0.744328
0.927835,0.353927,-0.117719,-0.294106,0.888319,0.352691,0.229399,-0.292617,0.928306
0.761048,0.303756,-0.573183,-0.579027,0.716457,-0.389124,0.292463,0.62803,0.721141
0.900147,-0.390838,0.192305,0.431599,0.740675,-0.5149,0.0588068,0.546484,0.835402
0.971761,0.216058,-0.0948617,-0.23592,0.881656,-0.408687,-0.00466487,0.419526,0.907731
0.940956,-0.19498,-0.276738,0.292589,0.879585,0.375128,0.170273,-0.43395,0.8847
0.958791,-0.284082,0.00417201,0.265733,0.901864,0.340627,-0.100529,-0.325482,0.940189
0.944309,-0.287311,-0.160417,0.319773,0.686226,0.653329,-0.0776261,-0.668241,0.739884
0.909584,-0.394057,-0.131816,0.239011,0.755675,-0.609778,0.339897,0.523139,0.781534
0.83634,-0.164495,0.52295,-0.00635843,0.950946,0.309291,-0.548174,-0.261998,0.794268
0.758228,0.349364,-0.550486,-0.497478,0.855757,-0.142113,0.421433,0.381609,0.82266
0.820818,-0.288944,-0.492716,-0.016747,0.850069,-0.526406,0.570944,0.440335,0.692913
0.736239,-0.351994,0.577973,-0.0563768,0.819206,0.570722,-0.674369,-0.452772,0.583287
0.95848,-0.216147,-0.186003,0.284854,0.69549,0.659661,-0.0132209,-0.685255,0.728183
0.736105,0.412478,0.536667,-0.484391,0.874815,-0.00797403,-0.472773,-0.254087,0.843757
0.898105,-0.403982,-0.173797,0.253023,0.797886,-0.547135,0.359703,0.447411,0.818802
0.744651,-0.553246,0.373382,0.513873,0.832205,0.208253,-0.425946,0.0367952,0.904
0.82643,0.517848,0.221011,-0.550666,0.661558,0.509026,0.117387,-0.542378,0.831893
0.646653,0.448167,0.617241,-0.681584,0.702794,0.203777,-0.342467,-0.552474,0.759927
0.780011,-0.0957484,-0.618397,-0.260125,0.849183,-0.459589,0.569138,0.519346,0.637466
0.927757,0.213073,-0.306376,-0.0289224,0.859563,0.510211,0.372061,-0.464491,0.803628
0.753545,-0.163498,-0.636741,0.197855,0.980075,-0.0175075,0.626916,-0.112789,0.770879
0.913485,-0.389777,0.116702,0.386473,0.741545,-0.548407,0.127217,0.546063,0.828028
0.7711,-0.354314,-0.529024,0.148009,0.907852,-0.392299,0.619272,0.224202,0.752486
0.924205,-0.355853,0.138616,0.379895,0.819541,-0.42899,0.039056,0.449134,0.89261
0.916113,-0.330229,-0.227347,0.3832,0.887955,0.254349,0.11788,-0.320132,0.940011
0.965008,-0.100323,0.24227,0.156642,0.961501,-0.225784,-0.210291,0.255833,0.943571
0.957467,0.0052151,-0.288497,-0.0234376,0.997938,-0.0597456,0.28759,0.0639661,0.955615
0.854212,0.25753,-0.451664,-0.475764,0.737532,-0.479265,0.209692,0.62428,0.752532
0.8249,0.161235,0.541797,0.266083,0.734884,-0.623815,-0.498738,0.658748,0.563304
0.598919,0.445369,0.66554,-0.671577,0.732037,0.114484,-0.436212,-0.515527,0.73753
0.973422,0.139132,-0.181911,-0.0507331,0.905577,0.421138,0.223328,-0.400716,0.888567
0.994327,0.0895685,-0.0573653,-0.0996141,0.973249,-0.207034,0.037287,0.211574,0.97665
0.999772,0.0135346,-0.0165169,-0.0111664,0.990662,0.135882,0.0182018,-0.135667,0.990587
0.889522,-0.234034,0.392401,-0.0548503,0.797937,0.60024,-0.453588,-0.55545,0.696945
0.799534,-0.562383,-0.21088,0.585227,0.808427,0.0628958,0.13511,-0.1737,0.975486
0.945675,-0.32426,0.0235624,0.324743,0.938649,-0.116101,0.01553,0.117445,0.992958
0.886854,-0.424584,0.18226,0.333566,0.861282,0.383311,-0.319725,-0.279145,0.905458
0.979173,-0.200548,-0.0316351,0.195328,0.973036,-0.122671,0.0553835,0.113937,0.991943
0.753587,-0.598886,-0.271003,0.648643,0.610599,0.454348,-0.106629,-0.518175,0.848602
0.806349,0.344176,-0.480982,0.0224029,0.794882,0.60635,0.591015,-0.499705,0.633242
0.903592,0.280548,0.32375,-0.0593709,0.830447,-0.553925,-0.42426,0.481301,0.767042
0.956719,-0.271002,0.10605,0.282614,0.778296,-0.5607,0.0694122,0.566404,0.8212
0.825103,0.401126,0.397874,-0.353177,0.915865,-0.190939,-0.440989,0.0170245,0.897351
0.691722,-0.710827,0.127461,0.589069,0.657479,0.469808,-0.417755,-0.249893,0.873518
0.878679,-0.223138,-0.422057,0.164708,0.97146,-0.170697,0.4481,0.0804714,0.890354
0.843937,-0.529774,0.0843173,0.529574,0.797704,-0.288479,0.0855685,0.28811,0.953767
0.981441,0.031577,0.189146,-0.133537,0.820432,0.55593,-0.137627,-0.570871,0.809423
0.858422,0.479011,0.183467,-0.46983,0.877789,-0.093525,-0.205845,-0.00591444,0.978567
0.759663,0.54955,-0.347716,-0.634468,0.508987,-0.581707,-0.142694,0.662516,0.735331
0.877525,0.251012,-0.408586,-0.129305,0.944355,0.302447,0.461768,-0.212572,0.861152
0.88426,-0.0922215,0.457799,-0.16683,0.853237,0.494119,-0.43618,-0.513304,0.739098
0.601818,0.711394,-0.362951,-0.562427,0.70018,0.439799,0.567002,-0.0605451,0.821488
0.80848,-0.511829,0.290503,0.482776,0.859083,0.170011,-0.336583,0.0027972,0.94165
0.887912,-0.459083,0.0292399,0.350941,0.717107,0.602162,-0.29741,-0.524405,0.797839
0.741331,-0.523469,0.420011,0.469284,0.8517,0.233194,-0.479793,0.0242304,0.877047
0.895298,-0.369369,0.249013,0.189294,0.821467,0.537922,-0.403247,-0.434465,0.805377
0.788647,0.47315,0.392638,-0.504883,0.862807,-0.0256264,-0.350896,-0.178026,0.919336
0.832883,0.189673,0.519932,-0.462209,0.755104,0.464952,-0.304415,-0.627568,0.716582
0.764578,-0.454123,-0.457376,0.341649,0.887282,-0.309849,0.546531,0.080641,0.833547
0.868165,-0.278976,-0.410441,0.185015,0.949361,-0.253936,0.460499,0.14452,0.875817
0.87303,0.089905,-0.479308,-0.0843766,0.995884,0.0331136,0.480312,0.0115332,0.877022
0.921098,-0.389143,0.0121011,0.312019,0.756424,0.574862,-0.232857,-0.525728,0.818161
0.987407,0.156752,0.0213707,-0.153951,0.983172,-0.0983454,-0.036427,0.0938169,0.994923
0.840415,0.223567,-0.493681,0.176344,0.74856,0.639188,0.512451,-0.624241,0.589676
0.907639,0.359412,-0.216828,-0.412089,0.664727,-0.623154,-0.0798371,0.654951,0.751442
0.943781,-0.23872,-0.228671,0.0769054,0.83132,-0.550448,0.321502,0.501916,0.802943
0.889089,-0.45763,-0.00978272,0.457659,0.888351,0.0371604,-0.00831519,-0.037516,0.999261
0.93841,-0.293156,-0.182881,0.273546,0.953687,-0.125112,0.211089,0.0673797,0.975142
0.754973,-0.415304,0.507482,0.506523,0.860829,-0.0490775,-0.416473,0.294104,0.860263
0.971724,0.174131,0.159473,-0.132478,0.96113,-0.242237,-0.195455,0.214261,0.957021
0.720539,-0.671995,0.171017,0.66209,0.740027,0.118309,-0.20606,0.0279828,0.978139
0.867278,0.497571,0.0158741,-0.433099,0.769859,-0.468767,-0.245465,0.399676,0.883179
0.936378,-0.0891716,-0.339477,0.253319,0.841164,0.477778,0.242951,-0.533377,0.810237
0.777461,-0.539937,-0.322526,0.431521,0.831017,-0.350998,0.457542,0.133711,0.879077
0.828068,-0.184244,-0.529488,-0.0334592,0.92653,-0.374729,0.559628,0.328018,0.761066
0.992483,-0.121048,-0.0180256,0.115664,0.879632,0.461377,-0.0399929,-0.459994,0.887021
0.923639,0.35962,0.132529,-0.321262,0.915028,-0.243956,-0.208999,0.18275,0.960688
0.961754,-0.266888,0.0616432,0.270168,0.88717,-0.374084,0.0451505,0.376431,0.925344
0.909966,0.357077,-0.21085,-0.116892,0.708715,0.695744,0.397867,-0.608456,0.686646
0.905539,0.415514,0.0857155,-0.403962,0.782679,0.473527,0.12967,-0.463423,0.876598
0.925311,0.378197,-0.0276888,-0.326712,0.758014,-0.564512,-0.192508,0.531395,0.82496
0.821357,-0.505153,-0.26494,0.535751,0.842628,0.0543018,0.195815,-0.186543,0.962735
0.759909,-0.623885,0.182499,0.642593,0.763347,-0.0661452,-0.0980431,0.167537,0.980979
0.797028,0.337906,-0.500566,-0.328216,0.938099,0.110658,0.506972,0.0760962,0.858597
0.690462,-0.0723262,0.719744,0.441707,0.830107,-0.34032,-0.57285,0.552894,0.605104
0.716578,-0.680339,0.153801,0.697504,0.699558,-0.155263,-0.00196172,0.218535,0.975827
0.865401,-0.500871,0.0145019,0.462418,0.787145,-0.408132,0.193006,0.359904,0.912808
0.742634,-0.510339,0.433646,0.245088,0.809714,0.533193,-0.623239,-0.289686,0.726399
0.755428,0.54591,-0.362368,-0.654756,0.650003,-0.385735,0.0249635,0.528657,0.848468
0.933473,-0.358074,0.0202659,0.283134,0.701069,-0.654476,0.220143,0.616674,0.755811
0.737387,-0.556201,0.383277,0.652213,0.733893,-0.189787,-0.175725,0.389925,0.903925
0.833917,-0.512614,0.204474,0.248117,0.679173,0.690769,-0.492971,-0.525311,0.693562
0.794093,-0.333341,-0.508233,0.215419,0.936264,-0.277495,0.568341,0.110874,0.815289
0.859459,-0.508196,-0.0553847,0.511126,0.856165,0.0757106,0.0089426,-0.0933788,0.995591
0.656195,-0.709685,0.256427,0.445122,0.638446,0.627895,-0.609323,-0.297881,0.734842
0.94697,-0.157998,0.279793,-0.0821346,0.722804,0.686154,-0.310647,-0.672748,0.671497
0.771747,0.588687,0.240528,-0.286968,0.659917,-0.694377,-0.567499,0.46686,0.678223
0.79005,0.0578079,0.610311,0.0290639,0.990893,-0.131479,-0.612353,0.121613,0.781174
0.851009,-0.336837,0.402895,0.413374,0.90284,-0.11833,-0.323892,0.267246,0.907565
0.677014,0.574284,0.460271,-0.395113,0.811239,-0.431018,-0.620917,0.109946,0.776128
0.716637,0.227188,-0.659406,-0.390627,0.913998,-0.109627,0.57779,0.336145,0.743751
0.905264,0.105899,0.41144,-0.308023,0.830591,0.463939,-0.292608,-0.54672,0.784524
0.733765,0.658665,0.166581,-0.421896,0.63393,-0.648179,-0.532534,0.405331,0.743044
0.888001,0.125199,-0.442469,0.135456,0.848309,0.511882,0.439438,-0.514487,0.73634
0.826644,0.557509,-0.0764476,-0.540164,0.824226,0.169923,0.157744,-0.0991712,0.982488
0.911415,0.372152,0.175573,-0.161924,0.716616,-0.678411,-0.378291,0.589885,0.713395
0.686899,-0.694793,0.213147,0.558288,0.692235,0.457301,-0.465278,-0.195122,0.863391
0.839327,-0.0734118,0.538648,0.274487,0.91249,-0.303346,-0.469242,0.402458,0.786028
0.916875,-0.231068,-0.325497,0.137899,0.948573,-0.284945,0.374599,0.216374,0.901586
0.792508,-0.608291,-0.0437389,0.547489,0.741219,-0.388395,0.268677,0.28386,0.920454
0.838166,-0.218631,0.499678,0.447859,0.798761,-0.401751,-0.311288,0.560519,0.76741
0.677516,-0.686553,-0.263849,0.6795,0.721568,-0.132738,0.281517,-0.0893536,0.955387
0.839993,0.31023,-0.445162,-0.297403,0.94945,0.100483,0.453831,0.0479876,0.889795
0.768951,-0.283546,-0.572989,0.544486,0.760159,0.354532,0.335036,-0.584602,0.738912
0.736783,0.672993,0.0650461,-0.643753,0.727662,-0.236832,-0.206718,0.13262,0.969371
0.941276,0.312357,0.128188,-0.146592,0.720085,-0.678224,-0.304154,0.619605,0.723588
0.737432,0.664522,0.120851,-0.664382,0.681454,0.306947,0.121618,-0.306644,0.944023
0.700273,0.179311,-0.690988,-0.225107,0.974023,0.024627,0.677454,0.138301,0.722447
0.955903,-0.156039,-0.248798,0.253917,0.864793,0.433196,0.147564,-0.477267,0.86628
0.840419,0.103844,-0.531895,0.00765789,0.979096,0.203253,0.541883,-0.174891,0.822056
0.575632,-0.576857,0.579555,0.536549,0.801296,0.264649,-0.617059,0.158619,0.770764
0.991905,0.0754048,-0.102174,-0.0207245,0.889947,0.455592,0.125283,-0.449787,0.884305
0.905411,-0.0723018,0.418335,0.159616,0.971067,-0.177629,-0.393388,0.227601,0.890755
0.689617,-0.445768,-0.570719,0.551575,0.833989,0.0150875,0.469247,-0.325199,0.821007
0.657373,-0.474833,-0.585145,0.721963,0.619363,0.308478,0.215941,-0.625238,0.749964
0.705071,-0.439924,0.556185,0.691808,0.599042,-0.403175,-0.155812,0.66904,0.72671
0.919395,0.160973,0.358888,0.0584103,0.846431,-0.529285,-0.388975,0.507585,0.768802
0.993806,-0.106173,-0.0328188,0.102347,0.98951,-0.101953,0.0432992,0.0979627,0.994248
0.791854,0.161754,0.588899,0.0285053,0.953446,-0.300215,-0.610044,0.254513,0.750379
0.813675,-0.285726,-0.506255,0.28139,0.955633,-0.0870885,0.508678,-0.0715934,0.857975
0.829486,-0.185816,-0.526712,0.394854,0.862063,0.317707,0.395024,-0.471508,0.788439
0.759703,0.409741,0.504939,-0.607184,0.724929,0.325279,-0.232765,-0.553706,0.799519
0.844016,0.441352,-0.304704,-0.418034,0.897301,0.141771,0.335982,0.00771984,0.941837
0.995752,0.000717813,-0.092076,-0.00429215,0.999244,-0.0386272,0.0919787,0.0388583,0.995003
0.78482,-0.490708,-0.3785,0.315044,0.841863,-0.438193,0.533671,0.224659,0.815306
0.827345,0.111279,-0.550561,-0.348818,0.870055,-0.348325,0.440257,0.480231,0.758651
0.817548,0.4456,-0.364768,-0.51966,0.843816,-0.1339,0.248131,0.299025,0.92142
0.708688,-0.665603,0.233954,0.46467,0.68987,0.555123,-0.530889,-0.284697,0.798188
0.884601,-0.456765,-0.0940578,0.445838,0.76916,0.457845,-0.136782,-0.446945,0.884043
0.958268,-0.251095,-0.13665,0.184554,0.908441,-0.375067,0.218316,0.334195,0.916871
0.778391,-0.558356,-0.286959,0.38528,0.785778,-0.483852,0.495648,0.266066,0.826766
0.95694,0.247414,-0.151828,-0.288185,0.746909,-0.59923,-0.0348566,0.617182,0.786048
0.542148,0.661064,0.51872,-0.442605,0.749397,-0.492447,-0.714266,0.0373909,0.698874
0.565443,-0.684525,0.460108,0.452593,0.723874,0.520736,-0.689518,-0.0862046,0.71912
0.95165,0.249025,0.17986,-0.151024,0.889145,-0.431988,-0.267498,0.383938,0.883763
0.943337,0.326144,-0.0612042,-0.317846,0.835072,-0.449031,-0.0953386,0.443041,0.891418
0.9126,0.0854871,0.399817,-0.01719,0.985054,-0.171383,-0.408492,0.149531,0.90043
0.727763,0.54592,-0.415129,-0.683529,0.527836,-0.50416,-0.0561111,0.650662,0.757291
0.75179,0.289448,0.592479,-0.148558,0.949756,-0.275488,-0.642451,0.119091,0.757017
0.978635,-0.103719,0.177529,0.192282,0.767461,-0.611582,-0.0728137,0.63265,0.771007
0.72382,0.650904,0.228929,-0.562419,0.74878,-0.350733,-0.399711,0.125114,0.908063
0.761714,-0.317258,-0.564924,0.0481809,0.897235,-0.438918,0.646119,0.307111,0.698722
0.921635,0.318797,-0.221261,-0.353002,0.925566,-0.136812,0.161176,0.204197,0.96557
0.735954,-0.667356,0.114054,0.610749,0.727111,0.313522,-0.292161,-0.16108,0.942706
0.762087,0.103291,0.639183,-0.280349,0.942496,0.181949,-0.583634,-0.317855,0.747221
0.993802,0.110094,-0.0153956,-0.110805,0.992177,-0.0575034,0.00894436,0.0588529,0.998227
0.914412,-0.397219,-0.0778951,0.398066,0.847514,0.351088,-0.0734418,-0.352047,0.933097
0.857493,-0.511113,-0.0588974,0.466569,0.820751,-0.329669,0.216838,0.255209,0.942258
0.746175,-0.125111,0.653889,-0.229268,0.873816,0.428815,-0.625028,-0.469887,0.623335
0.901927,0.384057,0.197556,-0.285902,0.873781,-0.393405,-0.32371,0.298341,0.897889
0.952343,-0.160376,0.259464,-0.0184029,0.818865,0.573691,-0.304472,-0.551126,0.77689
0.828444,0.518995,-0.210532,-0.375184,0.793356,0.479398,0.415832,-0.318166,0.85197
0.777118,-0.624952,-0.0743139,0.532826,0.716164,-0.450784,0.334939,0.310716,0.889534
0.872887,-0.178576,-0.454069,-0.0707411,0.874467,-0.4799,0.482767,0.45102,0.750678
0.992349,0.0979435,-0.0751694,-0.123242,0.822335,-0.555497,0.00740703,0.560511,0.828114
0.709894,0.606948,0.357303,-0.696644,0.679743,0.229427,-0.103624,-0.411782,0.905372
0.861261,0.179762,-0.475305,0.121856,0.834991,0.536601,0.493336,-0.520072,0.697241
0.862209,-0.363263,-0.353037,0.335731,0.931686,-0.138728,0.379315,0.00108732,0.925267
0.894761,0.297054,0.333409,-0.292687,0.954029,-0.0645236,-0.337249,-0.0398513,0.940572
0.786432,-0.151315,-0.598856,0.00893252,0.972214,-0.233922,0.617613,0.178615,0.765932
0.843004,-0.27872,-0.460065,0.485346,0.762873,0.427158,0.231914,-0.583386,0.778381
0.793254,0.548994,0.263353,-0.607974,0.737871,0.29311,-0.0334051,-0.392623,0.919093
0.744884,0.65924,-0.102711,-0.575932,0.557614,-0.597804,-0.336823,0.504449,0.795035
0.863159,-0.142538,-0.484396,0.321685,0.894678,0.309952,0.389198,-0.423361,0.818102
0.804613,-0.303689,-0.510265,0.548056,0.710545,0.441317,0.228544,-0.634743,0.738152
0.929779,-0.321852,-0.17867,0.175459,0.814147,-0.553515,0.323614,0.483297,0.813448
0.681271,0.6757,-0.2816,-0.48796,0.705933,0.513374,0.545678,-0.212337,0.810647
0.833282,-0.134386,-0.536266,0.420248,0.78423,0.456481,0.359211,-0.605742,0.70996
0.931281,-0.331416,0.151258,0.302675,0.934963,0.18502,-0.202739,-0.126524,0.971025
0.722648,0.4622,-0.513956,-0.311787,0.881578,0.354414,0.616903,-0.0958711,0.781178
0.697777,0.46702,0.543138,-0.123583,0.825357,-0.55092,-0.705574,0.317297,0.633631
0.875127,0.48315,-0.0268066,-0.4043,0.69962,-0.589129,-0.265883,0.526401,0.807594
0.804614,0.320534,-0.499855,-0.450402,0.878009,-0.161983,0.386956,0.35547,0.850827
0.927855,0.160398,0.336685,-0.076919,0.965682,-0.248077,-0.364922,0.204282,0.908351
0.634622,0.636234,-0.438705,-0.527125,0.771479,0.356313,0.56515,0.0051285,0.824972
0.895767,0.264877,-0.35699,-0.370888,0.88803,-0.271745,0.245039,0.375824,0.893707
0.748447,0.658869,-0.0756175,-0.586007,0.710411,0.389759,0.31052,-0.247402,0.917807
0.778187,0.603905,0.172405,-0.434406,0.715841,-0.546684,-0.453559,0.350529,0.819398
0.730084,0.152728,0.666072,-0.433544,0.856947,0.278714,-0.528221,-0.492256,0.691858
0.945541,-0.304604,-0.114758,0.309188,0.730251,0.609209,-0.101765,-0.611514,0.784662
0.660639,-0.341675,-0.668442,0.579656,0.797982,0.165,0.477028,-0.496472,0.725231
0.786,-0.444024,0.43017,0.480062,0.876792,0.0278669,-0.389543,0.184605,0.902318
0.773278,0.634038,0.00607299,-0.629984,0.767177,0.120663,0.0718457,-0.0971316,0.992675
0.889622,0.204266,0.408471,-0.356369,0.869831,0.341167,-0.285612,-0.449076,0.846615
0.679369,0.447458,0.581584,-0.298917,0.892582,-0.337558,-0.670155,0.0554815,0.740145
0.890423,0.195166,0.411166,-0.144979,0.977962,-0.150236,-0.431425,0.0741635,0.899095
0.967301,0.228765,0.10952,-0.253619,0.868586,0.425717,0.00226137,-0.439573,0.898204
0.92656,0.375739,-0.0175048,-0.343453,0.826131,-0.446707,-0.153384,0.419913,0.894509
0.976241,-0.129751,0.173546,-0.0173025,0.751669,0.659313,-0.215996,-0.646651,0.731565
0.844345,0.531506,0.0677008,-0.430532,0.748234,-0.504765,-0.318942,0.397049,0.860598
0.995691,0.0902733,-0.0212068,-0.0881447,0.850338,-0.518802,-0.028801,0.518436,0.854631
0.828159,-0.450623,-0.333303,0.559302,0.703154,0.43904,0.0365218,-0.550012,0.834358
0.816895,-0.447227,0.364239,0.318652,0.876308,0.36131,-0.480773,-0.179087,0.858362
0.701675,-0.10297,-0.705017,0.526209,0.742022,0.41534,0.480371,-0.66242,0.574842
0.822422,-0.518729,-0.233541,0.568061,0.726868,0.385965,-0.0304572,-0.450092,0.892463
0.657905,-0.592892,0.46437,0.500552,0.804958,0.318576,-0.562679,0.0228487,0.82636
0.742091,-0.331421,-0.582632,0.100572,0.914426,-0.39206,0.662711,0.232348,0.711919
0.758394,0.412499,0.504661,-0.643362,0.597907,0.478114,-0.104519,-0.687278,0.718836
0.983649,0.0586812,0.170266,-0.0319465,0.987287,-0.155703,-0.177239,0.147718,0.973019
0.880527,-0.271125,-0.388797,0.435805,0.78565,0.439121,0.186402,-0.556098,0.809944
0.814064,-0.344704,0.467417,0.366472,0.92924,0.0470265,-0.450553,0.133012,0.882785
0.786376,0.386565,-0.481851,-0.229859,0.907105,0.352599,0.573391,-0.166517,0.802181
0.841659,-0.539039,-0.0323773,0.526546,0.832502,-0.172305,0.119833,0.127974,0.984511
0.728224,0.665201,-0.164916,-0.683956,0.690122,-0.236509,-0.0435138,0.285026,0.957531
0.888102,-0.222463,0.402224,-0.0145601,0.86102,0.508363,-0.459415,-0.457335,0.761435
0.943573,-0.171548,0.283269,0.184153,0.982728,-0.0182765,-0.275241,0.06941,0.958866
0.813721,-0.553861,-0.176339,0.550282,0.636343,0.540608,-0.18721,-0.536941,0.822586
0.844177,-0.184507,0.503312,0.056746,0.964383,0.258351,-0.533053,-0.189533,0.82458
0.811912,0.571411,-0.119535,-0.581778,0.808926,-0.0846957,0.0482986,0.138308,0.989211
0.764064,0.00268568,0.645134,-0.0334195,0.998814,0.0354223,-0.644274,-0.048625,0.763248
0.887927,-0.184477,-0.421371,0.0710489,0.960066,-0.270602,0.454464,0.210337,0.865575
0.931914,-0.2896,0.218331,0.29452,0.955589,0.0103985,-0.211646,0.0546124,0.975819
0.756851,-0.0808223,0.648571,-0.367544,0.767922,0.524602,-0.540451,-0.635424,0.551497
0.836308,0.380001,-0.395208,-0.400605,0.915667,0.0327055,0.374307,0.13097,0.918009
0.759538,-0.387028,0.522792,0.612698,0.695561,-0.375228,-0.21841,0.605314,0.765436
0.815599,0.541954,0.202695,-0.569152,0.814527,0.112303,-0.104237,-0.206958,0.972781
0.671769,0.321221,0.667491,-0.649936,0.687909,0.323055,-0.355401,-0.650844,0.670889
0.977671,-0.0503295,-0.204024,0.129294,0.90944,0.395225,0.165656,-0.412779,0.89564
0.977448,0.146014,0.152559,-0.203522,0.844069,0.496111,-0.0563312,-0.515973,0.854751
0.877788,-0.284701,-0.38527,0.134767,0.918518,-0.371703,0.459701,0.274354,0.844633
0.704297,-0.531046,-0.471122,0.290595,0.821155,-0.491181,0.647704,0.209031,0.732656
0.890927,0.452212,0.0418745,-0.303375,0.661227,-0.686107,-0.337955,0.598567,0.726295
0.804018,0.344246,0.484819,-0.375843,0.92605,-0.0342495,-0.460757,-0.154678,0.873944
0.877015,0.0979031,0.470382,0.117835,0.90529,-0.408123,-0.465789,0.413357,0.782417
0.681243,0.698156,0.220198,-0.619738,0.710117,-0.334155,-0.389658,0.0911757,0.916435
0.748139,0.636834,0.18636,-0.530955,0.742998,-0.40748,-0.397962,0.205903,0.893997
0.944595,-0.318366,-0.0799021,0.313058,0.800634,0.510862,-0.0986686,-0.507571,0.855941
0.592763,-0.575254,-0.563663,0.489646,0.813081,-0.314875,0.639437,-0.0893491,0.763635
0.869149,0.493454,-0.032912,-0.492101,0.856314,-0.156725,-0.0491536,0.152414,0.987094
0.888541,0.227306,0.39853,-0.0922898,0.939439,-0.330055,-0.449418,0.256487,0.855709
0.963156,0.106542,0.246939,0.0121067,0.900078,-0.43556,-0.26867,0.422502,0.865626
0.890078,-0.294855,0.347594,0.221951,0.946441,0.234494,-0.398119,-0.13157,0.907849
0.971782,-0.187501,-0.143122,0.0911928,0.858209,-0.505135,0.217542,0.477829,0.851091
0.907133,-0.196484,0.372162,0.385026,0.744483,-0.545436,-0.169898,0.638074,0.750996
0.795733,-0.427671,-0.428843,0.229074,0.867999,-0.440571,0.560655,0.25234,0.788664
0.692649,0.568909,-0.443373,-0.337276,0.798831,0.49811,0.637559,-0.195476,0.74519
0.948796,-0.253674,-0.188241,0.153791,0.891467,-0.426187,0.275923,0.375415,0.884833
0.701301,-0.69866,0.141601,0.509465,0.630152,0.585964,-0.49862,-0.338796,0.797869
0.823594,-0.436334,0.36236,0.434821,0.895951,0.0905655,-0.364174,0.0829728,0.927628
0.872901,-0.487791,0.010203,0.411521,0.72486,-0.552475,0.262096,0.486455,0.833467
0.941276,0.330437,0.0693536,-0.268586,0.857279,-0.439242,-0.204597,0.394821,0.895688
0.900254,0.393355,-0.186589,-0.180797,0.727656,0.661686,0.39605,-0.561951,0.726193
0.785965,-0.0040084,0.618259,0.374526,0.798716,-0.470939,-0.491925,0.601695,0.629263
0.803546,-0.0396604,0.59392,0.286476,0.900388,-0.327464,-0.521771,0.433276,0.734865
0.548406,-0.546977,0.632509,0.696193,0.717654,0.016985,-0.463213,0.431034,0.774367
0.744783,-0.609149,-0.272463,0.455802,0.762599,-0.459007,0.487384,0.217671,0.845622
0.917136,-0.0749765,0.391458,-0.188913,0.783048,0.592577,-0.35096,-0.617426,0.703997
0.759812,0.488144,-0.429418,-0.184297,0.795123,0.577767,0.623474,-0.359854,0.694108
0.870933,-0.426179,0.244638,0.454095,0.888262,-0.0691957,-0.187813,0.171354,0.967142
0.901811,-0.381626,-0.202727,0.198449,0.782479,-0.590207,0.383868,0.492024,0.781382
0.648271,-0.356856,-0.672605,0.661338,0.701665,0.265138,0.377327,-0.616701,0.690872
0.880264,-0.104415,-0.462853,-0.0268147,0.96298,-0.268235,0.473726,0.248529,0.844877
0.929085,0.232999,-0.287249,0.0165698,0.74963,0.66165,0.369494,-0.619489,0.692609
0.915524,0.217707,0.33826,0.0563825,0.763141,-0.643768,-0.398293,0.608456,0.686399
0.80995,-0.514206,-0.282088,0.484712,0.857664,-0.17166,0.330205,0.00230484,0.943906
0.957923,-0.171913,-0.229849,0.21635,0.958703,0.184613,0.188619,-0.226572,0.955556
0.939409,0.324792,-0.109638,-0.312032,0.677754,-0.665797,-0.141937,0.659667,0.738033
0.782517,0.434809,-0.445655,-0.415336,0.897771,0.146643,0.463858,0.0703462,0.883112
0.815917,0.450746,-0.362087,-0.463989,0.884128,0.0550719,0.344955,0.12307,0.930516
0.830409,0.384399,0.40331,-0.304343,0.919293,-0.24955,-0.466687,0.0844838,0.880378
0.684735,0.682094,-0.256683,-0.617228,0.73003,0.293402,0.387515,-0.0424706,0.920885
0.815062,-0.492388,0.305332,0.184834,0.720451,0.668421,-0.549099,-0.488369,0.678222
0.883343,0.464447,0.0631951,-0.428102,0.744515,0.512276,0.190875,-0.47957,0.856493
0.699193,-0.213833,0.682205,0.234565,0.970015,0.0636398,-0.675358,0.115525,0.728386
0.869532,0.413615,0.269884,-0.488912,0.643604,0.588845,0.0698568,-0.643969,0.761856
0.775078,-0.278304,-0.567275,0.0607158,0.926427,-0.371546,0.628942,0.253535,0.734951
0.925798,0.254641,0.279386,-0.372858,0.736827,0.56397,-0.0622488,-0.626294,0.777098
0.769189,0.612991,-0.180527,-0.465754,0.731214,0.498397,0.437516,-0.299281,0.847945
0.734989,0.676693,0.0433263,-0.521219,0.522939,0.674438,0.433731,-0.518287,0.73706
0.887373,0.234828,0.396769,0.0692011,0.782986,-0.618178,-0.45583,0.576011,0.67855
0.893683,-0.360595,-0.267023,0.448571,0.732178,0.512543,0.0106882,-0.57783,0.816087
0.972141,0.217784,0.0866742,-0.233625,0.930246,0.282951,-0.0190062,-0.295318,0.95521
0.71775,-0.615858,0.324891,0.474027,0.773955,0.419872,-0.510032,-0.147356,0.847439
0.789759,-0.237812,-0.565443,0.560664,0.653828,0.508099,0.248871,-0.7183,0.649699
0.928273,0.370624,0.0307676,-0.328811,0.856565,-0.397717,-0.173758,0.359074,0.916992
0.861901,0.197684,-0.466956,-0.33322,0.914937,-0.227717,0.382219,0.351868,0.854457
0.704995,0.706626,0.0605077,-0.571537,0.616581,-0.541455,-0.419914,0.347141,0.838549
0.82715,-0.539948,0.155815,0.449657,0.802188,0.392813,-0.337092,-0.254852,0.906322
0.794477,0.244065,0.556093,0.136044,0.82089,-0.554646,-0.591861,0.516307,0.618974
0.884595,0.271422,0.379239,-0.403333,0.853497,0.329947,-0.234125,-0.444829,0.864473
0.901852,0.428943,-0.0516792,-0.350421,0.796187,0.493245,0.25272,-0.426725,0.868354
0.835322,0.34101,-0.431218,-0.541988,0.642243,-0.542008,0.0921167,0.686466,0.721303
0.752051,0.559312,0.348698,-0.537086,0.826696,-0.167665,-0.382045,-0.0611887,0.922116
0.60282,-0.659428,0.44918,0.656017,0.730074,0.191397,-0.454147,0.179292,0.8727
0.891442,0.0525606,0.450076,-0.101202,0.991255,0.0846859,-0.441689,-0.121041,0.888966
0.980733,0.169542,-0.0970519,-0.195112,0.825316,-0.529892,-0.00974032,0.538619,0.842493
0.971931,-0.234106,0.02335,0.172284,0.775807,0.606993,-0.160216,-0.585933,0.794364
0.810637,-0.0528635,0.583157,-0.0382888,0.988999,0.142878,-0.584295,-0.13815,0.799696
0.867582,-0.462535,0.182653,0.449615,0.88651,0.109299,-0.212478,-0.0127027,0.977083
0.79186,-0.452116,0.410547,0.255786,0.855983,0.449296,-0.554555,-0.250767,0.793464
0.832547,-0.0101716,0.55386,0.211391,0.930004,-0.300677,-0.512034,0.367409,0.776423
0.904945,0.425135,0.0182836,-0.392734,0.817894,0.420488,0.16381,-0.387699,0.907114
0.600067,0.575328,-0.555804,-0.683873,0.72941,0.0166968,0.415015,0.37008,0.831146
0.574807,-0.581209,0.576015,0.664489,0.74234,0.0859377,-0.477547,0.333358,0.812909
0.784309,0.509468,-0.353979,-0.54882,0.835839,-0.0130263,0.289233,0.204487,0.935163
0.869899,0.493131,0.00986863,-0.493115,0.869954,-0.00413291,-0.0106233,-0.00127115,0.999943
0.804338,0.562533,-0.191304,-0.581183,0.811814,-0.0564342,0.123557,0.156575,0.979907
0.802241,-0.158766,0.575502,0.406038,0.851797,-0.331022,-0.437655,0.499235,0.747812
0.934863,-0.240128,0.261477,0.35241,0.716684,-0.601807,-0.0428858,0.654754,0.754625
0.993702,0.0247358,-0.109292,-0.0351624,0.994901,-0.0945288,0.106396,0.0977764,0.989505
0.971672,-0.158288,0.175492,0.231725,0.784007,-0.575879,-0.0464321,0.600231,0.798477
0.700737,-0.699548,-0.14,0.681823,0.714435,-0.157163,0.209964,0.0146747,0.977599
0.832359,0.55044,-0.0647593,-0.546389,0.795361,-0.262413,-0.0929356,0.253806,0.96278
0.990068,0.106193,-0.0921363,-0.0439375,0.85623,0.514723,0.13355,-0.505563,0.852391
0.833976,-0.462531,-0.300914,0.178476,0.742122,-0.646066,0.52214,0.485098,0.701463
0.918277,0.0400157,-0.393912,0.146277,0.890209,0.431428,0.367928,-0.453791,0.811605
0.781218,-0.509502,0.360702,0.254893,0.787792,0.560725,-0.569849,-0.346108,0.745306
0.762035,-0.30007,-0.573812,0.602582,0.653028,0.458748,0.237059,-0.695351,0.678447
0.725735,0.686244,0.0487619,-0.687573,0.721065,0.0854868,0.0235043,-0.0955681,0.995145
0.728399,-0.50805,0.459696,0.391007,0.859191,0.330007,-0.562627,-0.0606325,0.824484
0.871906,-0.151509,0.465644,-0.218499,0.730634,0.646863,-0.438221,-0.665747,0.60394
0.86954,0.362645,-0.335243,-0.0738386,0.766655,0.637799,0.488311,-0.529839,0.693415
0.759063,0.150777,-0.633316,0.194002,0.876224,0.44113,0.621439,-0.45771,0.635858
0.852774,-0.188512,-0.487073,0.40552,0.826696,0.390035,0.329135,-0.530129,0.78143
0.834534,0.496284,-0.239282,-0.547456,0.698059,-0.461526,-0.0620151,0.516155,0.854247
0.908541,-0.249579,-0.335057,0.00312886,0.806007,-0.591898,0.417784,0.536715,0.733071
0.902409,-0.246346,-0.353513,0.414267,0.721666,0.554601,0.118495,-0.646925,0.75329
0.964742,-0.137996,-0.224119,0.207841,0.921868,0.327051,0.161476,-0.362101,0.918046
0.736255,-0.418632,0.531672,0.00849836,0.791337,0.611321,-0.676651,-0.44557,0.586184
0.78184,0.603002,0.158477,-0.386039,0.66779,-0.63642,-0.489592,0.4364,0.754887
0.752228,-0.0227558,-0.65851,0.443406,0.756733,0.48036,0.487386,-0.653327,0.579326
0.793871,0.545123,-0.269461,-0.404329,0.804186,0.435665,0.454187,-0.236911,0.858829
0.739278,-0.585225,-0.333137,0.31035,0.735135,-0.60271,0.597621,0.342181,0.725093
0.894608,-0.321227,-0.310629,0.0824425,0.801866,-0.591789,0.439182,0.50381,0.743838
0.874148,0.302274,-0.380125,-0.117147,0.890825,0.438984,0.471318,-0.339207,0.814124
0.651726,0.556868,-0.514928,-0.663324,0.747692,-0.0309555,0.367769,0.361739,0.856674
0.875407,-0.468381,0.119505,0.475847,0.878497,-0.0425803,-0.0850411,0.0941412,0.99192
0.738433,0.475623,-0.478015,-0.219434,0.839783,0.496601,0.637624,-0.261814,0.724492
0.895188,-0.0263629,0.444909,-0.188731,0.881907,0.431997,-0.403757,-0.470686,0.784497
0.806186,-0.0647675,-0.588107,-0.203201,0.903221,-0.378022,0.555674,0.42426,0.715003
0.864189,0.182471,0.468915,0.00867977,0.926382,-0.376484,-0.503092,0.329424,0.798986
0.73975,0.641926,-0.201748,-0.541703,0.745996,0.38736,0.399159,-0.177262,0.899583
0.857841,0.209091,-0.469458,-0.00212054,0.914924,0.403622,0.513912,-0.345248,0.785302
0.898975,-0.315958,-0.303337,0.435558,0.717887,0.543073,0.0461737,-0.62033,0.782981
0.992669,-0.107763,-0.0547367,0.119993,0.933021,0.339225,0.0145145,-0.343306,0.939111
0.901154,-0.376826,0.214299,0.409377,0.902358,-0.134763,-0.142592,0.209171,0.967427
0.693532,0.391229,0.604941,-0.309558,0.92006,-0.240133,-0.650529,-0.0207243,0.759199
0.51753,-0.668842,-0.533679,0.550824,0.737698,-0.390376,0.654794,-0.0919316,0.750196
0.739192,0.659434,-0.136899,-0.654849,0.656226,-0.374887,-0.157377,0.366762,0.916907
0.631106,0.63221,0.44946,-0.453791,0.770841,-0.447077,-0.629109,0.078192,0.773374
0.778328,0.625812,0.0506396,-0.545154,0.713613,-0.439958,-0.311468,0.314825,0.896589
0.803802,0.570318,0.169235,-0.315827,0.650179,-0.691028,-0.504139,0.502001,0.702737
0.784316,0.607253,0.126858,-0.593439,0.674834,0.438668,0.180774,-0.419336,0.88965
0.694284,0.523133,0.494268,-0.717331,0.55868,0.416309,-0.0583526,-0.64359,0.763142
0.995584,0.0377494,-0.0859519,-0.0771994,0.850173,-0.520813,0.0534136,0.525149,0.849332
0.823083,0.481792,-0.300684,-0.287307,0.809942,0.51132,0.489886,-0.334471,0.805072
0.663588,-0.491845,0.563684,0.253591,0.856769,0.449042,-0.703806,-0.155034,0.693269
0.921884,0.185434,-0.340213,-0.319659,0.8602,-0.397334,0.218972,0.475048,0.85228
0.618875,-0.438758,0.651525,0.708941,0.669158,-0.22278,-0.338226,0.599766,0.725178
0.947677,-0.218869,0.232391,0.0675145,0.848915,0.524199,-0.312011,-0.481081,0.819274
0.886563,-0.437541,0.15021,0.442331,0.706695,-0.5522,0.135458,0.556003,0.820068
0.946643,0.311674,-0.0820102,-0.225979,0.823347,0.520608,0.229783,-0.474298,0.849848
0.754954,-0.632331,-0.173789,0.596385,0.551824,0.582937,-0.272708,-0.543735,0.793714
0.835456,-0.34539,0.427456,0.534638,0.690828,-0.486742,-0.127183,0.635186,0.761815
0.853898,0.215352,0.473795,-0.209517,0.975587,-0.065827,-0.476404,-0.0430584,0.878171
0.855674,-0.409566,-0.31635,0.246667,0.860156,-0.446416,0.454947,0.303953,0.83704
0.756428,0.0835305,0.648721,-0.34594,0.892829,0.288414,-0.555106,-0.442583,0.704257
0.792227,-0.534312,0.294768,0.609288,0.66581,-0.430657,0.0338456,0.520776,0.853022
0.825317,0.516276,-0.228717,-0.528243,0.562781,-0.635797,-0.199529,0.645552,0.737191
0.985617,0.156818,-0.0629845,-0.165206,0.972576,-0.163718,0.0355831,0.171769,0.984494
0.829909,0.335849,-0.445484,-0.198238,0.923916,0.327233,0.52149,-0.183262,0.833345
0.762687,0.611909,0.209466,-0.635076,0.647233,0.421626,0.122423,-0.454595,0.882245
0.79166,-0.0704418,-0.606888,0.278907,0.925455,0.256405,0.543586,-0.372251,0.752292
0.937641,-0.309235,-0.158753,0.260443,0.927453,-0.26833,0.230213,0.210251,0.950156
0.880906,-0.472427,-0.0285989,0.464413,0.851152,0.244663,-0.0912433,-0.228806,0.969186
0.728109,0.684345,0.0391077,-0.656696,0.680064,0.325982,0.196488,-0.263032,0.944567
0.932462,0.349198,-0.0926072,-0.237365,0.785431,0.571626,0.272347,-0.511037,0.815272
0.9814,0.0271577,-0.190044,0.08069,0.839898,0.536713,0.174193,-0.542065,0.822084
0.770982,0.568193,-0.287652,-0.331498,0.743706,0.580526,0.543779,-0.352219,0.761739
0.919499,-0.246835,-0.305932,0.210094,0.966376,-0.14825,0.332238,0.0720413,0.94044
0.897811,-0.438912,0.0359354,0.410055,0.80344,-0.43167,0.160593,0.402293,0.901316
0.83968,0.499545,-0.213056,-0.482596,0.86627,0.129142,0.249076,-0.00561769,0.968468
0.720565,-0.391111,-0.572554,0.482463,0.875871,0.0088774,0.498012,-0.282633,0.819819
0.981815,0.0184102,0.188945,0.110375,0.754418,-0.647047,-0.154456,0.656136,0.738667
0.871088,0.478273,-0.111626,-0.490833,0.855635,-0.164229,0.0169648,0.197848,0.980086
0.97292,0.204742,0.107268,-0.162471,0.935863,-0.312672,-0.164405,0.286777,0.943785
0.724186,0.570107,0.387985,-0.662864,0.730635,0.163657,-0.190173,-0.3757,0.907019
0.792745,-0.291121,-0.535541,0.442432,0.879161,0.177005,0.419297,-0.37726,0.825751
0.60052,-0.651663,-0.463369,0.630344,0.742355,-0.227101,0.491978,-0.155703,0.856571
0.736807,-0.22705,0.636839,0.605357,0.641021,-0.471842,-0.301095,0.733171,0.609756
0.957942,0.282408,-0.0509315,-0.286922,0.945611,-0.15328,0.00487397,0.161447,0.986869
0.651761,-0.701519,-0.288232,0.531215,0.693501,-0.486689,0.541312,0.164092,0.824655
0.672658,0.545629,-0.49982,-0.182277,0.776844,0.602735,0.717152,-0.314329,0.622006
0.863087,-0.466145,-0.194396,0.380893,0.85352,-0.355561,0.331664,0.232836,0.914214
0.743687,-0.616057,0.259622,0.586066,0.787629,0.190177,-0.321646,0.0107232,0.946799
0.817902,0.280581,0.502305,-0.191163,0.955957,-0.222715,-0.542672,0.0861368,0.835516
0.89757,0.0648483,0.436076,0.0635029,0.959792,-0.273436,-0.436274,0.27312,0.857362
0.791993,-0.0101834,0.610445,0.231713,0.930065,-0.28511,-0.564851,0.367253,0.738965
0.997122,0.0645894,-0.0396973,-0.0648165,0.997887,-0.00445811,0.0393255,0.00701831,0.999202
0.998978,0.0451834,0.000832831,-0.0416608,0.927923,-0.370435,-0.0175103,0.370022,0.928858
0.952404,0.106879,-0.285489,0.0514844,0.866673,0.496212,0.30046,-0.487293,0.81992
0.678279,-0.425122,-0.59934,0.633326,0.751826,0.183458,0.372607,-0.504013,0.779188
0.990269,0.138863,-0.00912781,-0.126887,0.874036,-0.468999,-0.0571487,0.465594,0.883151
0.782931,0.565086,-0.260185,-0.583736,0.811915,0.00682982,0.215107,0.146532,0.965535
0.8041,0.486581,-0.34156,-0.335428,0.845688,0.415089,0.490828,-0.219205,0.843231
0.893219,0.213487,0.395707,-0.300865,0.937811,0.173177,-0.334127,-0.273739,0.901901
0.933404,0.215508,0.286905,-0.29171,0.921341,0.256975,-0.208957,-0.323554,0.922849
0.99135,0.0789049,0.104881,-0.0750387,0.996365,-0.0403173,-0.107681,0.0320984,0.993667
0.732527,0.552754,-0.397325,-0.509109,0.832303,0.219273,0.451898,0.0416583,0.891096
0.924756,-0.208557,0.318324,0.323057,0.87233,-0.366979,-0.201148,0.442203,0.874068
0.818775,0.539712,-0.19575,-0.487166,0.833547,0.260515,0.30377,-0.117941,0.945417
0.70647,0.643288,0.295094,-0.705595,0.672641,0.22291,-0.055097,-0.365696,0.929102
0.937004,-0.34772,0.03337,0.310548,0.87294,0.376213,-0.159947,-0.34215,0.925932
0.717707,-0.610527,0.334893,0.695661,0.60732,-0.383691,0.030867,0.50835,0.860597
0.858477,-0.468665,-0.208257,0.503678,0.846941,0.170292,0.096571,-0.251086,0.963135
0.929734,0.364888,-0.0495136,-0.296575,0.662309,-0.688033,-0.218262,0.654372,0.723988
0.827713,-0.229256,0.512184,0.233428,0.970687,0.0572538,-0.510296,0.0721685,0.856965
0.708952,-0.0251383,-0.704809,0.221883,0.956567,0.189069,0.669444,-0.290426,0.683738
0.652722,-0.589331,0.476071,0.692493,0.718973,-0.0594282,-0.307259,0.368466,0.877397
0.607482,0.470386,-0.64008,-0.515681,0.846453,0.132628,0.604184,0.249508,0.756774
0.755983,0.44256,0.482318,-0.208586,0.861279,-0.463347,-0.62047,0.249678,0.743423
0.918162,0.392392,0.0548465,-0.290943,0.761702,-0.578932,-0.268945,0.515596,0.813529
0.822517,0.169726,-0.542825,0.110383,0.888646,0.445112,0.557926,-0.426031,0.712191
0.600316,-0.488952,-0.632887,0.538811,0.832061,-0.131747,0.591019,-0.261917,0.762953
0.788614,-0.566468,-0.239167,0.612304,0.759085,0.221075,0.0563161,-0.320786,0.945476
0.97818,-0.0984987,-0.182928,0.0257383,0.931142,-0.363748,0.20616,0.351103,0.913359
0.752175,0.286895,0.593233,-0.372582,0.927695,0.0237615,-0.543522,-0.238901,0.80468
0.863964,0.058157,0.500184,0.101077,0.953063,-0.285403,-0.493305,0.297135,0.817533
0.760941,0.646364,0.0564107,-0.599111,0.733355,-0.321336,-0.249069,0.210721,0.945284
0.995793,0.0841146,0.0363499,-0.079375,0.990017,-0.116474,-0.0457842,0.113099,0.992528
0.900227,0.43427,-0.0316261,-0.425582,0.862209,-0.274727,-0.0920373,0.260776,0.961002
0.68838,-0.524229,0.501315,0.327106,0.841226,0.430512,-0.647406,-0.132372,0.750562
0.731672,-0.0848998,0.676349,0.0634141,0.996388,0.056472,-0.678701,0.0015711,0.734413
0.95471,0.0591637,0.291598,-0.0543968,0.99822,-0.0244355,-0.292525,0.00746687,0.956229
0.839905,-0.3125,0.443739,0.510129,0.733666,-0.44889,-0.185278,0.603389,0.775625
0.935602,0.18155,0.3028,-0.323044,0.786247,0.526743,-0.142445,-0.59064,0.794263
0.924799,-0.330275,0.188854,0.380344,0.790511,-0.480032,0.00925138,0.515762,0.856682
0.912476,-0.308052,0.269241,0.104018,0.811135,0.575535,-0.395686,-0.497157,0.772184
0.851028,-0.210062,-0.481275,0.377989,0.881256,0.283747,0.364522,-0.423393,0.829375
0.755554,-0.650361,-0.0785429,0.653622,0.756439,0.0240403,0.043778,-0.0695011,0.996621
0.97243,0.23319,0.00125867,-0.210521,0.875551,0.434846,0.1003,-0.423123,0.900504
0.745698,-0.256702,-0.614849,0.501373,0.823949,0.264071,0.438817,-0.505185,0.74312
0.728235,0.326568,-0.602517,-0.627891,0.670249,-0.395625,0.274638,0.666423,0.693148
0.677939,-0.565017,0.47027,0.440663,0.824395,0.355231,-0.5884,-0.0335939,0.807872
0.770655,-0.00957447,0.637181,-0.421797,0.741844,0.521301,-0.47768,-0.670504,0.567667
0.68555,-0.688153,-0.237628,0.541398,0.70011,-0.465546,0.486733,0.190504,0.852525
0.891757,-0.290462,0.346988,0.448849,0.665169,-0.596729,-0.0574782,0.687883,0.723542
0.918691,-0.368929,-0.14106,0.27033,0.847688,-0.45645,0.287972,0.381204,0.878496
0.898123,-0.00481854,0.439717,-0.292286,0.740548,0.60511,-0.328547,-0.671987,0.663695
0.829555,-0.297915,0.472319,0.146097,0.93213,0.331344,-0.538975,-0.205864,0.816778
0.919147,-0.384786,-0.0843047,0.36616,0.913503,-0.177311,0.14524,0.132106,0.980537
0.677051,-0.648826,-0.347313,0.509895,0.753873,-0.414345,0.530668,0.10344,0.841244
0.948868,-0.0642906,-0.309058,0.0699807,0.997521,0.00734877,0.30782,-0.0286011,0.951015
0.864603,0.0203821,0.502041,0.269206,0.824871,-0.497108,-0.424251,0.564953,0.707699
0.724465,0.649278,-0.231493,-0.678421,0.731069,-0.0726841,0.122045,0.209707,0.970118
0.985381,-0.0666298,-0.156793,0.14845,0.787356,0.598359,0.0835836,-0.612888,0.785737
0.899182,-0.434218,0.054091,0.389943,0.739072,-0.549287,0.198533,0.515001,0.833881
0.798599,0.11187,-0.591375,-0.175919,0.983051,-0.0515991,0.57558,0.145241,0.804744
0.745025,0.64569,0.1674,-0.634492,0.763428,-0.120821,-0.205811,-0.0161992,0.978458
0.659528,-0.218186,-0.719318,0.557925,0.783377,0.273934,0.503729,-0.581992,0.638391
0.8553,0.511055,0.0853473,-0.472326,0.836751,-0.277048,-0.213001,0.196647,0.957058
0.748361,-0.272406,0.604773,0.172425,0.960325,0.219192,-0.640488,-0.0597568,0.76564
0.965948,-0.25569,-0.039579,0.245943,0.954889,-0.166431,0.0803483,0.15103,0.985258
0.586997,-0.410058,-0.698059,0.657674,0.744351,0.115787,0.472122,-0.527062,0.706616
0.787836,0.116105,0.604842,-0.211134,0.973475,0.0881447,-0.578564,-0.197146,0.791452
0.820362,0.124906,-0.558036,0.297944,0.739572,0.603543,0.488094,-0.661387,0.569502
0.736868,-0.561692,0.376202,0.664783,0.703157,-0.252256,-0.122839,0.435972,0.891537
0.957317,-0.114587,-0.265356,0.25255,0.77812,0.575107,0.140579,-0.617575,0.773847
0.928189,-0.00815642,0.372019,0.248585,0.757534,-0.603613,-0.276893,0.652745,0.705162
0.806937,-0.0276016,-0.589992,0.0366854,0.999321,0.00342376,0.589497,-0.0244068,0.807402
0.762521,0.601283,0.23879,-0.597359,0.512608,0.616762,0.248443,-0.612937,0.750056
0.87741,-0.448027,-0.171535,0.449701,0.892634,-0.0312013,0.167097,-0.0497632,0.984684
0.75322,0.581427,0.307574,-0.653354,0.715415,0.247609,-0.0760766,-0.387459,0.918742
0.854839,-0.310335,-0.415864,-0.0685648,0.726861,-0.683354,0.514343,0.612671,0.600071
0.780119,-0.512431,-0.358927,0.50337,0.854791,-0.126299,0.371527,-0.0821449,0.924781
0.732098,-0.277323,-0.622194,0.613131,0.666252,0.424474,0.296822,-0.692243,0.657797
0.947252,-0.101628,0.303951,0.0287998,0.971547,0.235091,-0.319194,-0.213937,0.923226
0.798838,0.431596,-0.419027,-0.443984,0.893024,0.0733934,0.405878,0.127412,0.905003
0.819584,-0.203415,0.535635,0.398148,0.87446,-0.277124,-0.41202,0.440389,0.797682
0.799688,0.424545,-0.42457,-0.36367,0.905148,0.220115,0.477748,-0.0216199,0.878231
0.824342,-0.364541,-0.433093,0.512941,0.804656,0.299032,0.239481,-0.468655,0.8503
0.822261,-0.364402,-0.437147,0.369453,0.926052,-0.0770199,0.432888,-0.0981749,0.896086
0.885726,0.456595,0.0837282,-0.428633,0.873682,-0.230116,-0.178222,0.167931,0.969555
0.685504,-0.603515,-0.407252,0.72072,0.641768,0.262099,0.10318,-0.473185,0.8749
0.927189,0.263677,-0.266072,-0.0750534,0.826658,0.557677,0.366997,-0.497103,0.786258
0.96728,0.253298,-0.0144478,-0.242166,0.904787,-0.35031,-0.0756606,0.342346,0.936523
0.872122,-0.348793,-0.343143,0.489287,0.61972,0.613633,-0.00137791,-0.703058,0.711131
0.654254,0.353006,0.668833,-0.529593,0.845194,0.0719621,-0.539891,-0.401291,0.739921
0.969078,-0.246745,0.00216284,0.222279,0.876725,0.42655,-0.107145,-0.412879,0.904462
0.984853,0.121944,0.123264,-0.0698455,0.929683,-0.361678,-0.158701,0.34759,0.924119
0.902521,0.413814,-0.119219,-0.343447,0.858661,0.380455,0.259807,-0.302423,0.917083
0.880184,-0.369924,-0.297375,0.182544,0.842185,-0.507348,0.438125,0.392275,0.808805
0.987961,-0.153347,0.0204191,0.152579,0.987671,0.0350126,-0.0255364,-0.0314755,0.999178
0.854363,-0.0627232,-0.515878,0.219539,0.943322,0.248891,0.471027,-0.325899,0.819709
0.821149,-0.0946636,0.562808,0.383183,0.822269,-0.420767,-0.422948,0.561171,0.711479
0.725353,0.471047,0.501974,-0.590126,0.800952,0.101127,-0.354422,-0.36958,0.85895
0.691782,0.556022,0.460736,-0.252525,0.784037,-0.567025,-0.676513,0.27591,0.682791
0.77843,-0.604839,0.167979,0.583979,0.599609,-0.547208,0.230251,0.52406,0.819967
0.776481,0.480423,-0.407763,-0.622775,0.683722,-0.380362,0.0960621,0.549289,0.830093
0.846782,0.0617328,0.528347,-0.211467,0.950452,0.227865,-0.488101,-0.30468,0.81788
0.962664,0.183131,-0.199354,-0.136336,0.964212,0.227391,0.233862,-0.191722,0.95318
0.935703,0.332212,0.11872,-0.33566,0.941933,0.00973968,-0.10859,-0.0489629,0.99288
0.895699,-0.21436,0.38958,0.222986,0.974537,0.0235484,-0.384708,0.0657786,0.920691
0.859031,-0.0535721,0.509113,-0.226375,0.852237,0.471642,-0.459152,-0.520406,0.71997
0.738155,-0.485471,-0.468449,0.653096,0.688271,0.31583,0.169093,-0.539073,0.825111
0.834789,0.34436,0.429585,-0.176947,0.906667,-0.382943,-0.521361,0.243663,0.817809
0.716786,0.564623,0.409168,-0.64355,0.761575,0.0764585,-0.268442,-0.318125,0.90925
0.647619,0.512786,-0.563596,-0.249696,0.841642,0.478844,0.71989,-0.169381,0.673104
0.957469,-0.156763,0.242235,0.00753338,0.85283,0.522134,-0.288437,-0.498102,0.81774
0.714051,0.658943,-0.236483,-0.57445,0.744544,0.340091,0.400173,-0.106995,0.910172
0.606894,0.559216,0.564763,-0.478802,0.824418,-0.301801,-0.634372,-0.0872488,0.768088
0.946638,0.293786,0.132542,-0.251646,0.930669,-0.265575,-0.201375,0.21805,0.954936
0.809077,-0.558791,-0.182065,0.426646,0.771515,-0.471952,0.404188,0.304168,0.86262
0.7678,-0.310521,0.56041,0.503592,0.833242,-0.22826,-0.396078,0.457476,0.796139
0.799383,-0.571559,-0.185225,0.47359,0.789123,-0.391148,0.369729,0.224956,0.901496
0.773079,-0.284331,-0.567014,0.324157,0.945457,-0.0321393,0.545226,-0.158955,0.823081
0.903729,0.378254,0.200492,-0.199873,0.78695,-0.583747,-0.378582,0.487477,0.786792
0.739759,-0.28735,0.608429,0.61393,0.658335,-0.435528,-0.275401,0.695719,0.663422
0.868525,-0.186436,-0.459244,0.43991,0.716832,0.540953,0.228348,-0.671858,0.704602
0.778165,0.425939,0.461556,-0.531705,0.837926,0.123167,-0.334288,-0.341256,0.878519
0.724642,-0.465054,-0.508546,0.26627,0.869598,-0.415812,0.635606,0.165904,0.753977
0.837706,-0.486515,-0.248098,0.429342,0.867453,-0.251377,0.337512,0.104061,0.935552
0.764868,-0.334663,-0.550434,0.550295,0.783649,0.288218,0.334891,-0.52335,0.783551
0.832384,-0.286077,0.474654,0.287616,0.955091,0.0712572,-0.473723,0.0772047,0.877283
0.710186,0.280768,-0.645605,-0.552955,0.790053,-0.264681,0.435748,0.544964,0.716337
0.912506,0.328298,0.244034,-0.377846,0.905029,0.195334,-0.15673,-0.270451,0.94989
0.833751,-0.526411,0.166588,0.366389,0.753189,0.54632,-0.413061,-0.394459,0.820843
0.962168,0.146663,0.229615,-0.126728,0.986948,-0.0993632,-0.241191,0.0665056,0.968196
0.750601,0.229379,0.619664,0.161583,0.845617,-0.508746,-0.640695,0.481992,0.597657
0.873271,-0.177826,-0.453625,-0.159681,0.775148,-0.611267,0.460326,0.606237,0.648519
0.873783,0.295693,0.386094,-0.136944,0.911396,-0.388076,-0.466636,0.286221,0.836856
0.753344,-0.630267,0.187713,0.581138,0.504421,-0.638621,0.307815,0.590189,0.746275
0.738569,-0.667412,0.0952737,0.653662,0.674309,-0.343558,0.165051,0.316018,0.934286
0.976485,-0.21558,0.00180726,0.21338,0.967648,0.134636,-0.0307736,-0.131084,0.990893
0.985823,-0.110202,-0.126523,0.13792,0.961668,0.237008,0.0955544,-0.251098,0.963234
0.801744,-0.337299,0.493393,0.297689,0.941209,0.159707,-0.518255,0.0188336,0.855019
0.862923,0.453173,0.223602,-0.386688,0.877019,-0.285147,-0.325324,0.159596,0.932037
0.635183,0.644444,-0.425717,-0.452795,0.757238,0.47071,0.625715,-0.106224,0.772785
0.858586,-0.164583,-0.485532,0.406711,0.795244,0.449636,0.312114,-0.583523,0.749724
0.99154,-0.0988672,-0.0841092,0.129804,0.756287,0.641234,0.000213741,-0.646727,0.762722
0.737431,-0.395179,-0.547749,0.229015,0.909226,-0.347649,0.635411,0.130925,0.760993
0.721006,0.198173,-0.663986,-0.565389,0.722237,-0.398383,0.400607,0.662646,0.632783
0.778119,0.418608,-0.468294,0.0301568,0.719794,0.693532,0.627393,-0.553773,0.547461
0.735757,-0.59712,-0.319546,0.465457,0.788579,-0.401861,0.491947,0.146937,0.858136
0.988029,0.148865,0.0404801,-0.140459,0.976572,-0.163029,-0.063801,0.155391,0.985791
0.941977,-0.279925,-0.185259,0.116664,0.790501,-0.601246,0.314752,0.544747,0.777292
0.85264,0.302495,0.426031,-0.508903,0.665576,0.545917,-0.118419,-0.682279,0.721437
0.901875,-0.169666,0.397283,-0.0962295,0.817636,0.567636,-0.421142,-0.550168,0.721079
0.835994,-0.22955,-0.498418,0.208859,0.973041,-0.0978227,0.507437,-0.0223198,0.8614
0.55782,-0.473843,-0.681403,0.715468,0.690644,0.105436,0.420647,-0.546336,0.724274
0.970884,0.21541,0.1048,-0.238583,0.830227,0.503787,0.0215131,-0.514122,0.857447
0.8165,0.576525,0.0307653,-0.577345,0.815381,0.0427395,-0.000445005,-0.052659,0.998612
0.874328,-0.0925535,0.47643,0.182319,0.972386,-0.145686,-0.44979,0.21424,0.867059
0.720943,0.140824,0.678535,-0.554464,0.704569,0.442891,-0.415705,-0.695522,0.586036
0.88533,0.320541,-0.336814,-0.461966,0.688511,-0.559053,0.0527008,0.650543,0.757639
0.817314,0.322766,-0.477305,0.0764577,0.7603,0.645057,0.571097,-0.563707,0.596726
0.96336,0.237809,-0.124033,-0.266624,0.798859,-0.5392,-0.0291415,0.552514,0.832994
0.937473,-0.0012898,0.348055,-0.176508,0.860107,0.478604,-0.299982,-0.510113,0.806099
0.850203,-0.204497,-0.485115,0.0918059,0.964946,-0.245868,0.518389,0.164502,0.839173
0.781516,0.217461,-0.58476,-0.0643998,0.960399,0.271085,0.620553,-0.174198,0.764571
0.820894,0.522181,-0.231215,-0.342744,0.774334,0.531914,0.456793,-0.357398,0.814621
0.703706,-0.446148,0.552947,0.542721,0.839811,-0.0130863,-0.458532,0.309305,0.833114
0.824981,-0.199813,-0.528659,0.278372,0.95774,0.0724142,0.491848,-0.206904,0.84574
0.848651,0.00907516,-0.528875,-0.0025089,0.999911,0.013132,0.528947,-0.00981755,0.848598
0.74536,-0.14071,-0.651644,-0.334753,0.766313,-0.548366,0.576523,0.626869,0.524076
0.613814,0.678766,0.403125,-0.550866,0.734034,-0.397166,-0.56549,0.0217186,0.824469
0.741244,0.327615,-0.585854,0.117759,0.795794,0.594008,0.660825,-0.509294,0.551298
0.745365,-0.468287,-0.474488,0.238028,0.85177,-0.466724,0.622715,0.234938,0.746344
0.884635,0.0426775,0.464327,-0.322285,0.775615,0.542728,-0.336977,-0.629761,0.699891
0.972763,-0.166581,0.161194,0.208235,0.933489,-0.291954,-0.101839,0.317569,0.942751
0.984427,-0.139729,-0.106677,0.175181,0.830426,0.52887,0.0146893,-0.539322,0.841972
0.789639,-0.560416,0.249808,0.612201,0.746814,-0.259766,-0.0409832,0.358055,0.932801
0.87077,0.0749948,0.485937,-0.260937,0.90813,0.327432,-0.416738,-0.411917,0.810342
0.860226,0.502277,-0.0879202,-0.479887,0.85574,0.193439,0.172397,-0.12421,0.977165
0.975086,-0.0555382,-0.214762,0.0433227,0.997186,-0.0611771,0.217556,0.0503488,0.974748
0.766503,-0.342196,0.543484,0.27744,0.939625,0.200331,-0.579224,-0.0027695,0.815164
0.986953,0.0232664,0.15932,0.0325121,0.940323,-0.338726,-0.157693,0.339486,0.927298
0.715261,-0.0459108,-0.697348,0.0792842,0.996728,0.0156999,0.694346,-0.0665182,0.716561
0.706112,-0.303899,-0.639571,0.201734,0.952127,-0.22969,0.678756,0.0331639,0.733615
0.842954,0.474109,0.254263,-0.194747,0.709479,-0.677284,-0.501501,0.521402,0.690389
0.737724,0.674913,-0.0159771,-0.644311,0.710946,0.281814,0.201559,-0.197607,0.959336
0.67234,0.626765,-0.393859,-0.681588,0.731735,0.000930953,0.288784,0.267824,0.91917
0.963049,-0.269183,-0.00879883,0.268957,0.962924,-0.0209839,0.0141211,0.017842,0.999741
0.858776,0.179313,0.479948,0.0862776,0.872767,-0.480452,-0.505034,0.45401,0.734041
0.838426,0.45938,-0.293279,-0.377623,0.877653,0.29517,0.392992,-0.136729,0.90932
0.80805,0.169419,0.564228,-0.258475,0.962605,0.081133,-0.529383,-0.211398,0.821623
0.866173,0.499549,0.0139437,-0.373779,0.666116,-0.645429,-0.331712,0.553842,0.763693
0.741812,0.463834,0.484328,-0.143879,0.815486,-0.560609,-0.654992,0.346181,0.671673
0.870425,-0.403419,0.282159,0.348195,0.909659,0.226452,-0.348023,-0.0988637,0.932258
0.709172,-0.505379,0.491597,0.149112,0.789004,0.596018,-0.689087,-0.349376,0.634898
0.667105,0.649531,-0.364803,-0.67175,0.736185,0.0823653,0.322061,0.19011,0.927435
0.76496,0.557282,-0.322913,-0.203208,0.684573,0.700047,0.611182,-0.469889,0.636915
0.796321,-0.17327,-0.579525,-0.135267,0.882817,-0.44982,0.589555,0.436591,0.679568
0.967639,-0.0266237,-0.250931,0.13736,0.889753,0.435284,0.211678,-0.455665,0.864617
0.811855,-0.225526,-0.538544,0.406548,0.880392,0.24419,0.419058,-0.417191,0.806438
0.725641,-0.455928,0.515339,0.341966,0.888878,0.304885,-0.597079,-0.0450082,0.800919
0.877639,0.431618,0.208462,-0.389216,0.895557,-0.215614,-0.279752,0.108095,0.953968
0.754028,-0.545942,0.365226,0.550667,0.828519,0.101594,-0.358061,0.124513,0.925359
0.76664,-0.481491,0.424769,0.0419636,0.697714,0.715146,-0.640704,-0.530435,0.555101
0.958679,-0.143941,-0.24539,-0.0256382,0.815334,-0.578422,0.283334,0.560813,0.777953
0.972593,0.0475231,-0.227608,0.115056,0.752279,0.64872,0.202054,-0.657128,0.726193
0.869682,0.288458,0.400557,0.0659982,0.736241,-0.673494,-0.489181,0.612161,0.621258
0.928928,-0.130539,0.346485,-0.0448904,0.889179,0.455351,-0.367528,-0.438543,0.820124
0.976213,0.180749,-0.119741,-0.215836,0.757782,-0.615778,-0.0205633,0.626975,0.778768
0.755927,-0.590995,0.281599,0.626658,0.777684,-0.0500725,-0.189403,0.214318,0.958225
0.790666,-0.216414,-0.572724,0.265311,0.964161,0.00194564,0.551777,-0.153488,0.819746
0.791912,-0.507491,-0.339599,0.605919,0.584084,0.5401,-0.0757414,-0.633481,0.770042
0.65112,-0.552859,-0.519991,0.380843,0.830619,-0.406239,0.656507,0.0664755,0.751385
0.796823,-0.589081,-0.134376,0.542957,0.79568,-0.268496,0.265086,0.140984,0.953862
0.94301,0.19189,0.271865,0.0307215,0.763297,-0.645317,-0.331343,0.616893,0.713901
0.952561,-0.172184,0.250959,0.29557,0.719969,-0.627919,-0.0725654,0.672307,0.736707
0.811052,0.464657,0.355371,-0.271487,0.837102,-0.474926,-0.51816,0.288711,0.805082
0.711716,-0.298307,-0.635982,0.286743,0.949864,-0.124646,0.64128,-0.0936511,0.761571
0.747092,-0.602007,-0.281852,0.65625,0.735461,0.168621,0.10578,-0.31094,0.944525
0.674872,0.420369,0.606497,-0.369698,0.903904,-0.215129,-0.638649,-0.0790364,0.765429
0.983298,-0.0811931,0.16289,-0.0106252,0.867846,0.496719,-0.181694,-0.490154,0.852489
0.811164,0.31341,0.493748,0.0590394,0.796076,-0.60231,-0.581831,0.517722,0.627245
0.730791,0.356486,-0.582119,-0.573321,0.783391,-0.240003,0.370469,0.509133,0.776876
0.812087,-0.423774,0.401162,0.564186,0.745765,-0.354301,-0.149029,0.514053,0.844713
0.727263,0.686356,-0.00205815,-0.528316,0.561713,0.63668,0.438145,-0.461946,0.771126
0.827359,0.265371,-0.49503,0.0858256,0.811268,0.57834,0.555077,-0.520981,0.648435
0.766541,-0.442585,0.465332,0.343351,0.894782,0.28544,-0.542701,-0.0590292,0.837849
0.848122,-0.119987,-0.516035,0.0976324,0.992732,-0.0703655,0.520728,0.00929671,0.853672
0.919735,0.392539,0.000970306,-0.338019,0.793244,-0.506465,-0.199577,0.465486,0.86226
0.854217,0.424037,0.300842,-0.413921,0.904801,-0.100021,-0.314615,-0.0390851,0.948414
0.757556,0.316576,-0.570866,-0.565844,0.754506,-0.332477,0.325468,0.574891,0.750714
0.806697,-0.560217,0.18814,0.590145,0.746898,-0.306387,0.0311217,0.358191,0.933129
0.746852,-0.314914,0.585697,0.295001,0.946251,0.132604,-0.595975,0.0737459,0.799609
0.837432,-0.0970166,0.537862,0.0170879,0.988286,0.151656,-0.546275,-0.117811,0.82928
0.68607,-0.21079,-0.69633,0.473362,0.856148,0.207218,0.552481,-0.471782,0.687158
0.946361,0.246954,-0.20836,-0.18852,0.945734,0.264664,0.262413,-0.211188,0.941562
0.991334,-0.0181886,0.130097,-0.0499118,0.863941,0.501114,-0.12151,-0.503264,0.855547
0.77269,0.579487,-0.259125,-0.628696,0.755016,-0.186261,0.0877075,0.306833,0.947713
0.711271,-0.154192,-0.685797,0.20569,0.978594,-0.00669316,0.672149,-0.136301,0.727762
0.698284,0.68199,0.217463,-0.636769,0.730587,-0.246514,-0.326995,0.0336632,0.944426
0.950078,-0.308647,0.0457115,0.309255,0.950955,-0.00671364,-0.0413975,0.020515,0.998932
0.749745,0.638359,0.1743,-0.660573,0.70646,0.25408,0.039058,-0.305633,0.951348
0.809994,-0.183495,0.556991,0.0644067,0.971876,0.226513,-0.582891,-0.1476,0.799032
0.695756,0.655318,0.29408,-0.478718,0.728295,-0.490321,-0.535493,0.200362,0.820428
0.859747,-0.482301,0.16799,0.452979,0.87204,0.185355,-0.235891,-0.083263,0.968206
0.840525,0.387546,0.378584,-0.272236,0.906283,-0.323324,-0.468408,0.168698,0.867257
0.70842,0.154857,-0.688593,-0.490717,0.809301,-0.322844,0.507284,0.566613,0.649317
0.993846,0.110659,-0.00506775,-0.085079,0.791805,0.604819,0.0709414,-0.600666,0.796347
0.856703,-0.50343,-0.112334,0.44783,0.617879,0.646277,-0.255947,-0.603973,0.75479
0.967228,0.252524,0.0264713,-0.197437,0.682458,0.703754,0.15965,-0.685917,0.709951
0.836026,-0.254126,0.486293,0.371838,0.914132,-0.161552,-0.403481,0.315884,0.858732
0.974547,0.159747,0.157285,-0.1023,0.941178,-0.322055,-0.19948,0.297767,0.933564
0.766032,0.494573,-0.410601,-0.586303,0.799448,-0.130884,0.263522,0.340998,0.902373
0.940634,-0.324575,0.0992897,0.334816,0.935311,-0.114419,-0.0557291,0.140871,0.988458
0.7005,0.307616,-0.64395,-0.161115,0.947203,0.277216,0.695228,-0.0904397,0.713077
0.984204,-0.0955062,0.14907,0.149937,0.897385,-0.414992,-0.0941392,0.430788,0.89753
0.735011,-0.248498,-0.630878,0.131681,0.965022,-0.226698,0.665145,0.0835504,0.742025
0.707032,-0.643927,0.292343,0.47433,0.738423,0.479315,-0.524516,-0.200224,0.827522
0.972676,-0.232085,0.00611225,0.221152,0.934224,0.279854,-0.0706602,-0.270855,0.960023
0.842331,0.204958,-0.498468,-0.217946,0.97541,0.0327705,0.492928,0.0810358,0.866288
0.906088,-0.243756,-0.345815,0.0658936,0.888685,-0.453759,0.417927,0.388359,0.821288
0.837226,0.321911,0.44207,-0.247647,0.943926,-0.218345,-0.487569,0.0733267,0.87
0.76121,0.151065,-0.630665,-0.259011,0.962378,-0.0821043,0.594535,0.225848,0.7717
0.786031,0.0529224,0.615918,-0.0972284,0.994512,0.0386293,-0.610493,-0.0902485,0.786863
0.891383,0.121726,-0.4366,-0.137614,0.990474,-0.00480978,0.431855,0.0643697,0.899643
0.966192,0.059171,-0.250941,-0.195986,0.800955,-0.565739,0.167517,0.595794,0.785473
0.793346,0.113836,-0.598033,-0.353128,0.886254,-0.299758,0.495886,0.448994,0.743305
0.781398,-0.0304042,0.623291,-0.202651,0.932315,0.299534,-0.590211,-0.360366,0.722348
0.661496,-0.494712,0.563633,0.599399,0.80045,-0.000900063,-0.450715,0.338436,0.826025
0.767704,-0.126794,-0.628135,0.361599,0.894972,0.261288,0.529034,-0.427725,0.732922
0.629024,0.564881,-0.534078,-0.56748,0.803209,0.18117,0.531315,0.189118,0.825796
0.733724,0.271553,0.622822,-0.209619,0.962416,-0.172672,-0.646304,-0.00386165,0.763071
0.714384,-0.6906,-0.112816,0.623074,0.701159,-0.346633,0.318486,0.177337,0.931192
0.530517,-0.680907,-0.504894,0.510468,0.732137,-0.450996,0.676738,-0.0184713,0.735992
0.838702,-0.260443,-0.478277,0.376365,0.911949,0.163393,0.39361,-0.317045,0.862875
0.963778,0.241729,-0.112687,-0.175956,0.893819,0.412464,0.200427,-0.377696,0.903977
0.909799,0.39374,0.131278,-0.262166,0.790382,-0.553683,-0.321767,0.469324,0.822314
0.750357,0.515232,-0.414126,-0.65914,0.630553,-0.409801,0.0499858,0.580464,0.81275
0.804312,-0.565144,0.18356,0.590968,0.793013,-0.147941,-0.0619576,0.227469,0.971812
0.76881,0.639322,-0.0141123,-0.599112,0.727822,0.333675,0.223597,-0.248078,0.942582
0.736834,-0.652254,-0.177879,0.646771,0.603441,0.466418,-0.196883,-0.458719,0.866495
0.798271,-0.156349,-0.581651,0.199014,0.979949,0.00971828,0.568469,-0.123514,0.81338
0.718261,0.687673,0.105867,-0.45548,0.579748,-0.675596,-0.525965,0.437034,0.729631
0.826752,0.373519,-0.420671,-0.299389,0.925215,0.233115,0.476284,-0.0667841,0.876752
0.865864,0.108073,-0.488467,-0.26805,0.924629,-0.270576,0.422408,0.365215,0.829572
0.902631,0.194649,-0.383887,-0.0729465,0.948178,0.309253,0.424189,-0.251138,0.870054
0.781721,0.104346,0.614837,-0.453812,0.771411,0.446072,-0.427746,-0.627724,0.650381
0.869677,-0.224491,0.43962,0.394466,0.851464,-0.345552,-0.296747,0.473933,0.829053
0.933282,0.2609,0.246809,-0.138116,0.895101,-0.423933,-0.331523,0.36156,0.871416
0.999825,0.0119632,-0.0143631,-0.00453754,0.900726,0.434365,0.0181336,-0.434223,0.900623
0.552566,-0.652126,-0.51904,0.625003,0.736196,-0.259588,0.551399,-0.180962,0.814378
0.925756,-0.358927,-0.11894,0.173013,0.681783,-0.710801,0.336217,0.63745,0.693264
0.994362,0.075765,0.0741933,-0.104533,0.817974,0.565678,-0.0178296,-0.570244,0.821282
0.918313,0.218642,0.329996,-0.332811,0.877792,0.344556,-0.214333,-0.426236,0.878854
0.696169,0.589342,0.409908,-0.38641,0.788855,-0.477907,-0.605009,0.174311,0.776904
0.654639,0.211644,-0.725709,-0.504092,0.837618,-0.210445,0.563328,0.50359,0.655026
0.630769,-0.665489,0.399067,0.674783,0.72435,0.141367,-0.383143,0.180114,0.905958
0.763947,0.610507,-0.208964,-0.29238,0.616181,0.731324,0.575239,-0.497596,0.649229
0.725665,0.394296,-0.563863,-0.520177,0.850803,-0.0744971,0.450363,0.347369,0.822501
0.982423,-0.0751755,0.170862,0.0785394,0.996826,-0.0130046,-0.169342,0.0261955,0.985209
0.72113,-0.192751,-0.665446,0.0291401,0.968106,-0.24884,0.692187,0.160055,0.703747
0.851677,0.492372,-0.179488,-0.383036,0.818584,0.428023,0.357672,-0.295787,0.885765
0.710836,-0.697846,-0.0878854,0.451938,0.548907,-0.703174,0.538948,0.460123,0.705565
0.949971,0.265631,-0.164306,-0.0939691,0.744739,0.660706,0.297869,-0.612212,0.732442
0.841874,-0.210505,-0.496927,-0.176209,0.763105,-0.621788,0.510097,0.61103,0.605345
0.981376,0.158707,0.108225,-0.190806,0.870516,0.453645,-0.0222147,-0.465847,0.884587
0.791602,-0.347766,-0.50242,0.424235,0.904564,0.0422933,0.439763,-0.246624,0.863589
0.733669,-0.292517,-0.613322,0.551534,0.783576,0.28604,0.396913,-0.548127,0.736218
0.843695,-0.453283,0.287599,0.516144,0.832222,-0.20249,-0.147561,0.319283,0.936101
0.722656,-0.0895497,-0.685382,0.191012,0.978831,0.0735092,0.664291,-0.184038,0.724464
0.986425,0.0378402,0.15979,-0.0685736,0.979102,0.19146,-0.149206,-0.199818,0.968406
0.674859,-0.574855,-0.462717,0.690007,0.713873,0.119478,0.261639,-0.399909,0.878418
0.904735,-0.420949,0.0652385,0.344361,0.632617,-0.693694,0.250739,0.650075,0.717309
0.918711,-0.0895015,-0.384656,0.33161,0.703794,0.628259,0.214488,-0.704744,0.676262
0.817792,0.477973,-0.320558,-0.431222,0.877775,0.208707,0.381134,-0.0324471,0.92395
0.799601,-0.475896,0.36628,0.492119,0.868819,0.0545161,-0.344175,0.136662,0.928906
0.905387,-0.362808,-0.220554,0.422265,0.823666,0.378506,0.0443375,-0.435827,0.898938
0.80297,0.268894,-0.531916,-0.474519,0.828435,-0.297534,0.360653,0.491316,0.792804
0.887947,-0.414,-0.200382,0.155358,0.680026,-0.71654,0.432912,0.605119,0.668145
0.978089,-0.094009,-0.185752,0.0507685,0.973009,-0.225114,0.201901,0.210751,0.956462
0.867401,0.497043,0.0237367,-0.408619,0.73869,-0.536066,-0.283982,0.455285,0.843842
0.807089,0.406784,0.427941,-0.578324,0.690669,0.434186,-0.118946,-0.597915,0.792685
0.703047,-0.694671,-0.152176,0.642243,0.712111,-0.283588,0.305366,0.101642,0.946795
0.895615,-0.417642,0.153132,0.440528,0.880505,-0.17506,-0.0617208,0.224245,0.972576
0.619954,0.615467,0.486681,-0.70135,0.712772,-0.00797836,-0.351803,-0.336387,0.873544
0.723673,0.622275,0.29845,-0.689553,0.634064,0.349971,0.0285416,-0.459061,0.887946
0.998389,-0.0567268,0.00116862,0.0417771,0.721028,-0.691646,0.0383922,0.69058,0.722236
0.75467,0.279577,0.593557,-0.584254,0.69799,0.414074,-0.298532,-0.659277,0.690096
0.810113,-0.574251,0.11812,0.578291,0.815831,8.58261e-05,-0.0964149,0.068238,0.992999
0.707887,0.0561922,-0.704087,-0.0386116,0.998418,0.0408624,0.70527,-0.00174002,0.708937
0.811722,0.583371,-0.0280112,-0.560332,0.764345,-0.31907,-0.164726,0.274691,0.947317
0.698923,0.0871425,0.709868,-0.217686,0.971376,0.0950852,-0.681263,-0.220986,0.697887
0.803913,-0.594105,0.0276153,0.555611,0.733639,-0.391243,0.21218,0.329869,0.919873
0.80624,-0.522324,0.277767,0.563534,0.820961,-0.0919341,-0.180017,0.230652,0.956239
0.632695,0.399485,-0.663407,-0.46265,0.881974,0.0898689,0.621009,0.250065,0.742842
0.974124,-0.219616,-0.0533947,0.225728,0.957231,0.180983,0.0113642,-0.188352,0.982036
0.672009,-0.712214,0.202867,0.493091,0.634726,0.594966,-0.552508,-0.299791,0.777728
0.786984,-0.459245,0.412008,0.456201,0.882732,0.112539,-0.415375,0.0993917,0.904204
0.958139,0.0673593,-0.278266,-0.0464252,0.99562,0.0811541,0.282513,-0.0648384,0.95707
0.688823,0.50219,-0.522808,-0.111272,0.785881,0.608284,0.716339,-0.360826,0.597213
0.886673,0.460613,-0.0405935,-0.401182,0.80997,0.427786,0.229923,-0.363021,0.902968
0.791943,-0.232871,-0.564444,-0.0142791,0.917101,-0.3984,0.610428,0.32357,0.722966
0.706635,0.620729,0.339651,-0.243936,0.664301,-0.70654,-0.664201,0.416413,0.620836
0.580178,0.620349,0.527789,-0.669293,0.732391,-0.125104,-0.464156,-0.280662,0.840112
0.85328,0.521453,-7.26618e-05,-0.5179,0.847482,0.116421,0.0607696,-0.0993019,0.9932
0.860116,0.392631,-0.32564,-0.466546,0.863628,-0.190999,0.20624,0.316207,0.926001
0.768499,0.603878,-0.211519,-0.617125,0.612213,-0.49432,-0.169014,0.510418,0.843153
0.883096,0.237426,-0.404685,-0.005601,0.867788,0.496903,0.469158,-0.436547,0.76767
0.937229,0.0508366,0.344988,-0.0952747,0.989006,0.113095,-0.335446,-0.138865,0.931768
0.75748,0.502764,-0.416476,-0.241106,0.808259,0.537201,0.606707,-0.306504,0.733459
0.648007,0.607051,0.459974,-0.660606,0.748547,-0.0572408,-0.37906,-0.266769,0.886086
0.986933,0.000670882,-0.161128,-0.0830365,0.859096,-0.505034,0.138086,0.511815,0.847926
0.687169,0.3722,0.623912,-0.492997,0.869695,0.0241564,-0.533622,-0.324186,0.781121
0.673791,0.438657,-0.594631,-0.246439,0.892056,0.37882,0.696616,-0.108705,0.709161
0.978331,0.163323,-0.127254,-0.180186,0.974361,-0.134738,0.101986,0.154748,0.982676
0.914612,0.224271,-0.336433,0.0073786,0.822675,0.568464,0.404265,-0.522407,0.750773
0.716984,-0.440982,0.539878,0.41224,0.892763,0.181749,-0.562131,0.0922487,0.821887
0.77139,0.492373,0.403146,-0.619901,0.724571,0.301198,-0.143806,-0.482251,0.864149
0.976722,-0.0174271,0.213801,0.0875846,0.942229,-0.323317,-0.195815,0.334517,0.921822
0.712537,0.243337,0.658087,-0.41094,0.904963,0.110318,-0.5687,-0.34904,0.744817
0.790995,-0.490763,-0.365347,0.265305,0.813214,-0.517972,0.551307,0.312785,0.773451
0.730766,0.213499,0.648382,-0.573472,0.707236,0.413458,-0.370286,-0.67397,0.639259
0.765563,0.170142,0.620456,-0.111628,0.984898,-0.132344,-0.633603,0.0320572,0.772994
0.749221,0.514123,0.417546,-0.619505,0.766972,0.167234,-0.234268,-0.383967,0.893134
0.836638,-0.507014,0.2073,0.530983,0.657759,-0.534238,0.134512,0.557036,0.819522
0.841661,-0.396136,-0.366991,0.529084,0.740929,0.413636,0.108058,-0.54231,0.8332
0.760191,0.269954,-0.59096,-0.351875,0.935708,-0.0252033,0.546162,0.227104,0.806307
0.926122,0.201271,-0.319042,-0.367383,0.673172,-0.64177,0.0856002,0.711568,0.697384
0.764377,0.64103,0.0693422,-0.643722,0.752578,0.13874,0.0367513,-0.150687,0.987898
0.888416,0.174723,0.424487,-0.247412,0.961175,0.122184,-0.386658,-0.213574,0.897152
0.980817,-0.0898259,-0.172999,0.0662613,0.988286,-0.137477,0.183322,0.123377,0.97528
0.834594,-0.099765,-0.541756,-0.14347,0.910157,-0.388627,0.531854,0.402071,0.745299
0.686735,0.181654,-0.703845,-0.34991,0.931318,-0.101042,0.637148,0.315672,0.703131
0.796435,0.599344,0.0804856,-0.429594,0.654423,-0.622238,-0.425606,0.460996,0.77868
0.652681,-0.685024,0.323651,0.58426,0.72705,0.360609,-0.482336,-0.0462667,0.874764
0.904695,0.408914,-0.119649,-0.359665,0.883526,0.300037,0.228403,-0.228409,0.946394
0.994537,-0.0487753,-0.0922927,0.091303,0.835036,0.542567,0.0506038,-0.54803,0.834927
0.82816,-0.439208,0.348207,0.474769,0.879898,-0.0193168,-0.297903,0.181315,0.937219
0.723573,0.145731,-0.674688,0.00588504,0.97612,0.217151,0.690223,-0.161095,0.705437
0.856463,-0.0766219,-0.510491,0.261072,0.917418,0.300308,0.445323,-0.390477,0.805739
0.918495,-0.255906,-0.301463,-0.0297532,0.715475,-0.698004,0.394313,0.650082,0.649546
0.749597,-0.149853,-0.644708,0.454054,0.825136,0.336134,0.4816,-0.544697,0.686561
0.687317,0.663992,0.294468,-0.617778,0.747602,-0.243804,-0.382029,-0.0143451,0.924039
0.924461,-0.281914,-0.256703,0.163862,0.90169,-0.400131,0.344269,0.327842,0.879772
0.956989,-0.253057,-0.141893,0.248327,0.967364,-0.0504071,0.150018,0.0130034,0.988598
0.665781,0.611848,-0.427057,-0.467192,0.788106,0.400775,0.581779,-0.0673106,0.810557
0.737027,-0.427967,-0.523102,0.38393,0.902084,-0.197085,0.556228,-0.0555782,0.829169
0.928755,-0.363771,-0.0713103,0.29646,0.84438,-0.446245,0.222544,0.393311,0.892065
0.801736,-0.561046,0.206029,0.303422,0.679058,0.668442,-0.514932,-0.4734,0.714659
0.925857,-0.269818,-0.26455,0.192471,0.939213,-0.284314,0.325181,0.212315,0.921509
0.778991,-0.118006,0.61583,0.298974,0.933203,-0.199364,-0.551169,0.339421,0.762238
0.750116,-0.55754,0.355634,0.603154,0.797315,-0.0222158,-0.271166,0.231166,0.934361
0.684438,0.138028,0.715886,-0.520845,0.779658,0.347641,-0.510162,-0.610804,0.605519
0.963869,0.151131,-0.219354,-0.172703,0.981501,-0.0826431,0.202807,0.11754,0.972139
0.918267,-0.394779,0.0305927,0.376171,0.845641,-0.378663,0.123618,0.359222,0.925029
0.787431,-0.383106,0.482889,0.451378,0.891879,-0.0284636,-0.419774,0.240378,0.875219
0.665856,0.248527,-0.70347,-0.353522,0.935417,-0.00414752,0.657007,0.251454,0.710713
0.782123,-0.5018,0.369432,0.622245,0.597468,-0.50581,0.0330919,0.625483,0.779536
0.58914,-0.471928,0.655894,0.501251,0.85011,0.161434,-0.633767,0.233661,0.737388
0.916113,0.393248,0.0780567,-0.359965,0.892516,-0.271737,-0.176527,0.220844,0.959201
0.870248,0.373533,-0.321158,-0.487444,0.747162,-0.451826,0.0711853,0.549748,0.832292
0.828607,-0.0902407,-0.55251,-0.302114,0.7588,-0.577018,0.471315,0.645042,0.601484
0.851957,-0.467904,0.235022,0.300269,0.804293,0.512788,-0.428962,-0.366303,0.82572
0.631985,0.588332,-0.504441,-0.490908,0.807576,0.326849,0.59967,0.0410707,0.799193
0.757752,-0.104427,0.644132,-0.314365,0.806593,0.500582,-0.571827,-0.58181,0.578369
0.962127,-0.113033,-0.248062,0.206834,0.895448,0.394198,0.177569,-0.430576,0.884914
0.765263,-0.0566556,-0.64122,0.0641173,0.997874,-0.0116475,0.640517,-0.0321999,0.767269
0.773778,0.611751,0.164405,-0.535296,0.770241,-0.34668,-0.338714,0.180248,0.923463
0.91198,0.097149,0.398566,-0.150804,0.98292,0.105478,-0.381511,-0.156299,0.911054
0.810028,0.412152,-0.417116,-0.515159,0.839977,-0.170443,0.280119,0.352944,0.892728
0.888266,0.0984837,0.448648,0.0778705,0.930319,-0.35839,-0.452681,0.353282,0.818701
0.88398,0.427207,-0.189929,-0.334438,0.86169,0.381631,0.326695,-0.273835,0.904591
0.92963,0.316989,-0.187901,-0.366271,0.850805,-0.376797,0.0404266,0.419104,0.907038
0.769844,0.0219748,-0.637853,-0.182207,0.965381,-0.186653,0.61167,0.259915,0.747198
0.953398,0.267849,0.138887,-0.301518,0.829146,0.470749,0.0109321,-0.490687,0.871267
0.916279,0.123813,-0.380925,-0.0703325,0.985983,0.151298,0.394318,-0.11184,0.912143
0.699098,-0.601974,0.385862,0.262267,0.717917,0.644834,-0.66519,-0.349603,0.659772
0.767823,0.639852,0.0322001,-0.622736,0.733589,0.272116,0.150492,-0.228989,0.961725
0.858024,-0.00453504,-0.513589,-0.315893,0.783801,-0.534666,0.404977,0.620995,0.671088
0.768178,0.277435,-0.577004,-0.245244,0.960003,0.13509,0.591404,0.0377331,0.805492
0.730395,-0.147967,0.666805,-0.125051,0.930782,0.343521,-0.67148,-0.33429,0.661335
0.937643,-0.226117,0.264002,0.324055,0.843401,-0.428559,-0.125755,0.487386,0.864083
0.905635,0.0848055,-0.415492,-0.324407,0.769567,-0.550024,0.273104,0.632909,0.724458
0.834725,0.0943073,-0.542531,-0.059856,0.994927,0.0808536,0.547404,-0.0350169,0.836136
0.921442,-0.17887,0.344892,0.239564,0.960451,-0.141923,-0.305866,0.213398,0.927851
0.689038,-0.636185,-0.347126,0.339722,0.706623,-0.620703,0.640169,0.309762,0.703016
0.822694,0.563447,-0.0755078,-0.514972,0.682392,-0.518792,-0.240786,0.465692,0.851559
0.925177,-0.200095,-0.322505,0.0842744,0.936828,-0.339487,0.370061,0.286907,0.883595
0.838167,0.0204441,-0.54503,-0.280853,0.872804,-0.399167,0.467544,0.487642,0.737297
0.766479,0.63437,0.100421,-0.635563,0.726613,0.260948,0.0925701,-0.263835,0.960116
0.969434,-0.0484818,0.240516,-0.0337292,0.944642,0.326365,-0.243024,-0.324502,0.914132
0.865594,-0.10576,0.48945,-0.235189,0.777057,0.583839,-0.442077,-0.620481,0.647743
0.883861,-0.424246,0.196993,0.267834,0.8043,0.530441,-0.383478,-0.416074,0.824516
0.990872,-0.105908,0.0834063,0.128285,0.93091,-0.341979,-0.0414255,0.349557,0.935999
0.833393,0.109918,0.541641,-0.22397,0.963114,0.149159,-0.505267,-0.245619,0.827271
0.98203,0.188679,0.00412519,-0.177481,0.915872,0.360109,0.0641669,-0.35437,0.932901
0.76799,0.516692,0.378446,-0.633584,0.526553,0.566845,0.0936124,-0.675108,0.731755
0.790116,0.543818,0.282803,-0.473757,0.834555,-0.281197,-0.388935,0.0881981,0.917034
0.734458,-0.0771195,0.674259,-0.189654,0.930615,0.313028,-0.651616,-0.357782,0.668871
0.94194,0.0718387,-0.328006,0.0215863,0.96187,0.272655,0.335087,-0.263905,0.904473
0.83191,-0.507734,-0.2239,0.391488,0.822972,-0.411647,0.393271,0.254799,0.883411
0.836525,-0.432804,-0.336016,0.50894,0.840937,0.18386,0.202993,-0.324815,0.923736
0.79817,0.587574,-0.132971,-0.571394,0.80831,0.141932,0.190877,-0.0373074,0.980905
0.631993,-0.558966,0.536788,0.681164,0.730994,-0.0407809,-0.369594,0.391414,0.842731
0.748719,0.348287,0.564018,-0.175735,0.924694,-0.337724,-0.639169,0.153743,0.753542
0.629057,-0.383283,0.6763,0.578586,0.811878,-0.0780494,-0.519158,0.440396,0.73248
0.975914,0.182856,0.118974,-0.216477,0.744228,0.631872,0.0269981,-0.642408,0.765887
0.660441,0.292291,-0.691653,-0.348832,0.935126,0.0620919,0.664931,0.200262,0.719556
0.953351,-0.215639,0.211238,0.300161,0.751422,-0.587596,-0.0320204,0.623591,0.781095
0.868059,-0.438527,-0.232738,0.495957,0.74488,0.446296,-0.022351,-0.502839,0.864091
0.589873,0.587634,0.553838,-0.701732,0.71239,-0.0084722,-0.399527,-0.383648,0.832582
0.845811,-0.494526,0.200122,0.494999,0.867378,0.051297,-0.198949,0.0556725,0.978427
0.779972,-0.513764,0.357338,0.609214,0.753977,-0.245717,-0.143184,0.409348,0.901073
0.81494,0.106251,-0.569722,-0.133629,0.991011,-0.00632472,0.563929,0.0812856,0.821813
0.969265,0.234768,-0.0735475,-0.206049,0.93801,0.278713,0.134421,-0.254992,0.957554
0.950886,0.309519,-0.0036331,-0.308771,0.947632,-0.0815695,-0.0218044,0.0786851,0.996661
0.817322,-0.325188,-0.475644,0.290252,0.94549,-0.147657,0.497733,-0.0173735,0.867156
0.979163,0.202619,0.0136086,-0.162325,0.740651,0.651987,0.122026,-0.640611,0.758108
0.67859,-0.484545,0.552026,0.32097,0.871611,0.370503,-0.660677,-0.0742358,0.746991
0.714703,-0.683461,-0.148593,0.687363,0.725631,-0.031498,0.129351,-0.0796257,0.988397
0.74993,0.441886,0.492282,-0.410905,0.894362,-0.176842,-0.518422,-0.069662,0.852282
0.795684,0.312819,0.518683,-0.286795,0.948816,-0.132277,-0.533513,-0.043505,0.844672
0.929614,0.196724,-0.311638,-0.0874176,0.939184,0.332102,0.358018,-0.281484,0.890275
0.903535,-0.250008,-0.348024,0.266555,0.96382,-0.000348262,0.33552,-0.092453,0.937485
0.817241,0.556438,0.149979,-0.487663,0.806397,-0.334528,-0.307086,0.200251,0.930375
0.959048,0.259426,0.113686,-0.2001,0.904633,-0.376296,-0.200465,0.338138,0.919498
0.850775,0.0671452,0.521223,-0.380162,0.763417,0.52218,-0.362848,-0.642407,0.675022
0.961489,0.00783232,0.274731,-0.141565,0.87091,0.470611,-0.23558,-0.49138,0.838479
0.95819,0.0378066,-0.283625,-0.0722206,0.991094,-0.111877,0.276869,0.127683,0.952387
0.682109,0.657758,-0.319502,-0.686662,0.726381,0.0294343,0.251441,0.199312,0.947128
0.916206,-0.201223,-0.34652,0.365174,0.775311,0.515306,0.164969,-0.598666,0.783826
0.951103,-0.148237,0.270977,0.274204,0.809063,-0.519835,-0.142179,0.56872,0.81015
0.999029,-0.0403957,-0.0175933,0.0439057,0.946166,0.32069,0.00369167,-0.321151,0.947021
0.873476,0.067108,-0.48222,-0.209728,0.945711,-0.248284,0.439378,0.318005,0.84013
0.965435,-0.0539209,0.255006,-0.119192,0.778742,0.615918,-0.231794,-0.625023,0.745398
0.995803,0.0774467,0.0487784,-0.025512,0.746678,-0.664696,-0.0879003,0.660662,0.745519
0.676401,-0.694127,-0.246311,0.504806,0.68042,-0.531225,0.536332,0.234982,0.810636
0.768969,0.405345,-0.49435,-0.156245,0.868999,0.469499,0.619899,-0.28379,0.731566
0.764998,0.308382,0.565401,-0.544129,0.779127,0.311264,-0.344531,-0.545767,0.76383
0.788718,-0.196042,0.58266,-0.217062,0.797936,0.5623,-0.575159,-0.56997,0.586793
0.921037,0.31766,0.22535,-0.38946,0.756113,0.525941,-0.00331997,-0.572176,0.820124
0.817387,-0.347227,0.459686,0.153682,0.900454,0.406896,-0.555211,-0.261946,0.789382
0.942897,0.029594,-0.331766,0.15624,0.84037,0.519006,0.294166,-0.541204,0.787759
0.828073,0.423919,-0.366862,-0.317448,0.893927,0.31642,0.462084,-0.145559,0.874809
0.663419,-0.538261,0.51976,0.211194,0.801093,0.560042,-0.717825,-0.261772,0.645138
0.73587,-0.593851,0.325325,0.263668,0.693835,0.670128,-0.623678,-0.407349,0.667152
0.722236,-0.680719,-0.12246,0.562897,0.681388,-0.467821,0.401898,0.268945,0.875298
0.70776,0.0985016,-0.699553,-0.288696,0.944101,-0.159147,0.644772,0.314596,0.696634
0.804134,-0.161868,0.571985,0.300598,0.940849,-0.156345,-0.512844,0.29766,0.805226
0.755019,-0.202193,0.623751,0.187529,0.978121,0.0900699,-0.628315,0.0489668,0.776416
0.786743,0.178042,-0.591047,0.103226,0.90607,0.410342,0.608588,-0.383845,0.694466
0.836017,0.218246,0.503433,-0.50886,0.651618,0.562543,-0.205274,-0.726472,0.65582
0.81876,0.2631,-0.510305,-0.38158,0.913478,-0.141261,0.428987,0.310381,0.848312
0.634001,-0.650417,-0.41833,0.646223,0.74272,-0.175392,0.42478,-0.159135,0.8912
0.647153,0.552645,0.525143,-0.719551,0.670369,0.181253,-0.251871,-0.495166,0.831488
0.858766,-0.420531,0.2927,0.389174,0.906946,0.161223,-0.333263,-0.0245416,0.942515
0.808622,-0.167285,-0.564044,-0.0113135,0.954125,-0.299195,0.588219,0.248317,0.769634
0.936979,-0.202468,-0.284741,0.22217,0.974254,0.0383268,0.269651,-0.0991722,0.957838
0.947099,-0.127316,0.294609,0.126839,0.991705,0.0208119,-0.294815,0.0176569,0.955391
0.86108,0.421755,0.284015,-0.127203,0.719484,-0.682761,-0.492302,0.551784,0.673182
0.771993,0.358971,0.524563,-0.55019,0.790644,0.268651,-0.318305,-0.496006,0.807874
0.809977,0.124348,0.573128,-0.38263,0.852662,0.355757,-0.444446,-0.50745,0.738215
0.861964,0.0931107,-0.498346,-0.150132,0.98578,-0.0754926,0.48423,0.139889,0.863685
0.603241,0.452699,-0.656631,-0.552435,0.830987,0.0653878,0.575253,0.323301,0.751373
0.923787,0.381981,-0.0266056,-0.308304,0.783212,0.539933,0.227082,-0.490581,0.841287
0.678221,-0.639994,-0.361143,0.459311,0.752809,-0.4715,0.573629,0.153904,0.804527
0.60018,0.707308,-0.373496,-0.460513,0.687355,0.561668,0.653996,-0.165102,0.738261
0.907843,-0.105536,0.405812,0.0706938,0.992477,0.0999556,-0.413308,-0.0620556,0.908474
0.894491,-0.209227,0.395108,0.03108,0.910701,0.411894,-0.446005,-0.356156,0.821117
0.970707,-0.169446,-0.17034,0.0314446,0.792461,-0.609111,0.2382,0.585912,0.774576
0.863595,-0.361875,0.351071,0.0610553,0.766247,0.639638,-0.500476,-0.530954,0.683822
0.598949,0.628805,-0.495847,-0.548262,0.773318,0.318415,0.583668,0.08114,0.807928
0.714457,0.40558,0.570137,-0.665305,0.646065,0.374123,-0.216609,-0.64661,0.73142
0.995793,-0.0323324,0.0857397,-0.0286838,0.778672,0.626775,-0.0870283,-0.626597,0.774469
0.92502,0.356391,0.131615,-0.378968,0.890042,0.253394,-0.0268358,-0.284273,0.958368
0.914506,0.263589,-0.306921,-0.40113,0.689522,-0.603038,0.052675,0.674597,0.736305
0.925693,-0.376331,-0.0382972,0.304871,0.802164,-0.513406,0.223931,0.463581,0.857291
0.960894,0.0131058,-0.276606,-0.0661265,0.980841,-0.183242,0.268905,0.194367,0.943351
0.757548,0.458482,0.464667,-0.454161,0.881483,-0.12933,-0.468891,-0.11306,0.87599
0.796169,0.0144356,0.604902,0.141895,0.967383,-0.209847,-0.588201,0.252907,0.768152
0.936161,0.174013,-0.305488,-0.0901231,0.958663,0.269895,0.339825,-0.225134,0.913145
0.857181,-0.137938,0.496199,-0.128063,0.876117,0.464779,-0.498839,-0.461944,0.733326
0.802148,-0.314646,-0.5075,0.341424,0.938948,-0.0424901,0.489886,-0.13919,0.860603
0.945201,0.194816,-0.261997,-0.276336,0.90473,-0.324193,0.173879,0.378827,0.908987
0.969702,-0.0207504,-0.243408,0.0214615,0.99977,0.000269778,0.243346,-0.0054855,0.969924
0.917632,0.184131,-0.352204,-0.142308,0.979671,0.1414,0.37108,-0.0796315,0.92518
0.633434,-0.495132,0.594647,0.456256,0.859668,0.229786,-0.624974,0.125757,0.77045
0.9843,-0.173946,0.0299446,0.152578,0.753244,-0.6398,0.088735,0.634324,0.767958
0.87213,-0.431955,0.22979,0.362883,0.886087,0.288386,-0.328184,-0.168123,0.929532
0.896255,0.157045,-0.414805,-0.119954,0.98619,0.11419,0.42701,-0.0525864,0.902716
0.693568,0.661824,0.28452,-0.67339,0.735933,-0.0703491,-0.255947,-0.142801,0.956085
0.816056,-0.574641,-0.0619722,0.577967,0.810847,0.0920943,-0.00267119,-0.110972,0.99382
0.565187,-0.590486,0.5761,0.633932,0.757749,0.154747,-0.527914,0.277747,0.802597
0.929703,0.00944997,-0.36819,-0.035904,0.997235,-0.0650646,0.366557,0.0737102,0.927471
0.821146,-0.457263,0.34151,0.170855,0.767901,0.617363,-0.544543,-0.448596,0.708685
0.772358,0.60286,0.200057,-0.600417,0.795699,-0.0797665,-0.207274,-0.0585096,0.976532
0.92792,0.319167,0.192605,-0.281151,0.93846,-0.200619,-0.244783,0.132007,0.96055
0.641721,-0.346749,-0.684076,0.517905,0.853791,0.0530637,0.565658,-0.388338,0.727479
0.744827,-0.538675,0.39378,0.311083,0.802417,0.509268,-0.590306,-0.256818,0.765234
0.812225,-0.582528,0.0308597,0.546073,0.777871,0.311001,-0.205171,-0.235751,0.949909
0.896345,0.197263,-0.397055,-0.125631,0.971867,0.199227,0.425185,-0.128693,0.895911
0.636465,-0.401964,0.658283,0.615474,0.779067,-0.119358,-0.464869,0.481123,0.743248
0.880727,0.0430878,-0.471661,0.0246596,0.990331,0.136517,0.472982,-0.131865,0.871148
0.827369,0.181258,0.531607,0.180374,0.810612,-0.557112,-0.531908,0.556825,0.637981
0.850172,-0.381133,0.363243,0.520991,0.708576,-0.475908,-0.0760004,0.59385,0.800978
0.915762,0.358075,0.182105,-0.339733,0.932229,-0.124618,-0.214387,0.0522527,0.97535
0.688163,-0.59696,0.412396,0.561623,0.798121,0.218136,-0.459361,0.0814978,0.884503
0.761739,0.647752,0.0130797,-0.647442,0.760317,0.0523174,0.023944,-0.0483206,0.998545
0.962705,-0.0468434,0.266467,-0.00625873,0.980778,0.195027,-0.270481,-0.189421,0.943907
0.772636,0.244572,-0.585849,0.0721691,0.882996,0.4638,0.630734,-0.400628,0.664584
0.892966,-0.36477,-0.263731,0.397335,0.914088,0.0810457,0.21151,-0.17716,0.961186
0.977109,-0.102735,0.186291,0.163263,0.92354,-0.347016,-0.136396,0.369486,0.919171
0.793924,-0.24815,-0.555073,0.543605,0.698634,0.465192,0.272356,-0.671068,0.689558
0.970367,-0.137651,-0.198595,0.0237351,0.872201,-0.488572,0.240467,0.46938,0.849622
0.974462,0.133075,0.180872,-0.183524,0.936116,0.30001,-0.129394,-0.325542,0.936632
0.944103,-0.23257,-0.233625,0.20362,0.968765,-0.141539,0.259245,0.0860563,0.96197
0.636161,0.560253,0.530487,-0.683849,0.727809,0.0514269,-0.357281,-0.395489,0.846132
0.949572,-0.214079,-0.229094,0.0359471,0.800156,-0.598714,0.311483,0.560287,0.767501
0.985913,0.0522104,0.158902,-0.126587,0.853869,0.50486,-0.109322,-0.517863,0.84845
0.964088,-0.166636,0.206799,0.0576467,0.891401,0.449533,-0.259249,-0.421469,0.868996
0.994657,-0.103192,0.00303526,0.097844,0.951669,0.291123,-0.0329302,-0.289271,0.956681
0.864188,0.360823,-0.350695,-0.19082,0.879923,0.435113,0.465583,-0.309099,0.829271
0.878056,-0.46461,0.114691,0.412927,0.856694,0.309138,-0.241884,-0.224082,0.944076
0.709395,0.611681,0.350149,-0.70319,0.647912,0.292802,-0.0477641,-0.453933,0.889754
0.71457,-0.696157,-0.0689589,0.566967,0.634052,-0.525857,0.409803,0.336664,0.847773
0.928975,-0.0660478,0.364202,-0.11352,0.885694,0.450177,-0.352304,-0.459548,0.81529
0.828392,0.184867,0.528763,-0.342679,0.913972,0.217317,-0.4431,-0.36122,0.820477
0.900909,-0.072298,0.427944,-0.119319,0.906773,0.404383,-0.417285,-0.415374,0.808293
0.934415,-0.118299,0.335968,-0.131941,0.761177,0.634981,-0.330849,-0.637664,0.695647
0.717028,0.511719,0.473303,-0.491226,0.852706,-0.177737,-0.494539,-0.105056,0.862783
0.667866,0.609237,-0.427534,-0.2662,0.731956,0.627199,0.695049,-0.305075,0.651027
0.766983,0.560524,-0.31233,-0.47461,0.823137,0.311755,0.431837,-0.0908753,0.897362
0.89493,0.0840654,-0.438215,-0.0405268,0.993347,0.107795,0.444361,-0.0787097,0.892383
0.673717,0.660382,-0.331664,-0.70849,0.704811,-0.0358127,0.210111,0.259109,0.942717
0.751927,-0.315063,0.579086,-0.0245498,0.864415,0.50218,-0.658789,-0.391819,0.642242
0.815282,-0.521378,0.251952,0.566505,0.808271,-0.160531,-0.119948,0.27361,0.954332
0.898342,-0.170978,-0.404659,0.138559,0.984411,-0.108337,0.416874,0.0412544,0.908028
0.958406,-0.217867,0.184371,0.21662,0.975879,0.0271255,-0.185834,0.0139413,0.982482
0.726392,-0.651332,-0.219367,0.487682,0.713376,-0.50325,0.484274,0.258575,0.835834
0.728227,0.465272,-0.503197,-0.560693,0.826686,-0.0470545,0.394093,0.316405,0.86289
0.771918,-0.369178,0.517542,0.390986,0.917622,0.0714093,-0.501271,0.14723,0.852673
0.904933,0.052057,-0.422359,-0.0719194,0.996922,-0.0312184,0.419433,0.0586263,0.905891
0.921267,-0.0456763,-0.386239,-0.0663144,0.960091,-0.271714,0.383236,0.275934,0.881471
0.982104,0.128151,0.138019,-0.105077,0.98099,-0.16315,-0.156304,0.145728,0.9769
0.814929,0.576647,-0.0580399,-0.442835,0.684151,0.579512,0.373882,-0.446559,0.812894
0.80393,-0.296695,-0.515431,0.111518,0.926504,-0.359381,0.584175,0.231437,0.777931
0.550306,-0.689278,-0.471231,0.559926,0.723309,-0.404113,0.619392,-0.0414681,0.783986
0.800539,-0.155431,0.578773,-0.107244,0.913033,0.393533,-0.589607,-0.377109,0.71425
0.630964,0.477826,-0.611201,-0.709579,0.67395,-0.205641,0.313658,0.563448,0.764294
0.714109,-0.464285,-0.523916,0.494945,0.86413,-0.0911564,0.495054,-0.194214,0.846878
0.663906,0.497756,-0.558094,-0.574414,0.817293,0.0456115,0.47883,0.290295,0.828523
0.965008,0.262215,0.00132245,-0.203726,0.752911,-0.625796,-0.165089,0.603629,0.779986
0.768744,-0.0365099,-0.638513,0.0910992,0.99444,0.0528182,0.633035,-0.0987717,0.767796
0.920099,0.314115,0.233985,-0.290196,0.947905,-0.131383,-0.263065,0.0529844,0.963322
0.997589,-0.066211,0.0207734,0.0538646,0.927572,0.369741,-0.0437497,-0.36773,0.928903
0.757619,-0.351344,-0.550065,0.587592,0.734054,0.340441,0.284166,-0.581138,0.76258
0.861727,-0.042833,-0.505561,-0.00696972,0.995337,-0.0962085,0.507324,0.0864291,0.85741
0.983627,0.180212,-0.000966829,-0.141801,0.770639,-0.621295,-0.11122,0.61126,0.783576
0.837152,-0.485114,0.252669,0.184615,0.685438,0.704338,-0.514873,-0.542991,0.663375
0.920219,-0.305208,-0.245039,0.374672,0.867981,0.325929,0.113213,-0.391735,0.913086
0.9765,0.122063,0.177617,-0.0317852,0.896703,-0.44149,-0.213159,0.42547,0.87951
0.83603,-0.500762,-0.224257,0.464026,0.863396,-0.198061,0.292803,0.0615238,0.954191
0.954924,0.160618,-0.249645,-0.117296,0.976699,0.179722,0.272695,-0.142338,0.951513
0.957459,0.00339134,0.288548,-0.178611,0.792337,0.583353,-0.226649,-0.610075,0.759236
0.941511,0.0561507,0.33227,0.0757711,0.925495,-0.371103,-0.328352,0.374575,0.867109
0.740448,0.541039,-0.398765,-0.461207,0.840582,0.284095,0.488901,-0.0264444,0.871938
0.892752,-0.446292,-0.06178,0.431016,0.885919,-0.171385,0.13122,0.126376,0.983265
0.714703,-0.50153,-0.487512,0.35724,0.860995,-0.362031,0.601315,0.0845861,0.794522
0.825081,-0.105001,-0.555172,0.280433,0.929115,0.241045,0.490509,-0.35457,0.796041
0.990547,0.115251,0.0743915,-0.086268,0.94503,-0.3154,-0.106652,0.306001,0.946039
0.881059,-0.217167,0.420207,-0.135254,0.735613,0.663762,-0.453257,-0.641648,0.618745
0.970949,0.231575,0.0602566,-0.219332,0.760626,0.611016,0.0956634,-0.606482,0.789321
0.775755,0.230313,-0.587504,-0.428436,0.875775,-0.222398,0.4633,0.424234,0.778061
0.901593,-0.20089,0.383111,0.378231,0.795879,-0.472777,-0.209933,0.571157,0.793541
0.835372,0.236095,0.496399,-0.440018,0.828462,0.346461,-0.32945,-0.507848,0.79596
0.970426,0.169137,0.172237,-0.179316,0.982751,0.0452434,-0.161614,-0.0747902,0.984016
0.759266,0.0629858,-0.647725,0.150073,0.951533,0.268445,0.63324,-0.301027,0.713014
0.746467,-0.281746,0.602831,0.231292,0.95931,0.161952,-0.623931,0.0185386,0.781259
0.881289,-0.313501,0.353621,0.437366,0.824499,-0.359042,-0.179,0.471082,0.863737
0.855791,0.235383,0.46067,-0.450193,0.777544,0.439035,-0.25485,-0.583113,0.771383
0.978975,-0.17995,0.0960488,0.203559,0.831703,-0.516559,0.0130705,0.52525,0.850847
0.635961,0.556726,0.534425,-0.51005,0.822919,-0.250304,-0.579139,-0.1134,0.807303
0.868949,0.231714,0.437307,-0.287475,0.955587,0.0648945,-0.402848,-0.182105,0.896968
0.958658,-0.143306,0.245841,0.0775602,0.962813,0.258797,-0.273786,-0.22903,0.934123
0.90897,-0.260437,-0.325495,0.394593,0.78934,0.47036,0.134427,-0.555981,0.820253
0.813614,0.369796,-0.448646,-0.193034,0.899699,0.39151,0.548425,-0.231935,0.803391
0.706992,0.228107,-0.669424,-0.179219,0.973445,0.142425,0.684136,0.0192803,0.729099
0.694872,-0.600806,0.395203,0.500197,0.798635,0.334642,-0.516678,-0.0348546,0.85547
0.782785,-0.597183,-0.174983,0.561786,0.799109,-0.214059,0.267663,0.0692592,0.96102
0.862877,-0.461887,-0.205192,0.498518,0.710972,0.495982,-0.0832019,-0.530264,0.84374
0.897021,-0.32357,-0.301092,0.435414,0.763982,0.476178,0.0759524,-0.558242,0.826195
0.733903,0.330727,-0.593301,-0.386474,0.92161,0.0356751,0.558591,0.203114,0.80419
0.862018,-0.0689292,-0.502168,-0.0454922,0.976191,-0.212087,0.504832,0.205667,0.838359
0.854205,0.458208,0.245722,-0.512169,0.660164,0.549423,0.0895334,-0.595171,0.798596
0.950979,0.303263,0.0605815,-0.297141,0.950316,-0.0927705,-0.0857054,0.0702216,0.993843
0.67105,0.476298,0.568183,-0.392748,0.878359,-0.27246,-0.628841,-0.040318,0.776488
0.940928,-0.338587,0.00360571,0.270887,0.746318,-0.607972,0.20316,0.573034,0.79395
0.914215,-0.359084,0.187803,0.391147,0.660836,-0.640546,0.105903,0.659055,0.744601
0.778665,-0.0118191,-0.627328,-0.267564,0.898101,-0.349032,0.56753,0.43963,0.696158
0.894139,-0.441212,0.0764687,0.350534,0.795922,0.493592,-0.278642,-0.414535,0.866325
0.649571,-0.60598,0.459179,0.626629,0.768728,0.128039,-0.430573,0.204564,0.879068
0.803193,-0.458728,-0.380066,0.120851,0.750199,-0.650074,0.583332,0.476203,0.657992
0.906102,0.409171,0.107505,-0.376641,0.664479,0.645452,0.192666,-0.625337,0.756197
0.862874,-0.137501,0.486356,0.0479184,0.980204,0.192105,-0.503143,-0.142457,0.852381
0.791266,-0.479299,0.379699,0.141915,0.747951,0.648406,-0.594776,-0.459176,0.659847
0.838742,-0.392254,0.377687,0.487237,0.850314,-0.198913,-0.243128,0.35086,0.904315
0.792892,0.393875,0.464957,-0.320348,0.918503,-0.231795,-0.518363,0.03484,0.854451
0.945593,-0.119096,-0.30277,0.088936,0.989769,-0.11157,0.31296,0.0785726,0.946511
0.981595,0.0856114,0.170709,-0.0274898,0.947921,-0.317318,-0.188984,0.306785,0.932828
0.942648,0.126018,-0.309085,0.0111666,0.913569,0.40653,0.333601,-0.386666,0.859767
0.805129,-0.579691,0.125403,0.589584,0.759274,-0.275488,0.0644831,0.295739,0.95309
0.916044,-0.359996,0.176823,0.395988,0.881791,-0.2562,-0.0636896,0.304711,0.950313
0.933993,0.352418,-0.0588113,-0.313516,0.729435,-0.607974,-0.171362,0.586282,0.791775
0.812169,-0.531716,0.240123,0.539114,0.841306,0.0394986,-0.223019,0.0973745,0.969938
0.79678,-0.575531,0.184135,0.455517,0.772296,0.442791,-0.397046,-0.268931,0.877514
0.807457,0.0658946,-0.586234,0.339544,0.760722,0.553184,0.482413,-0.645725,0.591876
0.918466,0.23951,0.31473,-0.220654,0.970734,-0.0948034,-0.328225,0.0176274,0.944435
0.846207,0.113918,0.520535,-0.278503,0.927384,0.249792,-0.45428,-0.356346,0.816484
0.682277,-0.308104,0.663001,0.36876,0.92808,0.0518083,-0.63128,0.209141,0.746824
0.697392,-0.125995,0.705528,0.536214,0.744889,-0.397007,-0.47552,0.655184,0.58704
0.756058,-0.579341,0.304532,0.652563,0.703055,-0.282622,-0.050368,0.412405,0.909607
0.996783,0.0799773,0.00526149,-0.0799934,0.988584,0.127679,0.00500995,-0.127689,0.991802
0.735872,0.655223,-0.170806,-0.529054,0.713801,0.458901,0.422605,-0.247327,0.871914
0.81014,0.573332,0.122326,-0.439413,0.731997,-0.520669,-0.388059,0.368063,0.84495
0.837802,0.12816,0.530719,0.126084,0.900367,-0.416463,-0.531215,0.415829,0.738171
0.8874,0.113928,0.446701,-0.143161,0.989178,0.0321152,-0.438208,-0.0924492,0.894107
0.693725,0.405145,0.595486,-0.602459,0.779506,0.171503,-0.394701,-0.477732,0.784846
0.734174,-0.656323,0.173865,0.673729,0.672493,-0.306337,0.084133,0.342043,0.93591
0.908254,-0.409795,-0.0845147,0.399768,0.909515,-0.113876,0.123533,0.0696419,0.989894
0.881782,0.152513,-0.446319,-0.0826864,0.981609,0.172066,0.464353,-0.11482,0.878176
0.946684,-0.170275,0.273488,0.0232754,0.882842,0.469093,-0.321322,-0.437717,0.839736
0.862882,-0.488971,-0.127838,0.475211,0.698831,0.534611,-0.172072,-0.522056,0.835373
0.712106,0.613292,0.341729,-0.535951,0.789277,-0.299663,-0.4535,0.0302417,0.890743
0.716336,0.586107,0.378604,-0.485848,0.808428,-0.332259,-0.500813,0.0540657,0.863865
0.773168,-0.0539355,-0.631904,0.476798,0.706427,0.523091,0.418181,-0.705728,0.571903
0.863784,-0.368527,-0.343607,0.0944131,0.788247,-0.608073,0.494938,0.492802,0.715669
0.972695,-0.203074,-0.11236,0.179878,0.965571,-0.187928,0.146655,0.162586,0.975735
0.919738,-0.346675,-0.184114,0.376185,0.644509,0.665652,-0.112102,-0.681487,0.723194
0.943055,0.190624,0.272597,-0.324684,0.705636,0.629808,-0.0722975,-0.682452,0.727346
0.997204,-0.0477701,0.0574713,0.0729451,0.789367,-0.609572,-0.0162467,0.61206,0.790645
0.790231,-0.419104,-0.447088,0.611563,0.585855,0.531756,0.0390681,-0.693632,0.719269
0.919012,0.22925,0.320721,-0.295519,0.939068,0.175554,-0.260933,-0.256115,0.930763
0.995628,0.0617877,-0.0700549,0.00203894,0.735419,0.67761,0.0933877,-0.67479,0.732077
0.741918,-0.00791417,0.670444,-0.252568,0.922975,0.290389,-0.621101,-0.384777,0.682773
0.619745,-0.640903,-0.452946,0.673322,0.730715,-0.112662,0.40318,-0.235157,0.884391
0.699905,0.689883,-0.184918,-0.628856,0.717978,0.29841,0.338635,-0.0925721,0.936353
0.79537,0.126398,-0.592799,0.287176,0.782693,0.552197,0.533776,-0.609438,0.586232
0.926336,0.249945,0.281831,-0.137538,0.920925,-0.364665,-0.350691,0.29904,0.887463
0.994842,-0.0298377,0.0969521,-0.00809024,0.929379,0.369038,-0.101116,-0.367919,0.924344
0.764525,0.212495,-0.608562,-0.292851,0.955544,-0.0342508,0.57423,0.204404,0.792767
0.864023,-0.36958,-0.341869,0.498214,0.725376,0.474987,0.072438,-0.580724,0.810871
0.850806,-0.0417612,0.523818,0.161233,0.9695,-0.184588,-0.500134,0.241506,0.83159
0.636066,0.552744,-0.538419,-0.599779,0.793153,0.105701,0.485474,0.2557,0.836022
0.874319,-0.24916,-0.416517,0.34937,0.918791,0.183749,0.336909,-0.306173,0.890365
0.734483,-0.614876,0.287163,0.66174,0.555113,-0.503934,0.150449,0.560159,0.814609
0.893584,-0.444221,-0.0646147,0.44864,0.888628,0.0951936,0.0151315,-0.114052,0.99336
0.914342,0.137361,-0.380935,0.131977,0.788264,0.601018,0.382834,-0.59981,0.702614
0.944534,-0.131996,0.300721,0.194277,0.962845,-0.187581,-0.264788,0.2356,0.935083
0.97549,-0.199199,-0.0934849,0.154366,0.922262,-0.354408,0.156815,0.33129,0.930406
0.87158,-0.180076,0.455983,0.397234,0.804497,-0.441576,-0.287319,0.566001,0.772716
0.983872,-0.122323,0.130511,0.174491,0.816876,-0.549788,-0.0393597,0.563694,0.825046
0.740119,-0.35041,-0.573965,0.625254,0.672768,0.395525,0.24755,-0.65161,0.717024
0.710005,-0.150393,-0.68795,0.398426,0.891319,0.216348,0.580645,-0.427706,0.692762
0.896331,-0.412806,0.161812,0.352857,0.885107,0.303441,-0.268483,-0.214887,0.93901
0.770322,-0.5975,-0.222705,0.602197,0.796517,-0.0540315,0.209672,-0.0924909,0.973387
0.590494,0.67562,-0.441423,-0.507931,0.736169,0.447282,0.627155,-0.0399051,0.777872
0.887267,0.453324,0.0851708,-0.406712,0.681793,0.608065,0.217581,-0.574156,0.789305
0.985752,-0.165783,-0.0284388,0.167278,0.948493,0.269034,-0.0176272,-0.269958,0.962711
0.718625,-0.226745,-0.657392,0.226569,0.970108,-0.0869328,0.657453,-0.0864727,0.748518
0.846643,0.362148,-0.389929,-0.352568,0.930562,0.0987415,0.398612,0.0538776,0.915536
0.794868,-0.171989,-0.581897,0.16992,0.983711,-0.0586422,0.582505,-0.0522631,0.811145
0.970158,-0.178051,-0.164595,0.239439,0.810546,0.534494,0.0382445,-0.557954,0.82899
0.777043,-0.201574,-0.596299,0.446265,0.844512,0.296052,0.443906,-0.496152,0.746177
0.774521,-0.622976,0.109628,0.559561,0.593965,-0.578012,0.294973,0.509026,0.808631
0.794361,-0.507324,0.334085,0.370797,0.840601,0.394841,-0.481145,-0.189769,0.855855
0.880933,-0.197971,0.429841,0.418527,0.749869,-0.512379,-0.220888,0.631271,0.743441
0.979445,0.155994,-0.127878,-0.193177,0.90786,-0.372119,0.0580472,0.389173,0.919334
0.978918,0.182625,0.0914777,-0.201566,0.791312,0.577232,0.0330295,-0.583501,0.81144
0.765409,0.441009,-0.468678,-0.557121,0.818621,-0.139556,0.322124,0.367928,0.872276
0.963659,0.206042,-0.170021,-0.223307,0.970641,-0.0893921,0.146611,0.12411,0.981378
0.868281,-0.304425,0.391681,0.464862,0.774954,-0.428193,-0.173183,0.553869,0.814393
0.871455,0.275481,0.405804,0.0119747,0.815171,-0.579096,-0.490329,0.509516,0.707086
0.835171,-0.540292,-0.102827,0.5093,0.83032,-0.226233,0.207611,0.136574,0.968631
0.992308,0.1232,0.0121196,-0.119985,0.933053,0.33914,0.0304739,-0.337986,0.940658
0.794474,-0.391143,-0.464562,0.35211,0.919945,-0.172393,0.494802,-0.0266151,0.868598
0.814797,-0.360849,0.453755,0.062805,0.833013,0.549676,-0.576334,-0.419377,0.7014
0.812124,-0.52602,-0.252502,0.312997,0.757957,-0.572306,0.49243,0.385751,0.780198
0.809915,0.102271,0.577562,0.140818,0.921979,-0.360728,-0.569392,0.37349,0.732324
0.72774,0.275976,0.627879,-0.587446,0.723304,0.362958,-0.35398,-0.632984,0.688498
0.793431,0.339687,0.505054,-0.00416301,0.832789,-0.553574,-0.608646,0.43712,0.662175
0.639075,0.537464,0.550196,-0.425161,0.842965,-0.329617,-0.640953,-0.0232723,0.767227
0.749693,-0.606663,0.264424,0.273729,0.648042,0.710714,-0.602522,-0.460437,0.651894
0.886728,-0.390815,-0.246937,0.430381,0.892897,0.132315,0.168778,-0.223604,0.959956
0.783991,-0.571603,0.242133,0.601236,0.60209,-0.52536,0.154512,0.557457,0.815701
0.816675,-0.279983,-0.504629,0.453319,0.852366,0.260719,0.357132,-0.441681,0.823028
0.981052,0.0350024,0.190556,0.015689,0.965962,-0.258206,-0.193108,0.256303,0.94711
0.797393,-0.600463,-0.0600785,0.597459,0.799546,-0.061387,0.0848962,0.0130551,0.996304
0.700056,-0.131078,0.701955,0.147901,0.988308,0.0370479,-0.698604,0.0778844,0.711257
0.836667,0.513995,0.189202,-0.522032,0.852883,-0.00851418,-0.165744,-0.091646,0.981901
0.941915,-0.00388844,0.335829,0.23885,0.71072,-0.661685,-0.236108,0.703464,0.670367
0.969345,0.104361,0.22244,-0.118038,0.991796,0.0490651,-0.215494,-0.0738173,0.973711
0.878998,0.474773,0.0441986,-0.441977,0.776465,0.449176,0.178938,-0.414359,0.89235
0.737956,-0.262436,-0.62173,0.430385,0.892635,0.134055,0.519797,-0.36651,0.771674
0.782915,0.435004,-0.444764,-0.578236,0.772574,-0.262244,0.229536,0.462494,0.856395
0.855506,0.00999055,0.517697,0.253605,0.8636,-0.435753,-0.451436,0.504079,0.736281
0.987733,0.152739,-0.0324578,-0.154973,0.933413,-0.323611,-0.0191315,0.324671,0.945633
0.695279,0.281163,0.661464,-0.284917,0.95273,-0.105487,-0.659855,-0.11512,0.742522
0.763167,0.0436536,-0.644725,0.387269,0.767798,0.510401,0.517299,-0.639204,0.569052
0.824947,-0.562163,0.0586168,0.401715,0.656111,0.638861,-0.397603,-0.503479,0.767086
0.890285,0.445397,-0.0949388,-0.389559,0.636854,-0.665328,-0.235873,0.629316,0.74049
0.973145,-0.203392,-0.107801,0.205216,0.978698,0.00599448,0.104285,-0.027956,0.994154
0.876428,0.4779,0.0590354,-0.481362,0.866247,0.133819,0.0128129,-0.1457,0.989246
0.860007,0.437864,0.262037,-0.404968,0.898085,-0.171596,-0.310467,0.0414573,0.94968
0.780323,-0.0742274,0.620956,0.000719243,0.993037,0.117801,-0.625376,-0.0914764,0.774943
0.661376,-0.605501,0.442662,0.649008,0.757832,0.0669348,-0.375993,0.243022,0.894187
0.935915,0.335283,0.107926,-0.350847,0.860321,0.369804,0.0311384,-0.38397,0.92282
0.817294,-0.213962,-0.535024,0.227041,0.972967,-0.042277,0.529606,-0.0869196,0.843779
0.839064,0.543828,0.0149094,-0.531493,0.813567,0.235848,0.116131,-0.205816,0.971676
0.987449,0.147934,-0.0553104,-0.152834,0.983331,-0.0984954,0.0398177,0.105713,0.993599
0.844857,-0.347111,-0.407101,0.49985,0.783393,0.369386,0.190702,-0.515568,0.835358
0.973566,-0.208802,0.0925765,0.133453,0.848956,0.511335,-0.185361,-0.485464,0.85438
0.791521,-0.223609,0.568765,-0.0623098,0.896282,0.439085,-0.607957,-0.382984,0.695493
0.920736,0.263996,-0.287317,-0.170011,0.93422,0.313574,0.3512,-0.239872,0.905052
0.887865,-0.434451,0.151486,0.457741,0.800731,-0.386398,0.0465714,0.41241,0.909807
0.734716,0.159708,0.659308,-0.352998,0.919952,0.170527,-0.579297,-0.358024,0.73228
0.645438,0.519211,0.560205,-0.638983,0.768859,0.0236053,-0.418463,-0.373197,0.828017
0.774163,0.147629,-0.61553,-0.107047,0.988951,0.102555,0.623869,-0.0135031,0.781412
0.942848,-0.265594,0.20124,0.332236,0.702811,-0.629027,0.0256318,0.659936,0.750884
0.730304,0.00396386,0.683111,-0.348791,0.861978,0.367885,-0.587368,-0.506931,0.630888
0.710111,-0.143021,-0.689411,-0.039359,0.969558,-0.24168,0.702989,0.198754,0.682865
0.950335,-0.220658,-0.219485,0.154233,0.946432,-0.283686,0.270325,0.235745,0.93346
0.869523,-0.45729,0.186588,0.194928,0.66487,0.721076,-0.453798,-0.590622,0.667258
0.945821,0.285303,0.155002,-0.324221,0.855524,0.403683,-0.0174356,-0.432067,0.901673
0.837077,0.348756,0.421512,0.0154387,0.755102,-0.655426,-0.546868,0.555149,0.626694
0.651612,-0.515057,-0.556883,0.70462,0.682859,0.192908,0.280914,-0.518092,0.807879
0.592299,-0.375254,-0.712998,0.577696,0.814648,0.0511483,0.561649,-0.442191,0.699298
0.865961,0.0978507,-0.490445,-0.352187,0.815579,-0.459124,0.355071,0.570312,0.740721
0.998715,-0.0184936,-0.0471837,0.0446427,0.761708,0.64638,0.0239863,-0.647656,0.761555
0.689359,0.389911,-0.610535,-0.433043,0.897434,0.0841834,0.580739,0.206355,0.787502
0.825456,0.503343,0.255477,-0.258332,0.739286,-0.621868,-0.501884,0.447327,0.740278
0.907627,0.333499,0.254936,-0.277992,0.932578,-0.230256,-0.314538,0.138116,0.939143
0.741967,0.0621298,-0.667552,0.426801,0.724102,0.541772,0.517036,-0.686888,0.510743
0.690869,-0.223406,0.687598,0.52112,0.813104,-0.259415,-0.501133,0.537543,0.678169
0.773488,0.442067,-0.454194,-0.170088,0.835099,0.523144,0.610562,-0.327393,0.72113
0.742732,-0.624381,-0.241864,0.659561,0.744493,0.103488,0.11545,-0.236388,0.964776
0.99126,0.131181,0.013981,-0.122746,0.95594,-0.266667,-0.0483466,0.26262,0.963687
0.882547,0.326883,0.33802,-0.428868,0.854342,0.293552,-0.192827,-0.40404,0.894187
0.563652,-0.428142,-0.706393,0.634914,0.7716,0.0389534,0.528375,-0.470455,0.706748
0.952311,0.278293,0.125124,-0.146131,0.775953,-0.613631,-0.26786,0.566083,0.779616
0.64689,-0.638152,0.417487,0.617712,0.759526,0.203843,-0.447176,0.126022,0.885524
0.728671,-0.151953,0.667794,-0.0282155,0.967587,0.250957,-0.684282,-0.201707,0.700765
0.711422,0.48441,-0.509142,-0.449012,0.870638,0.200944,0.540617,0.0856545,0.836897
0.793204,0.601785,-0.0931758,-0.523585,0.752101,0.400253,0.310944,-0.268697,0.911655
0.963149,0.121664,0.239878,-0.0375485,0.943934,-0.327991,-0.266334,0.306898,0.913718
0.797573,0.312665,0.515866,-0.325215,0.943133,-0.0688196,-0.508048,-0.112879,0.8539
0.84131,0.477543,-0.253278,-0.444791,0.877837,0.177662,0.307178,-0.036813,0.95094
0.687042,-0.606557,0.400077,0.60788,0.781438,0.140843,-0.398065,0.146434,0.905595
0.747748,0.135899,-0.649927,-0.0533619,0.987964,0.145189,0.661835,-0.0738832,0.746
0.942902,0.207537,0.260509,-0.204727,0.978074,-0.0381907,-0.262723,-0.0173231,0.964716
0.867967,-0.0771236,0.490597,0.239123,0.930716,-0.276746,-0.435262,0.35752,0.826273
0.798024,0.0650589,0.599104,0.0740676,0.976029,-0.204651,-0.598057,0.20769,0.774075
0.857519,-0.209207,-0.469994,-0.0899116,0.838573,-0.537319,0.506535,0.503019,0.700282
0.89918,0.437175,0.0188231,-0.335103,0.715625,-0.612852,-0.281394,0.544756,0.789973
0.690158,0.426339,0.584736,-0.665043,0.692238,0.280224,-0.285306,-0.582273,0.761287
0.700513,-0.346508,0.62387,0.660853,0.644941,-0.383829,-0.269359,0.681164,0.68078
0.930934,-0.36148,-0.0519125,0.341578,0.912186,-0.226364,0.12918,0.192998,0.972658
0.724349,-0.688231,0.0407135,0.645073,0.655717,-0.392322,0.243311,0.310441,0.918927
0.893362,-0.275448,0.35501,0.0708694,0.86656,0.494015,-0.443713,-0.416175,0.793673
0.649858,-0.433018,-0.624644,0.439674,0.884547,-0.155768,0.619977,-0.173413,0.765217
0.899769,0.0354175,0.434926,-0.0503757,0.998468,0.0229079,-0.433448,-0.0425215,0.900175
0.754038,-0.598461,-0.270687,0.628931,0.776681,0.0348187,0.1894,-0.196498,0.962037
0.907459,-0.390114,0.155977,0.274906,0.83208,0.481735,-0.317717,-0.394276,0.862324
0.944339,-0.240014,-0.224983,0.257435,0.964941,0.0511444,0.20482,-0.106216,0.973019
0.959701,-0.224323,-0.169275,0.209582,0.972596,-0.100662,0.187217,0.061128,0.980415
0.660892,-0.412238,-0.627122,0.33091,0.910079,-0.24951,0.673588,-0.0426212,0.737878
0.759627,0.606757,0.234123,-0.647785,0.673892,0.355309,0.0578125,-0.421563,0.904954
0.738467,0.672673,-0.0466755,-0.662935,0.736939,0.132055,0.123226,-0.0665751,0.990143
0.971764,-0.235841,-0.00737828,0.184673,0.77965,-0.598366,0.146872,0.580107,0.801189
0.980707,-0.095487,0.170575,0.0693505,0.985773,0.153106,-0.182768,-0.138322,0.973377
0.890129,-0.0585128,0.451936,0.0384648,0.99783,0.0534306,-0.454082,-0.0301765,0.890449
0.990376,0.117995,-0.0723371,-0.13749,0.778822,-0.61199,-0.015874,0.616046,0.78755
0.941744,-0.312411,-0.124573,0.182412,0.785615,-0.591215,0.282568,0.534049,0.796835
0.864571,0.377658,-0.331499,-0.269486,0.905255,0.328469,0.42414,-0.19465,0.88443
0.929074,-0.36601,0.0534622,0.368644,0.928083,-0.0525676,-0.0303771,0.0685478,0.997185
0.961462,0.0622959,-0.267788,0.115151,0.793209,0.597964,0.249662,-0.605755,0.755466
0.670975,0.335912,-0.661027,-0.407066,0.912015,0.0502633,0.61975,0.235356,0.748677
0.925242,-0.260356,-0.275938,0.2424,0.965221,-0.0979291,0.291837,0.0237209,0.956174
0.693774,-0.145933,-0.705252,0.361931,0.917263,0.166237,0.622642,-0.370584,0.689191
0.998392,-0.054885,0.0141774,0.0565705,0.980681,-0.187258,-0.00362587,0.187758,0.982209
0.831422,-0.219089,-0.510624,-0.0714481,0.869199,-0.489274,0.551028,0.443276,0.707018
0.705896,0.462148,-0.536778,-0.0450739,0.785595,0.617096,0.70688,-0.411411,0.57538
0.898907,0.420668,-0.122492,-0.247115,0.717639,0.651097,0.361801,-0.555006,0.749045
0.69852,-0.308509,-0.645672,0.634825,0.683578,0.360165,0.330253,-0.661471,0.673342
0.75275,-0.092481,0.651778,-0.12895,0.950189,0.283749,-0.645553,-0.297639,0.703329
0.758859,0.297698,0.579232,-0.326936,0.943355,-0.056518,-0.563247,-0.146482,0.813201
0.944022,-0.224476,-0.241731,-0.00343937,0.726038,-0.687646,0.329866,0.649984,0.684623
0.680306,-0.354322,0.641592,0.54403,0.830714,-0.118092,-0.491137,0.429384,0.757901
0.946053,0.190641,-0.261993,-0.186933,0.981588,0.0392486,0.264651,0.0118438,0.964271
0.799691,-0.0479158,-0.598496,-0.308336,0.822555,-0.477842,0.515192,0.566664,0.643016
0.671086,0.178822,-0.71949,-0.565195,0.751451,-0.340406,0.479789,0.635094,0.605358
0.7155,-0.115062,-0.689072,0.12685,0.991345,-0.0338204,0.686999,-0.0632105,0.723904
0.830701,0.0629808,-0.553145,-0.131142,0.987758,-0.0844801,0.541053,0.142718,0.82879
0.684195,0.56849,-0.456833,-0.142847,0.71873,0.680458,0.715173,-0.400308,0.572958
0.934131,0.310938,0.175262,-0.356614,0.79239,0.494919,0.0150131,-0.52482,0.851081
0.974495,0.128083,-0.18427,-0.0764787,0.961518,0.263883,0.210977,-0.24306,0.94679
0.778847,-0.620783,0.0895843,0.477057,0.679043,0.557958,-0.407202,-0.391827,0.82502
0.878109,-0.226048,0.421696,0.104534,0.950705,0.291947,-0.466902,-0.21228,0.858452
0.75534,-0.0256209,0.654832,0.221198,0.950561,-0.217958,-0.616873,0.30948,0.723664
0.86661,-0.4483,0.21912,0.203649,0.718654,0.664878,-0.455537,-0.531567,0.714089
0.97671,-0.0058425,0.214483,-0.141389,0.73437,0.663859,-0.161389,-0.678724,0.716441
0.848016,-0.429908,-0.309916,0.524022,0.767555,0.369134,0.0791838,-0.475435,0.87618
0.874445,-0.462358,-0.14687,0.482803,0.799838,0.356596,-0.0474026,-0.382733,0.922642
0.97874,-0.202211,-0.0343385,0.194812,0.864124,0.464045,-0.0641624,-0.460869,0.885146
0.616065,0.406206,-0.674878,-0.596254,0.800354,-0.0625634,0.514728,0.440942,0.735272
0.723041,0.102474,0.683162,-0.343793,0.911148,0.22719,-0.599181,-0.399134,0.694028
0.657988,-0.373224,0.654031,0.39158,0.911452,0.126173,-0.643209,0.173085,0.745871
0.896947,0.42637,-0.117028,-0.423926,0.75414,-0.501558,-0.125594,0.499482,0.857172
0.741495,0.612839,-0.273155,-0.34015,0.694265,0.634267,0.578345,-0.377392,0.723251
0.684492,0.611255,-0.397288,-0.502493,0.790413,0.350353,0.528177,-0.0401797,0.848183
0.809548,0.576983,-0.108274,-0.526942,0.632887,-0.567262,-0.258775,0.51628,0.816389
0.915805,0.339206,0.215037,-0.334675,0.940529,-0.0582974,-0.222023,-0.0185784,0.974864
0.839784,-0.513693,0.175732,0.296357,0.704929,0.644397,-0.454901,-0.489075,0.744225
0.864113,0.396902,-0.30948,-0.503263,0.688605,-0.522063,0.0059018,0.606871,0.794779
0.924788,-0.37772,0.0457625,0.345806,0.784238,-0.515159,0.158697,0.492238,0.855872
0.974806,0.0178445,0.222339,-0.0872931,0.94781,0.306652,-0.205263,-0.318335,0.925489
0.92522,-0.0168864,-0.379056,0.246934,0.785296,0.567744,0.288084,-0.61889,0.730741
0.810283,-0.570289,0.134952,0.362626,0.668808,0.648998,-0.460373,-0.476935,0.748725
0.951598,0.122709,-0.281786,-0.263262,0.798556,-0.541296,0.1586,0.58928,0.792209
0.99155,0.12246,0.0428144,-0.128576,0.883791,0.449868,0.0172518,-0.451571,0.892068
0.566218,-0.586603,-0.579045,0.682346,0.727676,-0.0699434,0.462386,-0.355506,0.81229
0.908631,0.388604,-0.152894,-0.416817,0.821558,-0.38898,-0.0255479,0.417168,0.90847
0.989919,0.133132,-0.0483361,-0.132535,0.991059,0.0153633,0.0499492,-0.00880222,0.998713
0.691116,0.718764,-0.075745,-0.587293,0.619583,0.520773,0.421243,-0.31543,0.850328
0.969599,-0.209629,0.12623,0.163494,0.938793,0.303212,-0.182065,-0.273357,0.944525
0.846153,-0.14334,-0.513301,0.281423,0.938092,0.201951,0.452576,-0.315336,0.834109
0.694919,0.562444,0.448046,-0.601213,0.796267,-0.067095,-0.394501,-0.222745,0.891489
0.834438,0.318391,-0.449823,-0.0789261,0.876852,0.474237,0.545421,-0.360219,0.756808
0.837062,-0.057119,-0.544118,-0.139478,0.939394,-0.313185,0.52903,0.338048,0.778365
0.711538,-0.613727,0.342129,0.592717,0.785758,0.176835,-0.377359,0.0769609,0.922864
0.926673,0.166937,0.336762,-0.16681,0.985547,-0.0295345,-0.336825,-0.0288063,0.941127
0.841719,0.270227,-0.467425,-0.320446,0.946802,-0.0296811,0.434538,0.174768,0.883534
0.880468,0.00668003,0.474058,-0.257701,0.846035,0.466707,-0.397952,-0.533086,0.746628
0.840657,0.14429,0.521992,-0.151428,0.988036,-0.0292426,-0.519966,-0.0544613,0.852449
0.802439,0.472535,-0.364419,-0.190776,0.781787,0.593645,0.565416,-0.406841,0.717485
0.94284,-0.311097,0.119464,0.328161,0.804357,-0.495297,0.0579941,0.506189,0.86047
0.961538,0.126021,-0.244055,-0.117383,0.991843,0.0496808,0.248325,-0.0191221,0.968488
0.994147,0.0304723,-0.103646,0.0298749,0.844437,0.534821,0.10382,-0.534787,0.838585
0.781393,-0.30598,-0.543877,0.263795,0.951802,-0.156478,0.565542,-0.0212008,0.824447
0.691084,0.659468,0.295814,-0.552592,0.745892,-0.371871,-0.465882,0.0935299,0.87989
0.834905,-0.123635,0.536329,0.00155956,0.974972,0.222324,-0.550392,-0.184783,0.814201
0.836675,0.343019,0.426982,-0.544053,0.610324,0.57577,-0.0630969,-0.714033,0.697263
0.799613,-0.252798,-0.544713,0.521184,0.742732,0.420376,0.298306,-0.620034,0.725652
0.703563,0.328225,0.630292,-0.505249,0.854747,0.118874,-0.499723,-0.40209,0.767204
0.992207,0.0827369,-0.0931627,-0.0461184,0.938469,0.342271,0.115749,-0.335308,0.934971
0.724964,-0.0702155,0.685198,0.505175,0.730429,-0.459643,-0.468215,0.679369,0.565006
0.863306,-0.144193,0.483644,-0.0360755,0.938233,0.344118,-0.50339,-0.314526,0.80478
0.788182,-0.500998,0.35745,0.563823,0.820638,-0.0930426,-0.246722,0.274873,0.929286
0.741253,-0.385252,-0.549658,0.309217,0.922811,-0.229791,0.595759,0.000369642,0.803163
0.766782,0.55951,-0.314634,-0.641561,0.684098,-0.346999,0.0210912,0.46793,0.883514
0.868614,0.126905,-0.478962,-0.0893474,0.990916,0.100516,0.487367,-0.0445154,0.872062
0.964326,-0.259914,-0.050195,0.262529,0.914682,0.307304,-0.0339601,-0.309519,0.950287
0.840212,-0.454204,0.296213,0.532214,0.586087,-0.610943,0.103886,0.67097,0.734171
0.894652,-0.335707,0.294784,0.399281,0.896826,-0.190466,-0.200429,0.288103,0.936389
0.769235,-0.416932,-0.484195,0.345212,0.908845,-0.234157,0.537686,0.0129718,0.843045
0.961308,0.208808,-0.179682,-0.215763,0.976244,-0.0198525,0.171268,0.0578531,0.983524
0.727139,-0.0184063,-0.686244,-0.169308,0.963953,-0.205253,0.665285,0.265434,0.697812
0.863182,0.0813615,0.498294,0.20546,0.844913,-0.493871,-0.461197,0.52868,0.712597
0.771584,0.425121,0.473212,-0.276191,0.894004,-0.352811,-0.573041,0.141527,0.807214
0.753375,-0.598069,0.273383,0.65446,0.641405,-0.400351,0.0640885,0.480533,0.874632
0.754217,-0.639551,-0.148763,0.534293,0.729441,-0.427138,0.38169,0.242672,0.891865
0.94988,0.0843145,-0.301031,-0.135605,0.97876,-0.153754,0.281674,0.186869,0.941137
0.713413,-0.36281,-0.59951,0.232936,0.929665,-0.285419,0.660896,0.0639741,0.747746
0.730653,-0.297825,0.614367,0.113105,0.940209,0.32127,-0.673315,-0.165248,0.720652
0.782609,0.211579,-0.585455,-0.381209,0.906393,-0.182019,0.492141,0.365631,0.790007
0.724243,0.255857,0.64032,-0.0111426,0.932833,-0.360135,-0.689455,0.25369,0.678449
0.977097,0.212283,-0.0147446,-0.211991,0.965048,-0.154083,-0.01848,0.15368,0.987948
0.930971,-0.228973,-0.284366,0.302886,0.91927,0.251402,0.203845,-0.320178,0.925167
0.812854,0.568012,-0.128962,-0.578565,0.761783,-0.29146,-0.0673117,0.311528,0.94785
0.854468,-0.30869,-0.417845,-0.0165091,0.787775,-0.615741,0.519241,0.53303,0.668033
0.707375,-0.496114,-0.503479,0.160623,0.806486,-0.569017,0.688346,0.321638,0.650176
0.958045,0.264498,0.110412,-0.286601,0.888216,0.359071,-0.00309633,-0.37565,0.926756
0.795039,-0.28376,-0.536092,0.192751,0.956204,-0.220275,0.575118,0.0717947,0.814914
0.724903,0.590684,-0.354412,-0.683557,0.553158,-0.476199,-0.0852376,0.587459,0.804752
0.864863,0.363838,-0.345882,-0.466735,0.836487,-0.287138,0.184854,0.40977,0.893262
0.903663,-0.290004,0.315104,0.375068,0.891083,-0.255529,-0.206679,0.349098,0.91401
0.79994,0.235016,0.552144,-0.126153,0.965418,-0.228152,-0.58667,0.112853,0.801925
0.831299,-0.350724,0.4312,0.502952,0.804884,-0.314961,-0.236602,0.478701,0.845497
0.726606,0.32931,-0.602991,-0.484609,0.867782,-0.110036,0.487029,0.372168,0.790123
0.81847,-0.550339,-0.165025,0.550794,0.833305,-0.0472131,0.163499,-0.0522524,0.985159
0.701368,-0.53222,-0.474157,0.152786,0.761993,-0.629304,0.696232,0.368929,0.615753
0.809047,-0.200186,-0.552602,-0.0710353,0.900011,-0.43004,0.583436,0.387177,0.713931
0.766139,0.504318,-0.398365,-0.328463,0.84005,0.431774,0.552398,-0.199951,0.809244
0.924794,0.343948,0.162655,-0.173561,0.761812,-0.624115,-0.338575,0.548947,0.764214
0.892078,-0.0981678,0.44109,-0.0107986,0.971208,0.237989,-0.451753,-0.217068,0.865333
0.713424,0.696965,-0.0725647,-0.676803,0.712188,0.186347,0.181557,-0.0838327,0.9798
0.954286,0.277734,0.110463,-0.284895,0.956973,0.0551126,-0.0904034,-0.0840635,0.992351
0.935855,-0.187297,-0.298487,0.318862,0.81068,0.491044,0.150007,-0.554722,0.818402
0.907142,-0.233245,-0.350272,0.364136,0.852289,0.375512,0.210947,-0.468189,0.85808
0.954617,-0.163079,-0.249221,0.0670098,0.932922,-0.353787,0.290199,0.321031,0.901512
0.81007,0.583564,0.0569152,-0.574843,0.771322,0.273162,0.115508,-0.253998,0.960283
0.671857,0.459513,0.580909,-0.650751,0.740775,0.166662,-0.353739,-0.49,0.796723
0.781906,-0.600942,0.165805,0.605825,0.669796,-0.429361,0.146965,0.436169,0.887783
0.825383,0.206787,-0.52534,0.114203,0.850119,0.514057,0.552902,-0.484289,0.678059
0.695806,-0.47624,-0.537633,0.686713,0.660436,0.303725,0.210426,-0.580533,0.786576
0.921978,-0.37033,0.113193,0.386834,0.894204,-0.225297,-0.0177832,0.251506,0.967692
0.904963,-0.382082,-0.187232,0.288441,0.874383,-0.3902,0.312801,0.299111,0.901492
0.926543,0.369312,0.071597,-0.37342,0.925961,0.0561607,-0.0455552,-0.078771,0.995851
0.804082,-0.00930119,0.594445,-0.0351062,0.99739,0.0630927,-0.593481,-0.0716004,0.801657
0.768874,0.0344795,0.63847,-0.22125,0.951206,0.215071,-0.599901,-0.306624,0.738986
0.914551,0.40429,0.0120956,-0.40417,0.912308,0.065887,0.0156025,-0.0651456,0.997754
0.893782,-0.154823,-0.420931,0.28911,0.916398,0.27682,0.342882,-0.369112,0.863822
0.691086,-0.655247,-0.305042,0.456513,0.722924,-0.51863,0.560353,0.219163,0.798732
0.72186,0.521834,-0.454541,-0.493627,0.848599,0.190297,0.485026,0.0870058,0.870161
0.83261,-0.43713,-0.340115,0.467643,0.883873,0.00881176,0.296767,-0.166389,0.940342
0.723917,0.528649,-0.443253,-0.593277,0.804949,-0.00890478,0.352089,0.269418,0.896352
0.947219,0.193501,0.255603,-0.158895,0.975847,-0.149915,-0.278438,0.101388,0.955088
0.725987,0.245588,-0.642363,-0.442809,0.8816,-0.163403,0.526177,0.403072,0.748779
0.918105,-0.392918,-0.0519522,0.390726,0.875315,0.284881,-0.0664606,-0.28185,0.957154
0.949506,0.29905,-0.0949065,-0.293655,0.953575,0.0667976,0.110476,-0.035555,0.993243
0.603263,-0.503545,0.618479,0.699161,0.707013,-0.106334,-0.383729,0.496563,0.778574
0.827726,0.420474,0.37158,-0.42815,0.901284,-0.066137,-0.362708,-0.104349,0.926042
0.798216,0.130505,-0.588064,-0.0160855,0.980519,0.195766,0.602156,-0.146804,0.784765
0.809133,0.480183,-0.338715,-0.467225,0.875293,0.124747,0.356377,0.0573195,0.932582
0.652717,0.50189,-0.567509,-0.467443,0.856298,0.219661,0.596203,0.121901,0.793525
0.955834,-0.0306617,-0.292302,0.100188,0.968967,0.225974,0.276302,-0.245279,0.929244
0.879596,-0.457108,-0.131767,0.234396,0.657464,-0.7161,0.413967,0.598993,0.685448
0.993284,-0.020041,0.113953,0.0899564,0.753162,-0.651655,-0.0727654,0.657529,0.749907
0.869568,0.122579,0.478357,-0.219438,0.963722,0.151945,-0.442378,-0.237096,0.86492
0.955302,-0.292349,0.0439361,0.291663,0.907739,-0.301567,0.0482805,0.300903,0.952432
0.905267,-0.0527938,-0.421549,-0.109655,0.929592,-0.351901,0.410447,0.364789,0.835741
0.882239,-0.296415,-0.365776,0.276286,0.955039,-0.107545,0.381208,-0.00617827,0.924469
0.708327,-0.332938,-0.622435,0.541013,0.822447,0.175745,0.453408,-0.46123,0.762685
0.91993,-0.391824,-0.0142122,0.389167,0.916903,-0.0885336,0.0477208,0.0759138,0.995972
0.920558,-0.0216248,0.390006,0.00544762,0.99908,0.042538,-0.390567,-0.0370341,0.919829
0.982954,0.181846,0.0270636,-0.183021,0.981825,0.050238,-0.0174361,-0.0543349,0.998371
0.767805,0.589391,-0.251185,-0.543781,0.80682,0.230964,0.338789,-0.0407456,0.93998
0.72151,-0.00890969,0.692347,-0.447172,0.757426,0.475755,-0.52864,-0.65286,0.542507
0.906449,-0.329895,0.263667,0.372879,0.918308,-0.132936,-0.198272,0.218816,0.95541
0.752685,0.342984,0.561986,0.0223092,0.83981,-0.542421,-0.658003,0.42081,0.624461
0.824923,-0.00167088,0.565242,0.32757,0.816368,-0.475648,-0.460651,0.57753,0.673988
0.693617,-0.489594,-0.528388,0.707633,0.600299,0.372687,0.134726,-0.632407,0.76283
0.855809,0.170999,-0.488212,-0.0643554,0.971646,0.227514,0.513274,-0.163289,0.842548
0.907541,0.409975,-0.091043,-0.412062,0.827437,-0.381515,-0.0810796,0.383756,0.919868
0.895653,0.225546,0.383322,0.104595,0.730882,-0.674442,-0.432281,0.644159,0.631025
0.77879,-0.0788437,0.622311,0.462562,0.742278,-0.48483,-0.423701,0.665438,0.614548
0.843632,0.034297,-0.535825,-0.333202,0.815985,-0.472382,0.421024,0.577055,0.699819
0.936378,-0.318138,0.148271,0.34362,0.91703,-0.202439,-0.0715657,0.240508,0.968005
0.963847,0.0591896,0.259801,-0.0933193,0.988249,0.12106,-0.249582,-0.140927,0.958044
0.957354,0.286395,-0.038108,-0.231329,0.680805,-0.694976,-0.173093,0.674153,0.718022
0.721653,0.685941,0.0932876,-0.638532,0.711627,-0.293025,-0.267384,0.151895,0.951543
0.609991,-0.513929,-0.603149,0.607254,0.792174,-0.0608493,0.509071,-0.329147,0.795304
0.863479,-0.471144,0.180074,0.394919,0.85361,0.339689,-0.313755,-0.2222,0.923139
0.809164,-0.568686,-0.147813,0.416778,0.732817,-0.537843,0.414184,0.373598,0.829985
0.966782,-0.0220984,-0.254645,0.185564,0.745815,0.639786,0.175779,-0.665787,0.725141
0.707397,-0.535855,0.460922,0.512088,0.838029,0.188344,-0.487191,0.102799,0.867224
0.69168,0.472221,-0.546431,-0.634425,0.758821,-0.147297,0.345086,0.448552,0.824449
0.75496,0.623283,0.203849,-0.352204,0.647602,-0.675695,-0.553162,0.438326,0.708436
0.795715,-0.561938,-0.225971,0.591342,0.640122,0.490468,-0.130964,-0.523899,0.841652
0.720102,-0.693558,0.0207521,0.623864,0.63407,-0.45689,0.303721,0.341954,0.889281
0.718361,0.681545,0.139477,-0.642743,0.726937,-0.241753,-0.266156,0.0840181,0.960261
0.817643,-0.451155,-0.357657,0.462171,0.884791,-0.0595172,0.343303,-0.116635,0.931955
0.844725,0.522222,0.117152,-0.42103,0.783546,-0.456935,-0.330415,0.33666,0.881752
0.729847,0.407497,-0.54888,-0.35985,0.911682,0.198354,0.581233,0.0527463,0.812026
0.711806,-0.580015,0.396125,0.702339,0.593595,-0.392894,-0.00725365,0.557878,0.829891
0.836544,0.0132858,0.547738,0.364908,0.732211,-0.575073,-0.4087,0.680948,0.607679
0.881285,-0.316549,0.350904,0.32263,0.945561,0.042711,-0.345322,0.0755718,0.935437
0.899996,0.227164,0.372026,0.0162764,0.835363,-0.549458,-0.435594,0.500566,0.748126
0.937729,0.240866,-0.250297,-0.221458,0.969668,0.103447,0.267622,-0.0415745,0.962627
0.705758,-0.512436,-0.489199,0.708435,0.515359,0.482208,0.00501203,-0.686888,0.726746
0.810284,0.538142,0.232042,-0.561352,0.826428,0.0436093,-0.168298,-0.165593,0.971728
0.830829,-0.0264621,0.555899,0.0612463,0.997149,-0.0440699,-0.553148,0.0706613,0.830081
0.943045,0.0617613,-0.326882,-0.0827148,0.995289,-0.0505792,0.322218,0.0747364,0.943711
0.927571,-0.353294,-0.121634,0.36028,0.759384,0.541788,-0.0990431,-0.54637,0.831667
0.920066,-0.0788366,-0.38375,0.307116,0.753291,0.581577,0.243226,-0.652945,0.71729
0.95056,0.272247,0.14939,-0.29062,0.94941,0.118997,-0.109436,-0.156529,0.981592
0.931206,-0.25453,0.260903,0.359118,0.763159,-0.537236,-0.0623683,0.593972,0.802065
0.925942,0.193005,0.324623,0.0385581,0.806748,-0.589636,-0.375691,0.558486,0.739561
0.847842,0.293758,-0.441441,-0.0167386,0.846929,0.531443,0.529985,-0.443191,0.722979
0.73954,0.506478,0.443352,-0.67061,0.611138,0.420467,-0.057992,-0.608268,0.79161
0.865584,0.226571,-0.446576,-0.421536,0.811071,-0.405552,0.270318,0.539287,0.797558
0.787697,-0.387805,-0.478687,0.473425,0.878241,0.0675366,0.394211,-0.279821,0.875384
0.826965,-0.418737,-0.375218,0.562191,0.625716,0.540759,0.00834402,-0.658133,0.752855
0.78609,-0.570467,-0.237969,0.618044,0.731119,0.288939,0.00915373,-0.374208,0.9273
0.938165,0.341468,-0.0569726,-0.317062,0.913591,0.254603,0.138989,-0.220796,0.965366
0.655072,0.648284,0.388082,-0.693147,0.720049,-0.0328161,-0.300712,-0.247501,0.92104
0.961705,0.261006,-0.0836594,-0.246172,0.956745,0.155046,0.120509,-0.128514,0.984359
0.887901,0.256383,0.381969,-0.373689,0.886219,0.273811,-0.268308,-0.385854,0.882682
0.724606,0.688988,0.0155673,-0.649559,0.690338,-0.318601,-0.230259,0.220748,0.947761
0.705734,0.611485,-0.357807,-0.284984,0.707394,0.646822,0.648632,-0.354514,0.673495
0.888344,0.115639,-0.444379,-0.00561287,0.970432,0.241311,0.459144,-0.211873,0.862726
0.691383,0.287312,-0.662904,-0.254827,0.955536,0.148369,0.676057,0.0663454,0.733856
0.77628,0.625934,0.074806,-0.390048,0.570146,-0.723046,-0.49523,0.532108,0.686737
0.746111,0.408818,0.525534,-0.216738,0.895438,-0.388863,-0.629558,0.176232,0.756703
0.801681,-0.556109,0.219203,0.400858,0.772192,0.492983,-0.443419,-0.307346,0.841973
0.990652,0.13596,-0.0111195,-0.0948529,0.745123,0.660147,0.0980388,-0.652921,0.751054
0.918425,0.395464,0.0102062,-0.38337,0.896109,-0.22364,-0.0975877,0.201484,0.974618
0.893873,-0.119803,0.432017,-0.169521,0.801769,0.573088,-0.415035,-0.585504,0.69637
0.986491,0.143046,0.0798293,-0.13996,0.989222,-0.0430274,-0.0851238,0.0312732,0.995879
0.777345,0.373274,-0.50636,-0.518902,0.835522,-0.180676,0.355633,0.403199,0.843182
0.859726,0.0641056,0.506717,-0.134982,0.985337,0.104362,-0.492597,-0.158121,0.855772
0.574863,0.673307,0.464963,-0.475287,0.737315,-0.480071,-0.666059,0.0549838,0.74387
0.906539,-0.407168,0.111361,0.401724,0.913186,0.0686217,-0.129634,-0.017472,0.991408
0.763183,0.171368,0.623045,-0.319596,0.938109,0.133455,-0.561614,-0.300974,0.770717
0.982419,0.0725429,-0.17202,0.0538009,0.772317,0.632955,0.178771,-0.631081,0.754836
0.808536,-0.364507,-0.461957,0.181855,0.901396,-0.392955,0.559641,0.233708,0.795099
0.965517,0.00934925,-0.26017,-0.0942732,0.944087,-0.315931,0.24267,0.329564,0.912414
0.717121,0.43544,0.544177,-0.385286,0.898329,-0.211092,-0.580768,-0.0582858,0.81198
0.741855,-0.354768,0.569026,0.559159,0.79567,-0.232918,-0.370125,0.490967,0.788643
0.750254,-0.105147,-0.652735,0.249872,0.959143,0.132698,0.612114,-0.262657,0.745874
0.980288,-0.185021,0.069301,0.174766,0.975636,0.132633,-0.0921524,-0.117907,0.988739
0.645328,0.428445,-0.632445,-0.702115,0.658856,-0.270081,0.300975,0.61834,0.725996
0.584792,-0.450423,0.674638,0.527469,0.842986,0.105599,-0.616275,0.294097,0.730556
0.683412,0.533693,0.498117,-0.570953,0.815938,-0.0908697,-0.454929,-0.2223,0.862335
0.697588,-0.585885,0.412444,0.336309,0.77603,0.533548,-0.632666,-0.233488,0.738388
0.873343,0.00568278,0.487073,0.0830435,0.983557,-0.160376,-0.479976,0.180511,0.85851
0.954743,-0.248765,-0.163038,0.126547,0.835809,-0.534236,0.269168,0.489427,0.829464
0.609833,-0.66387,0.432875,0.612536,0.741399,0.274093,-0.502895,0.098001,0.858774
0.872855,-0.48511,0.0528491,0.428987,0.814438,0.390718,-0.232584,-0.318369,0.918992
0.717022,-0.101169,-0.689669,0.454766,0.817732,0.352848,0.528268,-0.566638,0.632341
0.994009,0.044494,0.099835,-0.0230038,0.978097,-0.206875,-0.106853,0.203339,0.97326
0.786718,-0.29809,0.540571,0.205423,0.952195,0.226113,-0.58213,-0.0668415,0.810343
0.970551,-0.155772,0.183755,0.161234,0.986801,-0.0150755,-0.178981,0.0442592,0.982857
0.909516,-0.298553,0.289217,0.413742,0.717133,-0.560837,-0.0399675,0.629751,0.775768
0.937861,-0.181991,-0.29546,0.324369,0.762293,0.560084,0.123297,-0.621119,0.773957
0.752501,0.657925,0.0296137,-0.543867,0.595431,0.59133,0.371418,-0.461082,0.805886
0.871089,0.458657,0.175608,-0.331589,0.813007,-0.47861,-0.362289,0.358682,0.860287
0.711748,0.372705,-0.595404,-0.616668,0.737418,-0.275565,0.336357,0.563299,0.754691
0.687629,0.187924,0.70132,-0.29014,0.95657,0.0281563,-0.665571,-0.222842,0.71229
0.773156,0.602244,0.198828,-0.612422,0.790429,-0.0127419,-0.164833,-0.111915,0.979952
0.820879,-0.569749,0.0392812,0.550878,0.771794,-0.317595,0.150633,0.282347,0.947412
0.942239,-0.131074,-0.308229,0.00340358,0.923947,-0.382505,0.334924,0.359362,0.871025
0.907415,-0.0861358,0.411313,0.113286,0.992672,-0.0420436,-0.404678,0.0847472,0.910524
0.942677,0.253584,0.216922,-0.216659,0.959488,-0.180115,-0.253808,0.122792,0.959429
0.940332,-0.17738,0.290364,0.16005,0.983648,0.0825824,-0.300265,-0.031182,0.953346
0.715457,-0.54331,0.439243,0.452813,0.839375,0.300683,-0.532054,-0.0162307,0.846555
0.549746,0.573367,0.607478,-0.657225,0.745754,-0.109113,-0.515591,-0.339266,0.786806
0.943428,0.139668,0.300727,0.0290123,0.868709,-0.494473,-0.330306,0.475224,0.815512
0.978547,-0.105887,0.176733,0.178514,0.864023,-0.47074,-0.102856,0.492191,0.864389
0.995098,0.0389222,0.0909093,-0.0794529,0.862004,0.500635,-0.0588783,-0.505404,0.860871
0.798713,-0.243212,0.550368,0.541167,0.690221,-0.480347,-0.263049,0.681501,0.682907
0.825731,-0.334418,0.454239,0.557254,0.608402,-0.565079,-0.0873873,0.71973,0.688732
0.861651,-0.505761,-0.0419827,0.484504,0.844406,-0.228548,0.151041,0.176588,0.972627
0.577203,-0.578699,-0.576146,0.637253,0.760394,-0.125341,0.510632,-0.294803,0.807679
0.699857,0.189401,-0.688714,-0.10779,0.981166,0.160294,0.706103,-0.0379465,0.707092
0.716005,-0.228155,-0.659759,0.162972,0.9736,-0.15982,0.678805,0.00691011,0.734286
0.821873,-0.564934,0.0733069,0.569666,0.814558,-0.109435,0.00211069,0.131702,0.991287
0.959734,0.033417,0.278915,-0.148395,0.903361,0.402389,-0.238514,-0.427576,0.871946
0.768711,-0.53764,-0.346448,0.33487,0.799807,-0.498168,0.544927,0.266932,0.79486
0.931456,0.304699,0.198866,-0.13975,0.804226,-0.577659,-0.335945,0.510273,0.791683
0.815856,-0.403713,0.413998,0.492512,0.860288,-0.131666,-0.303002,0.31132,0.900705
0.686103,0.262138,0.678636,-0.629836,0.680889,0.373759,-0.364099,-0.683867,0.632264
0.691247,-0.627347,-0.358626,0.69003,0.720406,0.0698138,0.214559,-0.295722,0.930867
0.914241,-0.327376,-0.238721,0.305132,0.943948,-0.125926,0.266565,0.0422856,0.962889
0.911302,0.1521,0.382616,-0.345178,0.788808,0.508561,-0.224458,-0.595524,0.771343
0.725477,-0.388198,-0.568319,0.534959,0.837585,0.110768,0.433015,-0.384387,0.815319
0.681193,-0.673422,-0.28719,0.39879,0.67029,-0.625841,0.613956,0.31179,0.725152
0.941486,-0.297826,0.157811,0.206533,0.879776,0.428181,-0.266362,-0.370533,0.889807
0.831998,0.527013,0.17331,-0.554201,0.803783,0.21632,-0.0252998,-0.276026,0.960817
0.943375,0.290182,0.160741,-0.31978,0.666624,0.673315,0.0882297,-0.68659,0.721671
0.867064,-0.070348,-0.493205,0.190195,0.961739,0.197189,0.460462,-0.264781,0.847269
0.761625,0.59587,-0.25469,-0.646387,0.670695,-0.363804,-0.0459608,0.44171,0.89598
0.878365,0.467853,0.0979197,-0.469917,0.882708,-0.00222844,-0.0874771,-0.0440568,0.995192
0.901846,0.326217,0.283297,-0.0697667,0.757038,-0.649636,-0.426389,0.566106,0.70549
0.895267,0.148555,0.420034,0.0470951,0.905937,-0.420785,-0.443034,0.396496,0.804059
0.939248,0.293766,-0.177526,-0.0843161,0.698825,0.710306,0.332723,-0.652185,0.681139
0.757597,0.642902,0.112796,-0.619149,0.762527,-0.187635,-0.20664,0.0723141,0.975741
0.710791,0.500909,-0.493829,-0.512204,0.849762,0.124707,0.482104,0.1643,0.86057
0.911812,0.345855,-0.221319,-0.367625,0.927711,-0.0648429,0.182894,0.140487,0.973043
0.729495,0.406588,0.550022,-0.153763,0.881042,-0.447349,-0.666479,0.241766,0.705234
0.868535,-0.399352,-0.293539,0.492292,0.62651,0.604263,-0.0574089,-0.66933,0.740744
0.568814,-0.664572,0.484557,0.605359,0.737115,0.300336,-0.556769,0.122495,0.821585
0.632175,0.636104,-0.44241,-0.566045,0.76905,0.29691,0.529101,0.0627247,0.846238
0.985296,-0.0697824,-0.155954,0.0216826,0.956479,-0.290993,0.169473,0.283333,0.943929
0.865688,-0.0604598,0.49692,0.106827,0.992125,-0.0653934,-0.489053,0.109695,0.865329
0.957648,-0.176795,0.227276,0.197386,0.977742,-0.0711324,-0.209641,0.112981,0.971229
0.884419,-0.465701,-0.0304234,0.406827,0.801269,-0.438702,0.228681,0.375619,0.898117
0.810044,0.285611,0.512108,-0.381556,0.919906,0.0904931,-0.445246,-0.268701,0.854141
0.968551,-0.175169,-0.176705,0.0984333,0.922004,-0.374459,0.228516,0.345289,0.91025
0.965376,0.216323,-0.145785,-0.184695,0.961467,0.203641,0.18422,-0.169665,0.968131
0.672558,0.626442,0.394,-0.293271,0.714423,-0.635288,-0.679454,0.311719,0.664208
0.981529,0.178203,0.0696031,-0.0941752,0.766738,-0.635015,-0.166529,0.616731,0.769358
0.789308,0.436701,-0.431608,-0.522318,0.847088,-0.0981131,0.322763,0.302878,0.89671
0.77367,0.15047,0.615462,-0.39782,0.871406,0.287039,-0.493126,-0.466917,0.73404
0.943891,-0.123586,0.306262,0.153997,0.985058,-0.0771127,-0.292155,0.119949,0.948819
0.964687,-0.146672,-0.218782,0.126363,0.986499,-0.104173,0.231108,0.072848,0.970197
0.860126,-0.344109,0.376527,0.392235,0.9181,-0.0569557,-0.32609,0.196676,0.924653
0.977692,-0.194898,0.0783193,0.176091,0.9638,0.200205,-0.114504,-0.181948,0.976619
0.88369,0.460233,0.0853059,-0.37846,0.809783,-0.448352,-0.275425,0.363919,0.889777
0.750347,-0.0447096,-0.659531,0.24575,0.94507,0.215522,0.613667,-0.323796,0.720118
0.960706,-0.276112,-0.0283929,0.271915,0.956742,-0.103478,0.0557362,0.0916913,0.994226
0.75187,0.104919,0.650909,-0.130172,0.991446,-0.00944792,-0.646333,-0.0776263,0.759097
0.694928,0.673007,0.253253,-0.469564,0.691449,-0.549006,-0.544596,0.262601,0.796527
0.91409,0.0781969,-0.3979,0.0280692,0.966676,0.254458,0.404538,-0.243766,0.881435
0.668821,0.720928,0.1815,-0.562549,0.650392,-0.51042,-0.486022,0.239277,0.840553
0.834652,-0.0172614,0.550507,-0.183215,0.933887,0.307064,-0.519411,-0.357152,0.776308
0.861203,0.495136,0.11476,-0.470932,0.862278,-0.186278,-0.191188,0.106379,0.975772
0.678539,-0.688,-0.257373,0.698329,0.712863,-0.0645233,0.227864,-0.135949,0.964156
0.547972,-0.665807,-0.506387,0.586208,0.737503,-0.335336,0.596731,-0.113094,0.794432
0.711027,-0.696579,-0.0960111,0.664501,0.710292,-0.232215,0.229952,0.101312,0.967914
0.900058,0.248366,-0.358064,-0.110088,0.924623,0.364626,0.421635,-0.288766,0.859557
0.975705,-0.216771,-0.0317753,0.218307,0.97418,0.0575751,0.0184742,-0.0631131,0.997835
0.979483,0.188096,-0.072342,-0.199704,0.85774,-0.47371,-0.0270522,0.478438,0.877705
0.875841,-0.389372,0.285118,0.120108,0.748075,0.652655,-0.467415,-0.537377,0.701961
0.711766,-0.403842,-0.574718,0.447173,0.891494,-0.0726277,0.541687,-0.205304,0.815123
0.828981,0.446653,0.336587,-0.125889,0.735404,-0.665832,-0.544924,0.50959,0.665865
0.984566,0.125249,-0.122242,-0.12186,0.991935,0.0348477,0.125621,-0.0194133,0.991888
0.955526,0.28905,-0.0584786,-0.235027,0.866168,0.441039,0.178134,-0.40768,0.895581
0.67937,-0.647396,-0.34545,0.595653,0.761478,-0.255634,0.428549,-0.0320988,0.902948
0.765446,-0.366592,-0.528869,0.330858,0.929114,-0.165168,0.551929,-0.0485534,0.832476
0.733589,-0.670462,-0.111029,0.678972,0.716083,0.161932,-0.0290635,-0.194177,0.980536
0.952717,-0.0576498,-0.298341,0.0428199,0.997511,-0.0560131,0.300828,0.0405897,0.952814
0.950987,-0.26022,-0.16706,0.307105,0.857991,0.41175,0.0361905,-0.442874,0.895853
0.748705,-0.570453,-0.337676,0.565541,0.815409,-0.123577,0.345839,-0.098447,0.933115
0.885452,0.323751,-0.333407,-0.0186202,0.741559,0.67063,0.464358,-0.587602,0.662643
0.866099,0.498043,0.0427287,-0.378705,0.709552,-0.594238,-0.326274,0.498488,0.803153
0.595977,-0.439805,0.671851,0.592557,0.805527,0.00167334,-0.54193,0.397112,0.740685
0.925604,-0.0620225,0.373377,-0.0230009,0.975442,0.219052,-0.377794,-0.211344,0.901446
0.854134,-0.138691,-0.501218,-0.241796,0.747368,-0.618851,0.460424,0.649774,0.604817
0.842667,0.0743541,-0.533277,-0.0808074,0.996666,0.0112745,0.532337,0.0335921,0.845866
0.807918,-0.531253,0.255027,0.581911,0.65092,-0.487527,0.0929977,0.542285,0.835032
0.926543,0.256289,0.275379,-0.0260961,0.774049,-0.632588,-0.375282,0.578933,0.723878
0.709261,0.540034,0.453114,-0.650999,0.748363,0.12709,-0.270461,-0.385117,0.882347
0.753854,0.237388,0.612659,-0.373832,0.92178,0.102822,-0.540327,-0.306544,0.783631
0.927615,0.303505,-0.217749,-0.373537,0.754159,-0.540106,0.000292905,0.582348,0.81294
0.618873,0.662911,0.42136,-0.577559,0.747605,-0.327891,-0.532374,-0.0404376,0.845543
0.702282,0.624802,0.341207,-0.464751,0.765445,-0.445084,-0.539264,0.153998,0.827936
0.760043,0.524571,-0.383615,-0.649069,0.583389,-0.488228,-0.0323133,0.620067,0.783883
0.81758,-0.457159,0.350098,0.558069,0.778881,-0.286187,-0.141852,0.429359,0.891924
0.873733,0.48369,0.0513275,-0.480699,0.874778,-0.0607534,-0.074286,0.0284092,0.996832
0.703502,-0.637993,-0.313129,0.53371,0.765208,-0.360014,0.469295,0.0861503,0.878829
0.689794,-0.443717,0.572101,0.0729742,0.828774,0.554804,-0.720318,-0.340952,0.604064
0.693614,0.710892,-0.116332,-0.507524,0.596879,0.621413,0.511194,-0.371979,0.774798
0.83953,0.230458,-0.492015,-0.465173,0.772785,-0.43176,0.28072,0.591347,0.755979
0.694346,-0.321748,-0.64371,0.503735,0.856109,0.115449,0.51394,-0.404421,0.756511
0.934724,0.347742,-0.0732532,-0.289211,0.864149,0.41183,0.206512,-0.363762,0.908311
0.696402,-0.701422,0.151761,0.429627,0.576866,0.694728,-0.574843,-0.418609,0.70308
0.905089,-0.219924,0.363933,0.264184,0.961473,-0.0760018,-0.333197,0.164934,0.928319
0.668637,-0.428362,-0.607808,0.584472,0.808082,0.0734574,0.459692,-0.404363,0.790679
0.850302,-0.203289,-0.485449,0.347736,0.90938,0.22827,0.395053,-0.362906,0.843939
0.860151,-0.503884,-0.0789958,0.37578,0.730807,-0.569834,0.344861,0.460458,0.817954
0.851376,-0.341557,0.398118,0.243182,0.929475,0.27738,-0.464782,-0.139339,0.874393
0.92188,0.151671,0.356558,-0.289285,0.881611,0.37293,-0.257783,-0.446943,0.856615
0.713888,-0.461296,0.526848,0.389245,0.886827,0.249052,-0.58211,0.0272779,0.812653
0.756962,-0.287036,0.587043,0.523958,0.803434,-0.282776,-0.390483,0.521636,0.758564
0.798421,-0.560118,-0.220886,0.533249,0.828171,-0.172561,0.279586,0.0199893,0.959913
0.757901,0.601651,-0.252193,-0.628036,0.777504,-0.0325249,0.176513,0.183037,0.96713
0.681505,0.456094,-0.572302,-0.314163,0.888642,0.33409,0.660948,-0.0478878,0.748902
0.8652,-0.0704549,-0.496452,-0.2671,0.773164,-0.575217,0.424366,0.63028,0.650123
0.897835,0.131662,-0.420187,0.0879528,0.881399,0.464112,0.431458,-0.453652,0.779771
0.956956,-0.23865,0.16517,0.106674,0.818475,0.564553,-0.269918,-0.522633,0.808702
0.961461,-0.109396,-0.252239,0.224461,0.842125,0.490349,0.158775,-0.528069,0.834226
0.968399,0.208689,0.136575,-0.086429,0.794467,-0.601125,-0.233952,0.570325,0.787398
0.863236,0.45554,-0.217499,-0.456114,0.888482,0.0505955,0.216292,0.0555287,0.974748
0.867383,-0.44617,0.220407,0.485031,0.658889,-0.574987,0.111318,0.605638,0.787916
0.786135,0.0386175,0.616847,0.307139,0.841676,-0.444124,-0.536337,0.5386,0.64981
0.646649,-0.583847,-0.490884,0.648858,0.759367,-0.0484239,0.401033,-0.287201,0.869878
0.827882,-0.489877,0.273189,0.48778,0.869245,0.0805259,-0.276916,0.0665899,0.958584
0.85184,0.184347,-0.490291,-0.304549,0.93586,-0.177249,0.426169,0.300305,0.853345
0.894138,-0.343718,-0.28701,0.138267,0.821548,-0.55312,0.42591,0.454881,0.782102
0.993125,0.011262,0.116515,-0.0747529,0.826989,0.557226,-0.0900815,-0.562105,0.822145
0.820891,0.568074,0.058557,-0.444036,0.699385,-0.560083,-0.359122,0.433766,0.826365
0.967428,0.204606,-0.149064,-0.063981,0.767349,0.63803,0.244929,-0.607711,0.755445
0.620359,-0.620976,-0.479107,0.403147,0.776447,-0.484357,0.672775,0.107325,0.732021
0.878019,0.371411,0.301887,-0.195378,0.853921,-0.482334,-0.436932,0.364516,0.822325
0.922553,-0.022129,0.385236,0.0896331,0.983336,-0.158165,-0.375317,0.180446,0.909163
0.942862,-0.333156,-0.00414294,0.331226,0.935908,0.119858,-0.0360541,-0.114382,0.992782
0.857857,0.350345,-0.375952,-0.480867,0.805282,-0.346824,0.18124,0.478308,0.859286
0.791731,-0.545553,0.274834,0.460369,0.828596,0.318574,-0.401525,-0.1257,0.907181
0.825029,0.532474,0.189206,-0.499694,0.843794,-0.195748,-0.263881,0.0669527,0.962229
0.883715,0.0547651,-0.46481,-0.133287,0.981455,-0.137773,0.448645,0.183705,0.874626
0.686522,0.478735,-0.547267,-0.716671,0.5726,-0.398136,0.122763,0.665539,0.736197
0.985523,0.0444946,-0.163598,-0.0673341,0.988303,-0.13683,0.155596,0.145865,0.976992
0.734107,-0.666735,0.128654,0.678237,0.72914,-0.0913699,-0.0328872,0.154333,0.987471
0.665223,-0.656231,0.356144,0.462089,0.736513,0.493986,-0.586474,-0.16404,0.793183
0.920837,-0.0152659,-0.389648,-0.231861,0.781974,-0.578582,0.313528,0.623124,0.716532
0.730722,0.144558,0.667194,-0.283542,0.953305,0.103991,-0.621007,-0.265166,0.737589
0.83432,0.240093,-0.496251,-0.188612,0.970173,0.152279,0.518011,-0.0334503,0.85472
0.936097,-0.311616,-0.163152,0.195926,0.847156,-0.493902,0.292123,0.430374,0.854074
0.934695,-0.202721,-0.291975,0.245397,0.96228,0.117464,0.257149,-0.181443,0.949185
0.826083,0.35166,0.440365,-0.10517,0.863887,-0.492583,-0.553648,0.360602,0.750627
0.817593,0.431981,0.380702,-0.573934,0.664538,0.478528,-0.0462759,-0.609739,0.79125
0.994743,-0.0142625,0.101403,0.00668179,0.997183,0.0747086,-0.102183,-0.0736383,0.992036
0.586281,0.450489,0.673301,-0.60637,0.795173,-0.00402961,-0.537206,-0.405907,0.739357
0.743709,-0.629925,0.22381,0.616696,0.775709,0.134023,-0.258036,0.0383483,0.965374
0.79618,-0.436178,-0.419341,0.356555,0.89816,-0.25725,0.488842,0.055299,0.870618
0.838666,-0.160443,0.520478,0.0902277,0.98335,0.157741,-0.537121,-0.0853305,0.839178
0.792309,-0.585367,-0.172025,0.543153,0.548299,0.635887,-0.277906,-0.597255,0.752366
0.915409,-0.40252,-0.0022099,0.379868,0.862052,0.335511,-0.133145,-0.307969,0.942034
0.598739,0.682164,-0.419718,-0.555576,0.731189,0.395852,0.576929,-0.00382657,0.816785
0.620802,0.300744,0.723987,-0.613901,0.760839,0.210354,-0.487575,-0.575045,0.656958
0.711299,-0.699518,0.0687623,0.610834,0.663578,0.43191,-0.347758,-0.265215,0.899292
0.8624,0.379949,-0.334523,-0.493908,0.776422,-0.391438,0.111005,0.502799,0.857246
0.685811,-0.436087,0.582659,0.676377,0.677454,-0.289085,-0.268658,0.592355,0.759565
0.927325,-0.30116,-0.222196,0.36768,0.843909,0.390678,0.0698565,-0.443982,0.893309
0.661844,-0.55883,-0.49967,0.672224,0.737431,0.0656608,0.331779,-0.379347,0.863724
0.960002,-0.164934,0.22626,0.236975,0.909016,-0.342831,-0.149129,0.382736,0.911742
0.956912,-0.198846,-0.211612,0.251047,0.932748,0.258761,0.145927,-0.300736,0.942477
0.876239,0.475074,-0.0806841,-0.316463,0.693598,0.647127,0.363395,-0.541505,0.758101
0.958864,0.248912,0.136463,-0.279401,0.742657,0.608601,0.0501426,-0.621694,0.781653
0.913016,0.0280424,-0.406959,-0.241404,0.84133,-0.483619,0.328825,0.539794,0.774917
0.718845,0.55384,0.420146,-0.478627,0.832623,-0.278667,-0.50416,-0.000774767,0.86361
0.962945,-0.223936,-0.150297,0.0961458,0.805705,-0.584462,0.251977,0.548354,0.79738
0.864619,-0.101727,-0.492021,-0.101593,0.923661,-0.369498,0.492049,0.369461,0.788281
0.912321,-0.339436,-0.229029,0.270656,0.919596,-0.284762,0.307272,0.197806,0.930837
0.566453,0.680777,0.464407,-0.571402,0.730531,-0.37393,-0.593827,-0.0535491,0.802809
0.976573,0.0532079,0.208505,-0.10259,0.966865,0.233769,-0.189158,-0.249683,0.949672
0.744591,-0.310809,-0.590747,0.472441,0.870581,0.137437,0.471576,-0.381428,0.795065
0.826406,0.495669,0.267142,-0.421901,0.85928,-0.289201,-0.372898,0.12629,0.919238
0.928642,-0.365541,0.0632784,0.33544,0.900228,0.277613,-0.158444,-0.236577,0.958607
0.887277,0.266973,0.376118,-0.449884,0.680745,0.578093,-0.101705,-0.682138,0.724116
0.882211,-0.47057,-0.0163542,0.450908,0.834327,0.317143,-0.135593,-0.287162,0.948237
0.781328,-0.533517,0.323863,0.239445,0.735444,0.633867,-0.576362,-0.417711,0.702371
0.713901,0.649906,0.260707,-0.51832,0.740774,-0.427316,-0.47084,0.169931,0.865698
0.76266,0.314362,0.565267,-0.260167,0.949225,-0.176876,-0.592168,-0.0121677,0.805722
0.772012,0.37557,0.512782,0.013469,0.79691,-0.603948,-0.635466,0.473162,0.610165
0.679839,0.43337,0.591616,-0.527473,0.849419,-0.0160847,-0.509501,-0.301127,0.806059
0.569547,-0.615748,-0.544491,0.560142,0.775554,-0.291132,0.601546,-0.139179,0.78662
0.992388,0.123054,-0.00493741,-0.104427,0.862067,0.495918,0.065281,-0.491627,0.868355
0.920761,-0.390027,-0.00882412,0.360713,0.842506,0.400086,-0.14861,-0.371567,0.916435
0.724398,0.395489,0.564656,-0.272616,0.91665,-0.292289,-0.633189,0.0577996,0.771836
0.982347,-0.184362,-0.0316951,0.144611,0.8559,-0.49651,0.118665,0.483162,0.867452
0.998968,-0.0131486,0.0434683,0.0386716,0.748119,-0.662436,-0.0238093,0.663434,0.747856
0.976246,0.141252,0.164289,-0.21562,0.707725,0.67278,-0.0212401,-0.692223,0.721371
0.723614,0.58005,0.374065,-0.628625,0.777642,0.010185,-0.284981,-0.242516,0.927347
0.948779,-0.249965,0.193226,0.291341,0.928805,-0.229001,-0.122227,0.273566,0.954056
0.885676,-0.267737,-0.379334,0.155115,0.940677,-0.301772,0.437626,0.208432,0.874665
0.807393,-0.554904,0.200496,0.480946,0.815817,0.321144,-0.341772,-0.162861,0.925564
0.827327,0.406396,0.387779,-0.016321,0.707441,-0.706584,-0.561484,0.578247,0.591917
0.806492,0.187556,0.560708,-0.0486783,0.966195,-0.253174,-0.589238,0.176889,0.788359
0.71718,0.552251,0.425056,-0.106921,0.689909,-0.715956,-0.688637,0.468022,0.553836
0.716922,-0.310551,0.624164,0.442631,0.894462,-0.0633738,-0.53861,0.321708,0.778719
0.729425,0.451787,0.513641,-0.671443,0.616413,0.411338,-0.130777,-0.644921,0.752977
0.783638,-0.584444,0.210563,0.554419,0.810877,0.187345,-0.280234,-0.0300706,0.959461
0.760342,0.550065,-0.345412,-0.491538,0.834918,0.247594,0.424584,-0.0184733,0.9052
0.934028,0.0792244,0.348305,-0.249511,0.842476,0.477471,-0.255611,-0.532877,0.806663
0.643869,0.391464,0.657411,-0.446579,0.889945,-0.0925504,-0.621289,-0.233995,0.747827
0.749108,-0.29446,0.593406,0.38293,0.923434,-0.0251783,-0.540558,0.246094,0.804509
0.794721,0.127793,-0.593369,-0.0556998,0.988815,0.138359,0.604413,-0.0769064,0.79295
0.857478,-0.369257,0.358303,0.245821,0.905774,0.345173,-0.452,-0.2079,0.867453
0.969094,-0.0940325,0.228066,0.0933573,0.995537,0.0137715,-0.228343,0.00794571,0.973548
0.747934,0.655167,-0.106544,-0.549711,0.521414,-0.652645,-0.372038,0.546703,0.750136
0.683345,-0.648218,-0.335934,0.637421,0.754057,-0.158407,0.355996,-0.105885,0.928469
0.937016,0.212792,0.276986,-0.237055,0.96983,0.0568696,-0.256528,-0.118949,0.95919
0.968019,-0.213196,-0.13224,0.250186,0.781196,0.571962,-0.0186347,-0.586754,0.809551
0.754372,-0.641055,-0.141318,0.567123,0.528027,0.632107,-0.330596,-0.556988,0.761886
0.880766,0.456117,0.127312,-0.473521,0.851356,0.225769,-0.00541096,-0.259135,0.965826
0.885251,0.462958,0.0447311,-0.370581,0.643939,0.669337,0.281071,-0.609108,0.741611
0.631565,0.418855,-0.652446,-0.638079,0.758831,-0.130507,0.440433,0.498735,0.746513
0.738712,-0.494237,-0.458295,0.0404978,0.711259,-0.701763,0.672804,0.499841,0.545431
0.931207,-0.0876606,-0.353792,0.136325,0.983965,0.115017,0.338037,-0.155335,0.928225
0.778476,0.479535,0.404995,-0.298343,0.850377,-0.433418,-0.552238,0.216578,0.805064
0.891005,0.304021,0.337168,-0.273927,0.952262,-0.134764,-0.362043,0.0277158,0.931749
0.906392,-0.422033,0.0184739,0.401339,0.873948,0.27412,-0.131833,-0.241046,0.961518
0.827181,-0.451385,-0.334698,0.305517,0.861146,-0.406308,0.471626,0.233835,0.85023
0.832704,0.515185,-0.202949,-0.514919,0.855252,0.0583288,0.203622,0.0559314,0.977451
0.79454,-0.403822,0.453468,0.565272,0.764637,-0.309513,-0.22175,0.502253,0.835804
0.761581,-0.132167,0.63445,0.401812,0.8644,-0.302257,-0.50847,0.485123,0.711417
0.712262,-0.5279,-0.462607,0.636535,0.763543,0.108743,0.295815,-0.371919,0.879869
0.568789,0.604118,-0.558141,-0.605263,0.76692,0.213285,0.556898,0.216508,0.801866
0.963254,-0.242197,-0.116114,0.258208,0.954056,0.152008,0.0739636,-0.176404,0.981535
0.748906,-0.48131,0.455501,0.251342,0.842313,0.476798,-0.613162,-0.24259,0.751786
0.895268,-0.155535,0.417496,0.181439,0.983138,-0.0228127,-0.406908,0.0961737,0.908392
0.614148,-0.422228,-0.666743,0.620714,0.780178,0.0776873,0.487376,-0.461568,0.741228
0.848575,-0.178998,-0.497875,0.0108371,0.946713,-0.321896,0.528964,0.267757,0.805297
0.934447,-0.316174,-0.163837,0.311069,0.948699,-0.056624,0.173335,0.00194759,0.984861
0.821545,-0.551495,0.144628,0.430433,0.766293,0.476993,-0.373887,-0.329619,0.866926
0.860232,0.323701,0.393977,-0.061231,0.832639,-0.550421,-0.506213,0.449366,0.736083
0.945707,-0.252771,-0.204318,0.324349,0.774356,0.543295,0.0208857,-0.580068,0.8143
0.560692,-0.389954,0.730452,0.666383,0.736128,-0.118529,-0.491485,0.553219,0.6726
0.689558,-0.32059,-0.649409,0.607482,0.744233,0.277638,0.394303,-0.585952,0.707944
0.681604,-0.330446,-0.652857,0.350969,0.93053,-0.104568,0.642057,-0.157859,0.750229
0.832182,0.510281,0.216995,-0.530813,0.619933,0.577859,0.160348,-0.596068,0.78676
0.795776,0.578583,0.178836,-0.541606,0.54784,0.6376,0.270931,-0.604245,0.749322
0.770026,-0.45588,-0.446356,0.277458,0.869259,-0.409154,0.574524,0.191214,0.795839
0.920904,-0.363294,0.141254,0.160473,0.68361,0.711988,-0.355223,-0.633005,0.687838
0.790635,0.371779,0.486494,-0.348507,0.926537,-0.141677,-0.503427,-0.057532,0.86212
0.821665,-0.516569,-0.24088,0.568367,0.774267,0.278334,0.0427265,-0.365606,0.929789
0.915611,0.143475,0.375595,0.109594,0.809731,-0.576477,-0.386841,0.568991,0.725674
0.892953,0.355044,-0.276728,-0.370821,0.928691,-0.00505997,0.255199,0.107135,0.960935
0.907832,0.0639389,0.414431,-0.22783,0.90492,0.359462,-0.352043,-0.420751,0.836083
0.764627,-0.56038,0.318308,0.638437,0.59119,-0.492841,0.0879976,0.580059,0.809808
0.729515,-0.275539,-0.626009,0.227991,0.960882,-0.157246,0.644848,-0.0280114,0.763798
0.993095,-0.0603621,0.100591,0.100202,0.882372,-0.459761,-0.0610068,0.466665,0.882327
0.699346,0.58299,0.413566,-0.177966,0.702387,-0.689189,-0.692274,0.408381,0.594964
0.776681,-0.41898,0.470343,0.623949,0.614092,-0.4833,-0.0863412,0.66884,0.738375
0.683138,0.417993,-0.598836,-0.617702,0.768152,-0.168482,0.389573,0.484999,0.782949
0.867792,0.0564388,0.493712,-0.277928,0.87873,0.388058,-0.411938,-0.47397,0.778241
0.707856,0.360671,-0.607335,-0.561686,0.80877,-0.174357,0.428308,0.464551,0.775077
0.887643,-0.309641,-0.3409,0.394708,0.892875,0.216748,0.237267,-0.326951,0.914772
0.891545,-0.452911,-0.00433419,0.380632,0.744011,0.549152,-0.245492,-0.491243,0.835711
0.877189,0.447431,0.174198,-0.452253,0.891792,-0.0132247,-0.161266,-0.067181,0.984622
0.709509,0.691687,0.134778,-0.485116,0.618137,-0.618521,-0.511135,0.373463,0.774123
0.682657,0.482639,-0.54867,-0.192157,0.842983,0.50245,0.705021,-0.23757,0.668211
0.723644,0.628648,0.284853,-0.4124,0.724797,-0.551902,-0.553413,0.281907,0.783749
0.711842,0.446406,-0.542221,-0.534865,0.844912,-0.00657683,0.455193,0.294697,0.84021
0.836612,0.0188802,-0.54747,0.348621,0.752544,0.558696,0.422543,-0.658271,0.623006
0.820415,-0.569669,-0.0489463,0.553366,0.769552,0.318712,-0.143893,-0.288561,0.946587
0.908007,0.184787,-0.376001,-0.3904,0.698855,-0.599325,0.152023,0.690982,0.706706
0.785562,-0.376392,-0.491142,0.0168882,0.80647,-0.591034,0.618552,0.456,0.639889
0.757844,-0.649781,-0.0588014,0.605551,0.666974,0.434112,-0.242859,-0.364596,0.898938
0.83823,0.0687481,0.540965,0.270437,0.809028,-0.52186,-0.473533,0.583736,0.65956
0.964084,-0.14847,0.220226,0.208367,0.936966,-0.280495,-0.1647,0.316308,0.93425
0.732343,-0.579844,0.357008,0.672335,0.532671,-0.51403,0.107889,0.616475,0.779947
0.75344,0.656359,-0.0390125,-0.65686,0.754013,-2.69507e-05,0.0293982,0.025646,0.999239
0.759368,0.64954,0.0381949,-0.563817,0.62758,0.536892,0.324763,-0.429234,0.842786
0.903929,0.427681,-0.000997857,-0.401082,0.846895,-0.349144,-0.148477,0.316002,0.937069
0.661516,0.67472,-0.327337,-0.404339,0.688508,0.602052,0.631591,-0.265912,0.728274
0.766444,0.638511,0.0697756,-0.639736,0.768571,-0.00601252,-0.0574665,-0.0400297,0.997545
0.59958,0.45224,0.66029,-0.511819,0.850943,-0.11806,-0.615261,-0.267162,0.741673
0.614376,-0.604921,0.50657,0.614356,0.769618,0.17394,-0.495085,0.20435,0.844471
0.931581,-0.244976,-0.268597,0.102091,0.885411,-0.453459,0.348906,0.395012,0.849841
0.886536,0.205014,0.414757,-0.411289,0.759778,0.503566,-0.211885,-0.617014,0.757891
0.889496,0.365151,-0.274702,-0.0704867,0.703626,0.707066,0.451473,-0.60957,0.651611
0.968273,-0.24842,-0.0271298,0.218276,0.787893,0.57583,-0.121672,-0.563482,0.817119
0.719181,-0.40921,-0.561539,0.635234,0.714685,0.292752,0.281527,-0.56725,0.773931
0.803031,-0.592007,0.0683343,0.524035,0.646881,-0.554015,0.283777,0.480701,0.829697
0.735347,0.66792,0.114665,-0.507114,0.654565,-0.560696,-0.449556,0.354158,0.820044
0.665123,0.446945,-0.598207,-0.490509,0.865529,0.101295,0.563039,0.226052,0.794914
0.738903,0.659814,0.136628,-0.660629,0.749311,-0.0458545,-0.132632,-0.0563786,0.989561
0.752663,-0.630776,0.188733,0.585953,0.772454,0.244897,-0.300262,-0.0737365,0.951002
0.963767,-0.157345,-0.215397,0.100549,0.962227,-0.253002,0.24707,0.222177,0.943183
0.76721,0.553203,-0.324585,-0.376553,0.798152,0.470277,0.519227,-0.238577,0.820661
0.828627,0.177537,0.530903,0.00633448,0.945343,-0.326015,-0.559765,0.273508,0.782213
0.646553,-0.659437,-0.383554,0.582664,0.7514,-0.309677,0.492414,-0.0232607,0.87005
0.7711,-0.242777,0.588613,0.0135325,0.930493,0.366059,-0.636571,-0.274303,0.720788
0.717999,-0.433219,-0.544793,0.0860956,0.831964,-0.548109,0.690699,0.346637,0.634647
0.909674,0.360582,0.206093,-0.406758,0.673228,0.617505,0.0839133,-0.645558,0.759087
0.751749,0.276509,-0.598678,-0.17635,0.959076,0.221526,0.635432,-0.060955,0.769747
0.876967,-0.347401,-0.332028,0.466739,0.78022,0.416427,0.114387,-0.520163,0.846372
0.760076,-0.267704,-0.592132,-0.220099,0.751293,-0.622186,0.611426,0.603236,0.512118
0.798821,-0.459529,-0.388225,0.600742,0.575534,0.55486,-0.0315372,-0.676457,0.735807
0.888235,0.177663,-0.423644,-0.0738285,0.965409,0.25007,0.453418,-0.190844,0.870627
0.994598,-0.0703809,-0.076303,0.0727809,0.996922,0.0291392,0.0740173,-0.0345351,0.996659
0.920943,-0.0498323,-0.386497,-0.172902,0.836576,-0.519852,0.34924,0.54558,0.761823
0.936786,-0.0754617,0.341669,-0.185365,0.721158,0.667511,-0.296769,-0.688648,0.661583
0.870963,-0.0238093,0.490772,0.214849,0.916732,-0.336813,-0.441887,0.398794,0.803554
0.970875,-0.165671,0.173076,0.143127,0.980377,0.135554,-0.192137,-0.106834,0.975536
0.697003,0.405709,0.591259,-0.630975,0.738745,0.236911,-0.340672,-0.538197,0.770899
0.731576,0.464756,0.498797,-0.381646,0.885431,-0.26525,-0.564927,0.00368698,0.825133
0.93608,0.0128525,-0.351553,0.0773982,0.967321,0.241452,0.343168,-0.253228,0.904495
0.854805,0.240911,-0.459641,0.0551102,0.838565,0.542006,0.516015,-0.488641,0.703533
0.705832,-0.388202,-0.592537,0.33837,0.919637,-0.199434,0.622339,-0.0597301,0.780465
0.889811,0.326138,0.319171,-0.439207,0.801882,0.40507,-0.123829,-0.500618,0.856766
0.875475,-0.173901,0.45089,-0.0289832,0.912437,0.408189,-0.482393,-0.370427,0.793776
0.925755,-0.0282587,0.377068,0.166319,0.925991,-0.338939,-0.339583,0.376487,0.86194
0.776425,-0.160938,0.609314,0.502582,0.741459,-0.444579,-0.380231,0.651412,0.656572
0.743035,-0.468007,0.478401,0.0420074,0.746035,0.664581,-0.667932,-0.473711,0.57399
0.991488,0.127413,0.026798,-0.120704,0.822327,0.556065,0.0488134,-0.554566,0.830707
0.983564,0.176098,-0.0398919,-0.172574,0.981811,0.0791598,0.0531062,-0.0709744,0.996063
0.783237,-0.522592,-0.336805,0.15539,0.689081,-0.707829,0.601992,0.502061,0.620919
0.984206,0.128412,0.121858,-0.0916161,0.958472,-0.270069,-0.151478,0.254639,0.955099
0.980384,-0.115587,-0.159644,-0.0168194,0.757965,-0.652078,0.196376,0.641972,0.741153
0.993206,-0.0781112,0.0862546,0.0532185,0.964073,0.260252,-0.103484,-0.253893,0.96168
0.648457,0.44727,-0.615997,-0.455213,0.876405,0.157149,0.610151,0.178506,0.771914
0.835856,0.362496,-0.412238,0.0328946,0.716536,0.696774,0.547962,-0.595963,0.586997
0.765192,-0.521219,-0.377905,0.433905,0.851165,-0.295371,0.475613,0.0620407,0.877464
0.922472,-0.272004,0.273968,0.335428,0.916029,-0.219953,-0.191135,0.294797,0.936249
0.636367,-0.390723,-0.665111,0.446199,0.889792,-0.0957968,0.62924,-0.23581,0.740574
0.841075,-0.124265,0.526451,0.182209,0.981462,-0.0594367,-0.509306,0.145915,0.848125
0.849632,0.154831,-0.504136,-0.351232,0.879208,-0.321914,0.393398,0.450577,0.801385
0.749633,-0.310863,0.584307,0.164304,0.942604,0.290692,-0.641136,-0.121908,0.757683
0.896314,-0.0613564,-0.439154,-0.159426,0.879564,-0.448276,0.413768,0.471809,0.778584
0.693614,0.652024,-0.30621,-0.498434,0.741311,0.449469,0.520061,-0.159133,0.839174
0.860162,-0.455542,0.229353,0.414229,0.886338,0.206929,-0.297549,-0.0829879,0.951093
0.854395,-0.509349,0.102821,0.399714,0.770673,0.496278,-0.33202,-0.382918,0.862054
0.852743,-0.450284,-0.264715,0.51777,0.661876,0.542064,-0.0688744,-0.599303,0.797554
0.662919,-0.502613,-0.554904,0.528854,0.838986,-0.128126,0.529954,-0.208526,0.821989
0.682463,0.485309,-0.546553,-0.138291,0.819987,0.555425,0.717719,-0.303473,0.626724
0.640362,0.590767,0.490846,-0.626649,0.771375,-0.110872,-0.444126,-0.23659,0.864163
0.734461,-0.375744,0.56514,0.0583059,0.864598,0.49907,-0.676141,-0.333597,0.656922
0.865802,-0.382873,0.322172,0.480671,0.815319,-0.322817,-0.139075,0.434355,0.889941
0.787618,0.613373,-0.0585803,-0.603812,0.787273,0.124951,0.12276,-0.063042,0.990432
0.82619,-0.521666,0.212777,0.507606,0.853109,0.12059,-0.24443,0.00837715,0.969631
0.942856,-0.196713,0.268936,0.067179,0.902782,0.424819,-0.326358,-0.382476,0.864409
0.787787,-0.232274,0.570475,0.457976,0.840217,-0.290333,-0.411886,0.489984,0.768288
0.723245,0.690215,-0.0228249,-0.486967,0.533149,0.69182,0.489673,-0.48924,0.721709
0.748765,0.525585,0.40387,-0.511357,0.84572,-0.152552,-0.42174,-0.0922964,0.902007
0.889556,0.340143,0.304947,-0.400219,0.902125,0.161229,-0.22026,-0.265467,0.938623
0.72474,0.608661,-0.32293,-0.652924,0.756383,-0.0396983,0.220095,0.239619,0.94559
0.757307,0.653049,0.00357187,-0.629283,0.731188,-0.263375,-0.174609,0.197208,0.964687
0.984101,0.153464,0.0894123,-0.177486,0.830786,0.527536,0.00667523,-0.535018,0.844814
0.722098,-0.680361,0.125232,0.679394,0.731559,0.0569696,-0.130375,0.0439446,0.99049
0.838158,-0.402405,-0.368188,0.476431,0.868778,0.13505,0.265528,-0.288609,0.919891
0.79673,0.511713,-0.321514,-0.262415,0.772174,0.578693,0.544389,-0.376692,0.749496
0.894161,0.178614,0.410577,-0.178963,0.983124,-0.0379414,-0.410425,-0.0395521,0.911036
0.982064,-0.0617368,-0.178154,0.100552,0.970783,0.217875,0.159498,-0.231881,0.959579
0.821227,0.0691397,0.566397,-0.168661,0.977691,0.125197,-0.545105,-0.198344,0.814567
0.88706,0.413149,0.205989,-0.447252,0.879675,0.161669,-0.11441,-0.235539,0.965107
0.743953,0.635752,-0.2058,-0.572578,0.765255,0.294174,0.344511,-0.101015,0.933332
0.81306,-0.150985,0.562261,-0.152785,0.876596,0.45633,-0.561775,-0.456928,0.689656
0.883736,-0.458127,0.0955506,0.435086,0.879502,0.192811,-0.172369,-0.128821,0.976573
0.949493,0.27823,0.145091,-0.219881,0.91982,-0.324936,-0.223865,0.276621,0.93454
0.796326,0.560762,0.22674,-0.479253,0.813643,-0.329092,-0.369028,0.153398,0.916672
0.658097,-0.663554,0.355814,0.650116,0.739163,0.176033,-0.379811,0.115474,0.917829
0.940662,0.234434,-0.245348,-0.0876069,0.866263,0.491847,0.327841,-0.441167,0.835399
0.720315,-0.548522,-0.424582,0.687866,0.643729,0.335342,0.089373,-0.533607,0.840997
0.851818,-0.329233,-0.407445,0.415927,0.897927,0.143988,0.31845,-0.292119,0.901807
0.835685,0.524051,-0.164322,-0.366542,0.754998,0.543714,0.408996,-0.394143,0.823027
0.816365,-0.486668,0.310969,0.234522,0.771396,0.591564,-0.527775,-0.410004,0.743875
0.956906,0.0858305,0.277425,-0.218387,0.84238,0.492649,-0.191413,-0.532005,0.824822
0.722617,0.664157,0.191623,-0.678163,0.627471,0.382589,0.133862,-0.406417,0.903829
0.647007,0.576212,0.499361,-0.480123,0.816652,-0.320252,-0.592338,-0.0325491,0.805032
0.814047,0.0648328,-0.577169,0.25936,0.848584,0.461126,0.519673,-0.525073,0.673972
0.721777,0.639115,-0.265651,-0.588663,0.768733,0.250049,0.364025,-0.0241009,0.931077
0.709531,0.129283,-0.692714,-0.348768,0.918609,-0.185793,0.612313,0.373422,0.696871
0.722537,-0.621509,0.302766,0.649537,0.760257,0.0105408,-0.236731,0.189042,0.953007
0.950203,-0.10971,-0.291682,-0.0595945,0.854736,-0.51563,0.305881,0.507336,0.805635
0.895794,0.2751,0.349103,-0.152115,0.927759,-0.340769,-0.417629,0.252155,0.872928
0.780873,-0.546722,0.302212,0.609458,0.772929,-0.176472,-0.137107,0.321987,0.936763
0.945668,0.107579,0.306821,-0.13893,0.986887,0.0821753,-0.293958,-0.120337,0.948213
0.826488,0.434827,0.357552,-0.335849,0.890575,-0.306728,-0.4518,0.133423,0.882085
0.741875,-0.135272,-0.656752,0.549381,0.684179,0.479666,0.384451,-0.716659,0.581891
0.817182,-0.467724,-0.33682,0.552792,0.801457,0.228227,0.1632,-0.372695,0.91349
0.696026,-0.572291,0.433624,0.692055,0.695634,-0.192755,-0.191332,0.434254,0.880236
0.757229,-0.433488,-0.488561,0.0249057,0.766628,-0.641608,0.652674,0.473676,0.591309
0.885197,-0.00757312,-0.465156,0.0487065,0.995881,0.0764752,0.462661,-0.0903516,0.881919
0.903699,-0.370917,0.213891,0.268654,0.880183,0.391285,-0.333397,-0.296141,0.895068
0.675723,-0.533625,0.508569,0.667812,0.735265,-0.115816,-0.312131,0.417888,0.853196
0.743166,0.598314,0.29954,-0.451514,0.778812,-0.435415,-0.493801,0.18834,0.848934
0.777602,-0.541949,-0.318789,0.303007,0.767256,-0.565248,0.550928,0.342943,0.760834
0.960851,-0.277,-0.00608466,0.276875,0.95914,0.0582378,-0.0102958,-0.0576426,0.998284
0.757051,0.606477,0.243021,-0.502841,0.778335,-0.375959,-0.417163,0.162419,0.894201
0.923697,0.357995,-0.136469,-0.383112,0.860236,-0.336482,-0.00306299,0.36309,0.931749
0.995187,-0.0340927,-0.0918754,-0.0192234,0.851402,-0.524161,0.0960931,0.523404,0.846649
0.989148,0.00985044,-0.14659,0.00649799,0.99384,0.11063,0.146776,-0.110382,0.982992
0.862849,-0.236154,-0.446903,-0.0132754,0.873257,-0.487079,0.505287,0.426209,0.750354
0.811268,-0.226854,-0.53887,0.0295475,0.936389,-0.349718,0.583927,0.267793,0.766365
0.98697,0.158875,0.0254583,-0.160791,0.979729,0.119484,-0.00595922,-0.122021,0.99251
0.831845,-0.506161,0.227674,0.554091,0.780954,-0.28826,-0.0318969,0.365939,0.930092
0.872384,-0.272889,0.405558,0.0691753,0.890236,0.450215,-0.483901,-0.364706,0.795505
0.79963,0.599588,0.0329555,-0.417963,0.595135,-0.686383,-0.43116,0.535078,0.726493
0.834262,0.458911,-0.305626,-0.540258,0.791088,-0.286882,0.110124,0.404452,0.907905
0.692854,0.455332,-0.55913,-0.696336,0.623877,-0.354815,0.18727,0.635177,0.74932
0.754059,0.0491688,0.654963,0.125129,0.968176,-0.216742,-0.644777,0.245391,0.72391
0.869721,0.31185,0.382538,0.00271069,0.772054,-0.635552,-0.493537,0.553789,0.670626
0.687513,0.684491,-0.242481,-0.664011,0.727752,0.171656,0.293963,0.0429946,0.954849
0.69365,-0.694375,-0.191555,0.581002,0.696543,-0.421028,0.425777,0.180752,0.88659
0.878665,0.0795998,-0.470757,0.158317,0.881641,0.444573,0.450427,-0.465159,0.762065
0.956159,-0.25382,-0.146065,0.282435,0.931087,0.230883,0.0773962,-0.262014,0.961955
0.735406,0.33402,0.589583,-0.523001,0.833017,0.180422,-0.430869,-0.441036,0.787299
0.74535,-0.430106,-0.509375,0.630195,0.703828,0.327843,0.217505,-0.565363,0.795648
0.87696,-0.26369,-0.401757,0.0790383,0.90377,-0.420658,0.474019,0.337146,0.813412
0.848033,-0.446944,0.284747,0.526343,0.64783,-0.550708,0.0616682,0.616894,0.784627
0.862578,-0.0784578,-0.499804,0.358974,0.791053,0.495352,0.356507,-0.606696,0.710509
0.844047,-0.226617,0.486035,0.481898,0.718161,-0.502015,-0.235286,0.657943,0.715368
0.880926,0.405925,-0.243297,-0.426107,0.904013,-0.0345533,0.205917,0.134109,0.969336
0.906218,0.0137019,-0.422588,0.234936,0.814658,0.530223,0.35153,-0.579779,0.735039
0.818112,0.384622,0.427502,-0.238933,0.903552,-0.355676,-0.523071,0.188838,0.831106
0.684496,-0.250102,0.684773,0.502274,0.842589,-0.194329,-0.52838,0.476961,0.702369
0.846696,-0.144929,0.511958,0.319654,0.907749,-0.271685,-0.425354,0.393685,0.814915
0.991827,0.0061019,-0.127445,-0.077945,0.81978,-0.567349,0.101015,0.572646,0.813555
0.79222,0.419814,-0.442882,-0.0484409,0.766728,0.640142,0.608311,-0.485679,0.627753
0.702601,0.505025,0.501301,-0.59585,0.802659,0.0264949,-0.388993,-0.317315,0.864867
0.702041,-0.650344,0.290158,0.374599,0.683767,0.626209,-0.605652,-0.330931,0.723651
0.944744,0.266318,-0.191139,-0.162684,0.887112,0.431932,0.284593,-0.37697,0.88142
0.960867,-0.0896499,0.262102,0.217982,0.828565,-0.515717,-0.170935,0.552669,0.815683
0.797432,0.574105,0.18576,-0.477618,0.788675,-0.387135,-0.36876,0.219991,0.903117
0.646068,-0.621859,0.442593,0.689914,0.723824,0.00990747,-0.32652,0.29895,0.896668
0.654324,0.496752,0.570174,-0.221671,0.846857,-0.48342,-0.722996,0.189922,0.664234
0.728451,-0.444122,0.521647,0.102252,0.823371,0.558216,-0.677425,-0.353294,0.645197
0.727948,0.527703,-0.437747,-0.677132,0.653548,-0.338181,0.107629,0.542591,0.833073
0.617982,-0.41666,-0.666703,0.70365,0.67138,0.232647,0.350677,-0.612897,0.708084
0.818523,-0.460675,0.343217,0.294022,0.849208,0.438631,-0.493529,-0.258116,0.830545
0.840567,-0.00137397,0.541706,0.238588,0.89872,-0.367938,-0.486336,0.438521,0.755762
0.967545,0.243111,-0.0689505,-0.17122,0.831371,0.528684,0.185853,-0.49972,0.846014
0.66498,0.571352,-0.480997,-0.443173,0.82025,0.361645,0.601164,-0.0273216,0.798658
0.93917,-0.343289,0.0105638,0.34253,0.938459,0.0443708,-0.0251457,-0.0380534,0.998959
0.730402,0.494296,0.471366,-0.634843,0.745893,0.201538,-0.251969,-0.446447,0.858602
0.73527,-0.380274,0.561044,0.0144604,0.836387,0.547949,-0.67762,-0.394778,0.620469
0.869464,0.252362,0.424672,-0.133102,0.94755,-0.290572,-0.475728,0.196117,0.85745
0.949083,0.311973,0.0437616,-0.312842,0.949695,0.0144835,-0.0370417,-0.0274365,0.998937
0.807565,-0.39011,-0.442328,0.248848,0.905342,-0.344138,0.534709,0.167841,0.8282
0.940004,0.110437,-0.322793,0.121151,0.776433,0.618445,0.318926,-0.620448,0.716471
0.780437,-0.457705,-0.425938,0.604949,0.724908,0.329462,0.15797,-0.514795,0.842634
0.759976,0.198504,0.618897,-0.387178,0.903095,0.185778,-0.522045,-0.38081,0.763186
0.883391,0.132427,-0.449538,-0.25402,0.941411,-0.221853,0.393821,0.310175,0.865273
0.849262,-0.300859,0.433864,-0.062261,0.758954,0.648161,-0.524288,-0.577471,0.625819
0.855309,-0.417924,0.306244,0.51756,0.716587,-0.467583,-0.0240367,0.558428,0.829205
0.971447,0.102993,-0.213734,0.0256321,0.850032,0.526108,0.235866,-0.516564,0.823121
0.885033,-0.412983,-0.214853,0.431947,0.900611,0.0481746,0.173604,-0.135441,0.975457
0.687394,-0.572384,0.447064,0.710593,0.657293,-0.251044,-0.150158,0.490247,0.858551
0.539261,-0.61455,-0.575783,0.520638,0.780687,-0.345636,0.661916,-0.113386,0.740952
0.794534,-0.596213,0.115091,0.587959,0.708027,-0.391155,0.151724,0.378454,0.9131
0.746226,-0.59616,0.296208,0.66567,0.664609,-0.339379,0.0054617,0.45043,0.892795
0.849499,0.522327,-0.0743352,-0.466274,0.677356,-0.569014,-0.24686,0.518038,0.818961
0.633653,-0.699058,-0.331364,0.625014,0.715013,-0.313232,0.455897,-0.00862677,0.889991
0.770257,0.219282,0.598849,-0.320094,0.945109,0.0656409,-0.551583,-0.242248,0.798168
0.826725,0.198391,0.526466,-0.177189,0.979957,-0.0910374,-0.533975,-0.018021,0.845308
0.897518,-0.398772,0.188262,0.43943,0.844508,-0.306118,-0.0369172,0.357474,0.933193
0.948118,-0.0806574,0.307516,0.214948,0.875327,-0.433129,-0.234242,0.476757,0.84725
0.873034,-0.454002,0.178028,0.404765,0.878231,0.254707,-0.271988,-0.150308,0.95049
0.972276,0.183415,0.145043,-0.106743,0.900017,-0.422581,-0.208049,0.395383,0.894644
0.933937,0.321914,-0.155349,-0.336966,0.937918,-0.0822381,0.119231,0.129152,0.984431
0.717263,0.0643386,0.693826,0.207397,0.930888,-0.300724,-0.665222,0.359595,0.654347
0.787879,-0.370067,0.492237,0.203453,0.910842,0.359128,-0.581252,-0.182802,0.792924
0.778271,0.363798,0.511806,-0.586333,0.712749,0.38497,-0.224738,-0.5997,0.768019
0.830847,-0.399119,-0.387811,0.344375,0.916159,-0.205082,0.437149,0.0368392,0.898634
0.898504,0.438947,-0.00415532,-0.394308,0.802898,-0.447075,-0.192906,0.403337,0.894487
0.926347,0.343848,-0.153784,-0.366489,0.917052,-0.157166,0.0869864,0.20195,0.975525
0.898675,0.0370413,-0.437048,-0.0232675,0.999051,0.0368295,0.437997,-0.0229287,0.898684
0.710911,0.338959,0.616208,-0.588681,0.766192,0.257692,-0.384787,-0.545946,0.744233
0.893728,0.0912493,-0.439232,-0.305838,0.840229,-0.447748,0.328199,0.534499,0.778843
0.963587,0.0218805,0.2665,0.0796194,0.927963,-0.364069,-0.255268,0.372031,0.89243
0.957756,-0.284561,0.0415837,0.247793,0.743179,-0.621517,0.145956,0.605566,0.782296
0.79561,-0.222264,-0.563563,0.334326,0.936868,0.102493,0.505204,-0.269959,0.81969
0.711354,-0.31297,0.629305,0.575303,0.773628,-0.265566,-0.403734,0.550953,0.730376
0.997141,-0.0654238,0.0378133,0.0753642,0.897504,-0.434519,-0.00550966,0.436127,0.899868
0.645935,-0.508476,0.569403,0.664763,0.741358,-0.0920808,-0.375311,0.437997,0.816885
0.679122,-0.458571,-0.573154,0.252329,0.879098,-0.404372,0.689292,0.129995,0.712726
0.975145,0.103125,-0.196107,-0.14656,0.964006,-0.221837,0.166171,0.245065,0.95516
0.763778,0.249749,-0.595205,0.167978,0.813436,0.556871,0.623239,-0.525307,0.579332
0.965996,0.0268267,0.257162,0.161933,0.712608,-0.682618,-0.201568,0.701049,0.684033
0.740089,-0.672377,-0.0133209,0.637423,0.707653,-0.304828,0.214386,0.217108,0.952314
0.949248,0.0720975,0.306152,0.0278615,0.950272,-0.310172,-0.313291,0.30296,0.900036
0.989029,0.0834344,-0.121903,-0.106547,0.974504,-0.197457,0.102321,0.208279,0.972703
0.738229,-0.0410361,0.673301,0.127752,0.988589,-0.0798195,-0.662343,0.144941,0.735047
0.962607,0.0858302,-0.256944,0.0297437,0.909261,0.415163,0.269262,-0.407281,0.872708
0.687337,0.694676,-0.212114,-0.65404,0.718956,0.235232,0.31591,-0.0229527,0.948511
0.738561,0.0428551,0.672823,-0.100908,0.993763,0.0474696,-0.666593,-0.102952,0.738279
0.838075,0.206081,0.505134,-0.443651,0.796297,0.4112,-0.317496,-0.56872,0.758784
0.727087,-0.538871,-0.425396,0.563464,0.822385,-0.0786846,0.39224,-0.182485,0.90158
0.977279,0.211802,-0.00811691,-0.20809,0.951465,-0.226746,-0.0403022,0.223283,0.97392
0.740334,0.671232,-0.0367847,-0.563949,0.649926,0.509467,0.365878,-0.356431,0.859704
0.734681,0.555324,-0.38969,-0.658456,0.721993,-0.212516,0.163338,0.412725,0.896091
0.938703,-0.187436,-0.289317,0.118003,0.963275,-0.241198,0.323901,0.192273,0.926347
0.882707,0.438688,0.168464,-0.433138,0.620486,0.65375,0.182263,-0.650038,0.73772
0.592607,0.559341,-0.579617,-0.538883,0.810136,0.230835,0.598684,0.175552,0.781511
0.749714,0.607123,-0.263307,-0.514181,0.784899,0.345762,0.416589,-0.123835,0.900621
0.733136,0.3789,-0.564753,-0.132689,0.894153,0.427649,0.667012,-0.238588,0.705812
0.971107,-0.182427,0.153854,0.203869,0.969295,-0.137491,-0.124048,0.164885,0.978481
0.977448,-0.0279809,-0.209312,-0.0216592,0.972672,-0.231172,0.21006,0.230492,0.950131
0.878292,0.377332,0.293639,-0.476691,0.738589,0.476709,-0.0370004,-0.558665,0.828568
0.864723,-0.199844,-0.460777,0.245227,0.968636,0.0400995,0.438312,-0.14767,0.886609
0.817612,0.312424,0.483635,-0.127156,0.917217,-0.37755,-0.561554,0.247193,0.789654
0.887215,-0.455144,-0.0754559,0.448903,0.813898,0.368858,-0.10647,-0.361129,0.926418
0.716235,0.516935,-0.468813,-0.0501463,0.708175,0.704254,0.696055,-0.480902,0.533142
0.820586,-0.556517,-0.130108,0.548852,0.703859,0.450937,-0.159376,-0.441442,0.883022
0.768151,-0.552261,0.323963,0.608057,0.7877,-0.0989733,-0.200526,0.273014,0.940878
0.694394,0.511423,-0.506225,-0.260663,0.834477,0.485493,0.670725,-0.205169,0.712765
0.722667,0.369782,-0.583964,-0.379933,0.918292,0.111313,0.577411,0.141425,0.804112
0.553092,-0.558044,0.618608,0.564064,0.797278,0.214896,-0.613124,0.230077,0.75574
0.809741,0.177865,-0.559181,-0.121928,0.983155,0.136161,0.57398,-0.0420748,0.817788
0.98588,-0.152706,-0.0687173,0.155867,0.986831,0.0432458,0.0612084,-0.0533459,0.996698
0.975666,-0.219131,-0.0075356,0.206848,0.908488,0.363129,-0.072727,-0.355852,0.931708
0.814241,0.297522,0.49849,-0.0244839,0.875521,-0.482559,-0.580011,0.380714,0.720169
0.848092,-0.225092,0.47966,0.0668805,0.943513,0.324514,-0.525612,-0.243138,0.81524
0.875909,0.278406,0.394048,-0.212607,0.95587,-0.202756,-0.433107,0.0938184,0.896447
0.694272,-0.264522,-0.669339,0.38391,0.922761,0.033537,0.608769,-0.28025,0.7422
0.795837,-0.599806,0.0829232,0.566846,0.689847,-0.450329,0.212906,0.405393,0.889004
0.912828,-0.102763,0.395202,-0.135343,0.836971,0.530247,-0.385262,-0.537512,0.750103
0.663269,-0.449372,0.598448,0.274381,0.88999,0.364189,-0.696269,-0.0773528,0.713601
0.885415,-0.445718,-0.131821,0.436631,0.894833,-0.0928809,0.159357,0.0246807,0.986912
0.947156,-0.14565,0.285799,0.236003,0.919842,-0.313357,-0.21725,0.364248,0.905608
0.695114,0.43017,0.575995,-0.480152,0.874112,-0.0733623,-0.535042,-0.22557,0.814155
0.859465,-0.277517,0.429306,0.363106,0.922555,-0.130565,-0.359825,0.2681,0.893671
0.863005,0.325811,0.386096,-0.30943,0.945016,-0.10582,-0.399344,-0.0281465,0.916369
0.977576,-0.209517,0.0211657,0.21005,0.963009,-0.168797,0.0149832,0.169458,0.985424
0.933133,0.19339,-0.303088,-0.329541,0.797128,-0.505955,0.143754,0.572003,0.807557
0.631697,-0.606138,-0.483276,0.441901,0.793758,-0.417937,0.636932,0.0504495,0.769267
0.918307,-0.0479985,0.392948,-0.232943,0.737061,0.634412,-0.320077,-0.67412,0.665667
0.870174,-0.480354,-0.109807,0.453762,0.868053,-0.201452,0.192087,0.125472,0.973324
0.854813,0.0660183,-0.51472,-0.364603,0.782213,-0.505181,0.369269,0.619504,0.692716
0.761973,0.0280667,-0.647,0.0745637,0.988614,0.1307,0.643301,-0.147832,0.751205
0.836717,0.546685,0.0322581,-0.544011,0.836501,-0.0657154,-0.0629096,0.0374364,0.997317
0.947902,0.228633,-0.22183,-0.189683,0.964531,0.183575,0.255933,-0.131934,0.957649
0.802819,-0.592497,-0.0665523,0.555564,0.702882,0.444191,-0.216403,-0.393579,0.893457
0.905526,0.409872,-0.109668,-0.423929,0.863343,-0.273719,-0.0175086,0.294352,0.955537
0.72427,0.689164,0.0220535,-0.683765,0.713739,0.151799,0.0888738,-0.125023,0.988165
0.763248,0.520097,0.383343,-0.646088,0.609998,0.458773,0.00476826,-0.597831,0.801608
0.893669,-0.0719675,0.442919,0.24524,0.904935,-0.347778,-0.375784,0.41942,0.826362
0.732381,-0.0749804,0.676754,-0.298796,0.857714,0.418386,-0.611832,-0.50863,0.60577
0.805697,0.404917,0.432313,-0.408055,0.90847,-0.0904105,-0.429352,-0.103564,0.89718
0.751279,0.0852405,-0.654457,-0.287067,0.935113,-0.207741,0.594283,0.343944,0.727001
0.870646,-0.490982,0.0302114,0.421183,0.775783,0.469857,-0.254129,-0.396354,0.882226
0.75104,-0.537205,-0.383861,0.174571,0.722258,-0.669229,0.63676,0.435607,0.636225
0.806016,0.591751,0.0130126,-0.536894,0.740198,-0.404787,-0.249165,0.319278,0.914319
0.992082,0.103447,-0.0712242,-0.0980067,0.992275,0.0760541,0.0785416,-0.0684714,0.994557
0.872834,-0.484845,-0.0555598,0.388033,0.620453,0.681519,-0.295958,-0.616412,0.729688
0.812911,0.580394,-0.0481521,-0.527779,0.76912,0.360422,0.246222,-0.267578,0.931545
0.921179,0.389051,-0.00831882,-0.302078,0.701445,-0.645542,-0.245314,0.597172,0.76368
0.917736,-0.158377,0.36425,0.196635,0.97796,-0.0702073,-0.345103,0.136056,0.928651
0.97506,-0.100076,0.198096,0.0288424,0.942135,0.33399,-0.220058,-0.319947,0.921525
0.881381,0.0988349,-0.461951,0.243997,0.742095,0.624308,0.404515,-0.662968,0.629953
0.784968,-0.0168842,0.619306,0.439699,0.719401,-0.537705,-0.43645,0.69439,0.572131
0.915744,-0.126628,0.381286,0.0403708,0.973231,0.226257,-0.39973,-0.191801,0.896342
0.719673,0.379581,-0.581368,-0.4518,0.891823,0.0229988,0.527207,0.24611,0.813316
0.825713,0.221933,-0.518598,-0.266057,0.963893,-0.0111204,0.497405,0.147159,0.854946
0.924935,0.313117,-0.215531,-0.110051,0.763292,0.636611,0.363847,-0.565104,0.740454
0.732777,0.345618,-0.586161,-0.294379,0.937642,0.18485,0.613497,0.0370997,0.788825
0.896897,-0.371076,0.240578,0.145669,0.761532,0.631545,-0.417559,-0.531386,0.73707
0.875165,-0.0580545,0.480329,-0.00927762,0.990579,0.136629,-0.483735,-0.12403,0.866381
0.923548,0.365154,-0.11714,-0.376321,0.804221,-0.460012,-0.0737692,0.468925,0.880152
0.765632,0.358457,-0.53415,-0.402743,0.914586,0.0364831,0.501604,0.187193,0.844602
0.626872,0.616949,0.47582,-0.553572,0.782441,-0.285208,-0.54826,-0.0846119,0.832017
0.718582,-0.083822,-0.690373,-0.149077,0.951067,-0.270642,0.679277,0.297397,0.670924
0.977673,0.114429,0.176241,-0.134718,0.985004,0.107787,-0.161264,-0.129123,0.978428
0.830703,-0.534513,-0.155657,0.548469,0.737809,0.39347,-0.0954691,-0.41223,0.906064
0.938825,-0.329648,-0.0996926,0.281158,0.900802,-0.330916,0.198889,0.282643,0.93838
0.984044,0.169366,-0.054525,-0.102082,0.788407,0.606625,0.145729,-0.59138,0.793116
0.941247,-0.304456,0.146151,0.322341,0.680807,-0.657722,0.100747,0.666189,0.738946
0.835657,-0.251284,-0.4884,0.502449,0.70892,0.494952,0.221863,-0.659005,0.718672
0.951706,0.228372,-0.205188,-0.285591,0.903805,-0.318707,0.112666,0.361915,0.925378
0.940383,-0.339841,0.0137185,0.318904,0.895034,0.311793,-0.118239,-0.28883,0.950051
0.963767,0.256189,-0.0743055,-0.258013,0.96601,-0.0159353,0.0676974,0.0345297,0.997108
0.964418,0.0631509,0.256728,-0.201184,0.805314,0.557669,-0.171529,-0.589476,0.789364
0.811846,-0.509177,-0.285738,0.577314,0.626891,0.523179,-0.0872642,-0.589701,0.802893
0.836157,-0.18408,0.516677,-0.166803,0.812041,0.559254,-0.522511,-0.553808,0.648289
0.816818,0.43053,0.383995,-0.566703,0.723379,0.394424,-0.107962,-0.539784,0.834852
0.729926,0.209677,-0.650572,-0.331442,0.940979,-0.0685955,0.597791,0.265696,0.75634
0.905689,0.214079,-0.365921,-0.313618,0.919104,-0.23852,0.285257,0.330785,0.899561
0.791906,-0.0876129,-0.604325,-0.132431,0.941459,-0.310026,0.59611,0.325543,0.733945
0.855431,0.428226,0.291308,-0.517679,0.689927,0.505974,0.0156902,-0.583629,0.811869
0.761488,-0.561945,-0.323039,0.64154,0.582265,0.499394,-0.0925373,-0.587525,0.803898
0.93356,-0.307101,0.184812,0.334324,0.931982,-0.140135,-0.129206,0.192611,0.972732
0.921495,-0.38833,0.00688686,0.346635,0.814298,-0.465578,0.17519,0.431415,0.88498
0.94871,0.0246992,0.315182,-0.195861,0.828497,0.524624,-0.24817,-0.559448,0.790841
0.732136,0.229939,0.641174,-0.210634,0.97159,-0.107918,-0.647773,-0.0560423,0.759769
0.842879,0.439191,-0.310912,-0.319866,0.873566,0.366835,0.432713,-0.209747,0.876793
0.933326,-0.18422,-0.308165,0.0265825,0.891427,-0.452384,0.358045,0.41403,0.836889
0.932826,-0.0692598,0.353609,0.108794,0.98969,-0.0931544,-0.343511,0.125367,0.930743
0.861615,-0.429847,-0.269908,0.481925,0.859702,0.169294,0.15927,-0.275942,0.947887
0.907871,-0.310397,-0.281823,0.249897,0.940386,-0.230707,0.336633,0.139026,0.931316
0.715598,-0.613844,-0.33334,0.657726,0.75282,0.0256633,0.235191,-0.237611,0.942457
0.900657,0.0184958,-0.434137,-0.153028,0.94859,-0.277057,0.406693,0.315968,0.857184
0.900508,0.0905328,0.425311,0.125856,0.88196,-0.454211,-0.416228,0.462548,0.782817
0.858861,-0.0211013,0.511774,0.18224,0.946361,-0.266815,-0.478693,0.322422,0.816638
0.871024,-0.200321,0.44854,0.309949,0.932494,-0.185435,-0.381115,0.300543,0.874314
0.626428,0.43552,0.64646,-0.374202,0.895557,-0.24073,-0.683784,-0.0911065,0.723974
0.947241,0.160655,0.277352,-0.0333764,0.91005,-0.413152,-0.318779,0.382098,0.867399
0.996784,0.0698018,-0.0393619,-0.0800677,0.887678,-0.45345,0.00328913,0.455143,0.890412
0.944104,0.324305,-0.0591118,-0.31589,0.941301,0.119018,0.0942401,-0.0936927,0.991131
0.969285,0.103393,-0.223152,0.0139066,0.882847,0.469455,0.245548,-0.458139,0.854292
0.801713,0.0544655,0.595223,-0.0557791,0.998311,-0.0162203,-0.595101,-0.020197,0.803397
0.839503,-0.194406,-0.507387,0.301129,0.943743,0.13664,0.452279,-0.267499,0.850816
0.883141,-0.105139,-0.457175,0.340789,0.813517,0.471225,0.322375,-0.571958,0.75428
0.84828,0.261857,0.460274,-0.106627,0.935842,-0.335901,-0.518702,0.23586,0.821777
0.771495,-0.195759,0.60537,-0.27019,0.760622,0.590298,-0.576014,-0.618977,0.533924
0.749673,-0.221379,-0.623685,0.589245,0.652313,0.476736,0.301299,-0.724899,0.619468
0.839217,-0.263935,-0.475451,0.464997,0.801607,0.375772,0.281946,-0.536437,0.795451
0.847397,0.3737,-0.377183,-0.0277834,0.740615,0.671355,0.530233,-0.558425,0.637977
0.91626,0.274851,-0.291417,-0.271826,0.960958,0.0516688,0.294241,0.0318725,0.9552
0.836087,-0.447146,-0.317835,0.545894,0.620666,0.562827,-0.0543961,-0.644076,0.763025
0.961287,0.271645,0.0462244,-0.254401,0.939382,-0.229874,-0.105866,0.209215,0.972122
0.649536,0.334715,-0.682693,-0.636444,0.730592,-0.247334,0.415984,0.595148,0.687573
0.878481,0.252964,-0.405315,-0.433584,0.778438,-0.453915,0.200688,0.574494,0.793525
0.744673,-0.0964679,-0.660421,0.321667,0.918872,0.228484,0.584801,-0.382581,0.71529
0.874053,0.478595,-0.0835347,-0.48208,0.833068,-0.271288,-0.0602469,0.27739,0.958866
0.859778,0.40501,-0.311046,-0.0871602,0.716542,0.692077,0.503175,-0.567922,0.651367
0.76537,-0.426141,-0.482299,0.0914446,0.813791,-0.573919,0.637061,0.395157,0.661819
0.777008,0.303095,-0.551718,-0.00185925,0.877552,0.479479,0.629488,-0.371533,0.682428
0.950995,-0.189385,-0.244422,0.0469574,0.86977,-0.491219,0.30562,0.455669,0.836039
0.720096,0.573436,0.390683,-0.69385,0.590362,0.412364,0.00582,-0.568017,0.822996
0.782987,-0.24675,0.571004,0.18311,0.968714,0.167524,-0.594476,-0.0266129,0.803673
0.733448,0.184687,-0.654175,-0.52288,0.768226,-0.369357,0.434339,0.612959,0.660023
0.876866,0.424984,0.224709,-0.42119,0.904491,-0.0670462,-0.231741,-0.0358548,0.972117
0.72448,-0.657797,0.205991,0.62796,0.753086,0.196287,-0.284246,-0.012852,0.958665
0.796049,-0.546374,-0.260348,0.58556,0.804058,0.103007,0.153055,-0.234448,0.960004
0.638762,0.449383,-0.62453,-0.595512,0.80273,-0.0314755,0.487184,0.39202,0.780366
0.843565,0.280684,-0.457837,-0.129769,0.933815,0.33339,0.521112,-0.221823,0.824158
0.924173,0.209777,0.319214,-0.105513,0.943381,-0.314483,-0.367111,0.256956,0.893982
0.732918,0.0986636,0.673124,-0.0310693,0.99325,-0.111757,-0.679607,0.0609952,0.731036
0.918391,-0.209107,-0.335905,-0.00343155,0.844703,-0.535225,0.395659,0.492699,0.77505
0.825231,-0.418436,0.379349,0.0881514,0.758847,0.645275,-0.557874,-0.499061,0.66311
0.574013,-0.503248,0.645949,0.637222,0.769948,0.0335955,-0.514254,0.392329,0.762641
0.759507,0.178038,-0.625661,-0.552452,0.684335,-0.475901,0.343433,0.707098,0.618115
0.872384,0.397406,0.28463,-0.198681,0.820283,-0.536341,-0.446622,0.411345,0.794559
0.784332,-0.0169075,0.620111,0.0288479,0.999541,-0.00923474,-0.619671,0.025132,0.78446
0.874022,0.0310592,-0.484893,-0.284487,0.841726,-0.458873,0.393895,0.539011,0.744523
0.882117,0.422212,-0.208822,-0.469191,0.748475,-0.468662,-0.0415767,0.511392,0.858341
0.703257,-0.0943958,0.704641,0.359861,0.902057,-0.238312,-0.613131,0.421167,0.668348
0.986187,-0.139775,-0.0888747,0.0404537,0.723561,-0.689074,0.160622,0.67596,0.719221
0.844456,-0.515096,0.146872,0.513116,0.699303,-0.497682,0.153646,0.495632,0.854834
0.73874,0.653365,-0.165462,-0.671868,0.733346,-0.103906,0.0534527,0.187928,0.980727
0.791073,-0.15759,0.591074,0.222466,0.974199,-0.038003,-0.569835,0.161557,0.805722
0.815143,0.300813,-0.495029,-0.540099,0.703575,-0.461817,0.20937,0.643812,0.735983
0.89433,0.0488484,-0.444734,-0.254559,0.873003,-0.416012,0.367932,0.485263,0.793187
0.940146,0.239064,0.242845,-0.100245,0.87512,-0.47341,-0.325694,0.42073,0.846705
0.860836,-0.394357,-0.321627,0.407211,0.912861,-0.0293867,0.30519,-0.105673,0.94641
0.603501,-0.689017,-0.401299,0.548933,0.724048,-0.417644,0.578324,0.0317623,0.815188
0.996188,0.0666546,0.056278,-0.0498376,0.964334,-0.259955,-0.071598,0.256159,0.963979
0.798223,0.551384,-0.242521,-0.592954,0.648373,-0.477513,-0.106049,0.524965,0.844491
0.799571,0.591355,0.104815,-0.38386,0.637432,-0.66808,-0.461885,0.493943,0.73667
0.795889,-0.229851,-0.560115,0.169646,0.972738,-0.158119,0.581189,0.0308236,0.813185
0.87994,-0.473648,0.0369232,0.324547,0.656057,0.681365,-0.346951,-0.587577,0.731012
0.746753,-0.612852,-0.258405,0.600523,0.78828,-0.134116,0.285889,-0.0550263,0.956682
0.861257,-0.0258737,0.50751,-0.190296,0.909613,0.369312,-0.471193,-0.41465,0.778488
0.697257,-0.617921,-0.363327,0.536571,0.786007,-0.307059,0.475316,0.0191479,0.879607
0.70321,0.0964713,0.704407,-0.526792,0.736062,0.425091,-0.477478,-0.670004,0.568427
0.797702,-0.0817619,-0.597483,0.341934,0.87743,0.336447,0.496741,-0.472685,0.727885
0.675254,-0.453574,-0.581638,0.622453,0.773487,0.119456,0.395707,-0.442706,0.804629
0.825648,-0.21955,0.519714,0.265156,0.964104,-0.0139613,-0.497994,0.149332,0.854226
0.711779,0.690908,0.126561,-0.670497,0.722015,-0.170667,-0.209294,0.0366182,0.977167
0.763986,0.332364,0.553045,-0.474807,0.86997,0.13308,-0.436902,-0.364261,0.822454
0.768948,0.0667741,-0.635815,-0.116506,0.992513,-0.0366658,0.628606,0.10227,0.77097
0.663075,0.548647,0.509232,-0.690185,0.711461,0.132167,-0.289786,-0.439101,0.85042
0.897025,-0.427501,-0.112199,0.441906,0.862863,0.24533,-0.0080665,-0.269649,0.962925
0.824222,0.39124,-0.409376,-0.52119,0.806792,-0.278295,0.221401,0.44274,0.868886
0.62601,0.674905,-0.390659,-0.395792,0.706627,0.586538,0.671908,-0.212558,0.709478
0.776074,-0.00259752,-0.630637,0.37309,0.808113,0.455804,0.508442,-0.589022,0.628125
0.936719,-0.0688151,0.343252,0.278959,0.739125,-0.613087,-0.211517,0.670044,0.711549
0.969505,-0.214774,0.118032,0.157697,0.915399,0.370373,-0.187593,-0.340466,0.921353
0.744335,-0.629277,-0.223554,0.666582,0.720364,0.191686,0.0404168,-0.291696,0.955657
0.786053,0.368919,0.496004,-0.490438,0.860622,0.137117,-0.376287,-0.35104,0.857426
0.789156,-0.397548,-0.468175,0.54409,0.806145,0.232585,0.284953,-0.438276,0.852476
0.816941,-0.19419,0.543045,0.154211,0.980874,0.118765,-0.555722,-0.0132802,0.831262
0.731861,-0.680151,0.0421198,0.638088,0.705673,0.308008,-0.239215,-0.198543,0.950451
0.987659,-0.156454,0.00724967,0.14547,0.933506,0.327728,-0.0580419,-0.322629,0.944744
0.993978,0.0881955,0.0650365,-0.100194,0.971804,0.213443,-0.044378,-0.218674,0.974788
0.804728,-0.590519,-0.0608306,0.566579,0.733408,0.375634,-0.177206,-0.336748,0.92477
0.755771,0.653135,0.0471661,-0.597396,0.658186,0.458158,0.268195,-0.374439,0.887618
0.904885,0.227805,0.359566,-0.132534,0.953531,-0.270579,-0.404497,0.197188,0.893028
0.767033,0.590172,0.25171,-0.581068,0.805325,-0.117524,-0.272067,-0.0561158,0.960641
0.965696,-0.0959077,-0.241316,0.233467,0.727517,0.645145,0.113687,-0.679353,0.724952
0.881983,0.224769,0.414228,-0.14174,0.964758,-0.221702,-0.449461,0.136825,0.882759
0.792055,-0.468238,-0.391665,0.565809,0.803951,0.183095,0.229148,-0.366629,0.901707
0.724158,-0.215794,0.655003,-0.144157,0.881434,0.44977,-0.674399,-0.420128,0.607189
0.624847,0.667137,0.405579,-0.401622,0.720128,-0.565788,-0.669527,0.190641,0.717906
0.776489,0.305032,0.551381,0.00716604,0.870694,-0.491773,-0.63009,0.385807,0.673898
0.869621,0.291468,-0.398505,-0.482026,0.675852,-0.557561,0.106819,0.676956,0.72823
0.955789,-0.0105289,-0.293866,0.15608,0.865128,0.476647,0.249213,-0.501441,0.828523
0.86396,-0.0285785,-0.502749,-0.234718,0.860443,-0.452267,0.445512,0.508745,0.73668
0.758409,-0.650537,0.0402145,0.452906,0.570366,0.685244,-0.468714,-0.501481,0.727203
0.895599,0.276382,-0.34859,-0.0795413,0.870452,0.485785,0.437693,-0.407341,0.80156
0.760859,0.628024,0.163337,-0.586889,0.773368,-0.239716,-0.276867,0.0865294,0.957004
0.951845,-0.113406,-0.284835,-0.0842731,0.796497,-0.598741,0.29477,0.593912,0.748584
0.843249,0.505875,0.181717,-0.53416,0.750885,0.388387,0.0600266,-0.424573,0.903402
0.79102,0.298372,-0.534099,-0.468473,0.856885,-0.21513,0.393473,0.420383,0.817592
0.686331,0.704594,-0.18027,-0.576394,0.678118,0.455988,0.443531,-0.209052,0.871537
0.721674,0.68495,-0.100147,-0.569233,0.669523,0.477191,0.393903,-0.28737,0.873074
0.905385,-0.199539,-0.374784,-0.0669257,0.80459,-0.590048,0.419284,0.559303,0.715109
0.803951,-0.397955,0.441921,0.126643,0.840626,0.526602,-0.581054,-0.367396,0.72622
0.996549,-0.0548279,-0.0623218,0.0636641,0.986631,0.150018,0.0532635,-0.153468,0.986717
0.836483,-0.285558,0.46771,0.321145,0.947022,0.00384216,-0.444029,0.146989,0.883873
0.707599,-0.701492,-0.0849234,0.703524,0.710626,-0.00807665,0.0660145,-0.0540306,0.996355
0.857486,0.468679,-0.21227,-0.500783,0.854926,-0.135339,0.118045,0.222353,0.967794
0.84213,-0.46502,0.273081,0.538709,0.748605,-0.386502,-0.0246982,0.472596,0.880933
0.723867,0.337405,0.601809,-0.248527,0.941223,-0.228765,-0.643623,0.0160293,0.765175
0.758394,0.461068,0.46071,-0.613966,0.742638,0.267459,-0.218824,-0.4857,0.846293
0.96254,0.270553,-0.0177973,-0.226509,0.83845,0.495676,0.149029,-0.473077,0.868325
0.863575,-0.286701,-0.414779,0.450519,0.808147,0.379383,0.226433,-0.514491,0.82706
0.800399,-0.012401,-0.59934,0.387945,0.772915,0.502096,0.457013,-0.634388,0.623451
0.976664,0.13916,-0.163588,-0.0745086,0.933922,0.349625,0.201433,-0.329278,0.922497
0.908544,0.0962052,-0.406562,0.0577811,0.93484,0.350336,0.413775,-0.341787,0.843784
0.908944,0.385355,-0.159132,-0.403138,0.909683,-0.0997863,0.106307,0.154852,0.982201
0.844699,-0.258117,0.468891,-0.132518,0.747908,0.65044,-0.518577,-0.611563,0.597552
0.751166,-0.628396,0.202157,0.422006,0.692634,0.584952,-0.507602,-0.354085,0.785471
0.779206,0.395102,-0.486552,-0.589301,0.726209,-0.354042,0.213455,0.562597,0.7987
0.915734,-0.104776,0.387883,0.238193,0.919028,-0.314088,-0.323566,0.380012,0.866542
0.846561,0.459232,0.269147,-0.510932,0.842859,0.16893,-0.149275,-0.280525,0.948168
0.89052,-0.0889285,-0.446169,0.254768,0.909991,0.327123,0.376919,-0.404979,0.833021
0.571786,-0.648385,0.502651,0.631111,0.739091,0.235462,-0.524175,0.182595,0.831805
0.853984,0.251603,0.45542,-0.190978,0.965787,-0.175449,-0.483983,0.062855,0.872817
0.727188,-0.259691,0.635419,0.0431869,0.941151,0.335217,-0.685078,-0.216324,0.695609
0.941661,0.11331,0.316916,0.137968,0.72891,-0.670563,-0.306985,0.675167,0.670753
0.824416,0.356989,0.439201,-0.476483,0.856557,0.198176,-0.305454,-0.372651,0.876259
0.742424,-0.628237,-0.232649,0.661402,0.632118,0.403702,-0.106559,-0.453592,0.884816
0.725268,-0.681894,0.0949045,0.603678,0.563601,-0.56385,0.330998,0.466234,0.820406
0.837765,-0.424778,0.343095,0.545362,0.619813,-0.564281,0.0270391,0.659845,0.750915
0.64199,-0.653459,0.401049,0.557097,0.75695,0.341568,-0.526775,0.00414039,0.849995
0.953809,0.299414,-0.0245082,-0.257367,0.772329,-0.58075,-0.154956,0.560232,0.813713
0.628351,0.712021,-0.313371,-0.498503,0.677788,0.540461,0.597218,-0.183383,0.780833
0.671193,0.516624,0.5316,-0.451908,0.853635,-0.259012,-0.587604,-0.0663873,0.806421
0.992991,0.0414282,-0.110694,-0.0769936,0.937311,-0.339882,0.0896739,0.346022,0.933931
0.772383,0.440794,-0.457302,-0.0932441,0.790874,0.604834,0.628276,-0.424523,0.651959
0.799228,-0.134005,-0.585898,-0.125065,0.916409,-0.380201,0.587871,0.377143,0.715661
0.770706,-0.602465,-0.20748,0.472842,0.759019,-0.447561,0.427122,0.246833,0.869851
0.892455,0.416908,-0.172368,-0.405157,0.908737,0.100224,0.198422,-0.0196096,0.979921
0.922032,-0.353246,0.158347,0.285963,0.897231,0.336454,-0.260925,-0.264941,0.928291
0.944843,0.142887,-0.29471,-0.305058,0.711436,-0.633087,0.119208,0.688071,0.715784
0.949396,0.12075,-0.289944,-0.0269713,0.951078,0.307771,0.312922,-0.284376,0.906206
0.822748,0.304779,0.479787,-0.463753,0.848,0.256571,-0.328662,-0.433596,0.839033
0.927908,0.326399,-0.180141,-0.361814,0.90492,-0.224076,0.0898748,0.273099,0.957778
0.930905,0.365066,-0.0119515,-0.271204,0.712737,0.64688,0.244672,-0.598942,0.762498
0.899555,0.0187863,-0.436404,-0.181647,0.92468,-0.334621,0.397248,0.380282,0.835213
0.859234,-0.205285,0.468589,-0.053219,0.87512,0.48097,-0.508808,-0.438203,0.741008
0.890158,0.331697,-0.312402,-0.412323,0.878186,-0.242446,0.193928,0.344626,0.918491
0.677476,0.548928,-0.489596,-0.576083,0.809843,0.110832,0.457334,0.206961,0.864877
0.847103,-0.417001,0.329434,0.520767,0.774919,-0.358193,-0.105918,0.474985,0.873596
0.871689,-0.402195,0.279997,0.485915,0.63519,-0.600351,0.0636067,0.659374,0.74912
0.873846,-0.243807,0.420656,0.426468,0.799849,-0.422335,-0.233493,0.548452,0.80292
0.952665,-0.123205,-0.277938,0.0723664,0.979825,-0.186296,0.295284,0.157364,0.942361
0.699067,-0.550006,-0.456945,0.491457,0.833744,-0.251678,0.519399,-0.0486293,0.853147
0.938987,-0.26319,0.221438,0.203839,0.944376,0.258077,-0.277044,-0.197193,0.940405
0.904617,-0.110925,0.411537,0.367614,0.691691,-0.62163,-0.215702,0.713624,0.666493
0.807185,-0.286931,0.515871,-0.0830817,0.809994,0.580523,-0.584423,-0.511449,0.629977
0.755854,0.177613,-0.630189,-0.403091,0.884705,-0.234125,0.515948,0.430988,0.740302
0.972751,-0.199118,0.118778,0.200193,0.979752,0.00292866,-0.116957,0.0209298,0.992916
0.724773,-0.68795,0.0377989,0.673829,0.696314,-0.247187,0.143732,0.204624,0.96823
0.728695,0.433557,-0.530124,-0.640032,0.706535,-0.301939,0.243643,0.559318,0.79234
0.707704,0.6209,0.337102,-0.330545,0.71268,-0.61873,-0.624415,0.326451,0.709602
0.733791,-0.50623,-0.45308,0.584861,0.810038,0.0421566,0.345671,-0.295923,0.890473
0.959166,0.275005,-0.0661254,-0.278425,0.876855,-0.391925,-0.049799,0.394332,0.917618
0.947285,0.296005,0.122603,-0.316623,0.923405,0.216964,-0.0489903,-0.244346,0.96845
0.704352,-0.117916,0.699988,0.225045,0.972332,-0.0626551,-0.673233,0.20166,0.7114
0.758661,-0.304054,-0.576181,0.583392,0.71072,0.393104,0.289978,-0.634372,0.716578
0.595374,-0.700666,-0.393188,0.496347,0.705577,-0.505768,0.631799,0.105963,0.767855
0.967863,0.0877641,0.235667,0.0641732,0.819904,-0.568892,-0.243153,0.565733,0.787923
0.95615,-0.0923672,0.277932,-0.0796224,0.831246,0.550173,-0.281848,-0.548177,0.787441
0.960103,-0.279265,-0.0145994,0.246452,0.820313,0.516089,-0.13215,-0.499096,0.856411
0.880284,-0.433018,0.193893,0.310047,0.834366,0.455746,-0.359124,-0.34107,0.868735
0.957464,-0.122192,0.261402,0.0348896,0.94829,0.315483,-0.286435,-0.292944,0.912217
0.711896,-0.372006,0.595664,0.2158,0.923019,0.318539,-0.668307,-0.0982225,0.737372
0.911743,-0.399828,0.0941408,0.352256,0.878957,0.321482,-0.211283,-0.259947,0.942224
0.922411,0.367745,-0.117992,-0.373485,0.927147,-0.0301105,0.0983226,0.0718423,0.992558
0.757422,-0.608412,-0.236952,0.395097,0.716008,-0.575527,0.519817,0.342297,0.782702
0.717484,0.348103,0.603358,-0.20619,0.933495,-0.293382,-0.665359,0.0860901,0.741543
0.827636,0.533299,-0.174959,-0.544898,0.688737,-0.478254,-0.134552,0.491156,0.860617
0.725806,0.393191,0.564452,-0.503982,0.862418,0.0472985,-0.468196,-0.318803,0.82411
0.734957,-0.401846,-0.546222,0.402792,0.906705,-0.125079,0.545525,-0.128086,0.828249
0.759633,-0.625547,0.1779,0.623785,0.778198,0.0728061,-0.183985,0.0556655,0.981351
0.822347,-0.557114,-0.115624,0.388723,0.698486,-0.600842,0.415499,0.449155,0.790962
0.990479,-0.131049,0.0421505,0.122667,0.979169,0.161803,-0.0624766,-0.155092,0.985922
0.927181,0.315778,0.20154,-0.3609,0.897185,0.254578,-0.100429,-0.308775,0.945818
0.900905,-0.380473,0.208832,0.420068,0.885385,-0.19909,-0.109149,0.267085,0.957472
0.702311,-0.706465,0.0875597,0.473159,0.555158,0.684047,-0.531865,-0.438984,0.724164
0.812004,-0.0248436,-0.583123,0.26196,0.908321,0.326083,0.521562,-0.417535,0.744068
0.957505,-0.284806,-0.0454989,0.248431,0.734289,0.631744,-0.146515,-0.616202,0.77384
0.974077,-0.139518,-0.178071,0.210238,0.848914,0.484917,0.0835124,-0.509784,0.85624
0.867772,0.442507,-0.226185,-0.48657,0.849116,-0.20555,0.1011,0.288426,0.95215
0.759987,0.5685,-0.315003,-0.27701,0.721769,0.634283,0.58795,-0.394788,0.706015
0.779862,-0.622669,0.0640244,0.558814,0.73865,0.376992,-0.282033,-0.258224,0.924001
0.894846,0.42273,0.14335,-0.3931,0.898452,-0.195594,-0.211476,0.118676,0.970151
0.957936,0.189519,0.215501,-0.0819521,0.900306,-0.427473,-0.275031,0.391831,0.877967
0.669557,-0.221756,0.708885,0.596243,0.729601,-0.334928,-0.442931,0.646921,0.62073
0.902645,0.420542,0.0915267,-0.236166,0.661764,-0.711544,-0.359803,0.620655,0.696655
0.694113,-0.708855,-0.125428,0.526212,0.618524,-0.583548,0.491231,0.339047,0.802334
0.848073,0.292712,-0.441692,-0.474832,0.789776,-0.388315,0.235173,0.539049,0.808777
0.664383,0.722286,-0.192086,-0.462452,0.599183,0.653542,0.587139,-0.345372,0.73211
0.918351,0.286938,0.272577,-0.332662,0.932764,0.138878,-0.214401,-0.218214,0.952058
0.907118,-0.388236,-0.162508,0.408203,0.717542,0.564361,-0.102499,-0.578279,0.809375
0.793712,-0.518524,-0.318046,0.200052,0.716275,-0.668527,0.574456,0.466993,0.672249
0.731754,0.410162,-0.544338,-0.576736,0.798219,-0.173843,0.363197,0.44115,0.820655
0.939217,-0.226592,0.25793,0.342486,0.670848,-0.657773,-0.0239861,0.706129,0.707677
0.8206,-0.0496369,-0.569343,0.150165,0.979944,0.131,0.551422,-0.192994,0.811595
0.977702,0.151419,-0.145503,-0.155823,0.987597,-0.0192969,0.140776,0.0415393,0.98917
0.943445,0.329375,-0.0377307,-0.29481,0.885562,0.358981,0.151652,-0.327556,0.932582
0.724154,0.463175,-0.51095,-0.397728,0.88576,0.239252,0.563395,0.0299635,0.825644
0.840568,-0.324419,-0.433817,0.355813,0.93451,-0.00942225,0.408463,-0.146438,0.900952
0.737248,0.465809,-0.489374,-0.601511,0.782372,-0.161486,0.307652,0.413419,0.856992
0.742248,0.548634,-0.384798,-0.168852,0.708808,0.684895,0.648504,-0.443388,0.618749
0.565864,0.509221,0.648453,-0.706834,0.704518,0.0635609,-0.424481,-0.494316,0.758596
0.923285,-0.315437,0.219188,0.358517,0.912505,-0.196977,-0.137877,0.260449,0.955592
0.987256,-0.118422,-0.106315,0.115113,0.992672,-0.0367595,0.109889,0.0240528,0.993653
0.795411,-0.289865,0.532259,0.0546875,0.908957,0.413287,-0.603598,-0.299625,0.738846
0.892153,-0.417289,0.173009,0.435297,0.896513,-0.0823481,-0.120742,0.148777,0.981472
0.714413,-0.645419,-0.270274,0.595862,0.76365,-0.248571,0.366827,0.0165369,0.930142
0.934117,0.246542,0.258153,-0.330106,0.871831,0.361859,-0.135852,-0.423236,0.895777
0.785368,0.605055,-0.130787,-0.601521,0.696035,-0.392055,-0.146182,0.386579,0.910598
0.831498,0.148151,-0.535408,0.235008,0.779489,0.580661,0.503371,-0.608644,0.613327
0.968283,-0.198271,0.152045,0.0457771,0.738998,0.672151,-0.245629,-0.643872,0.724635
0.876261,-0.263406,0.403465,0.177696,0.954985,0.237543,-0.447874,-0.136456,0.883623
0.89784,-0.278674,0.340918,0.41287,0.801908,-0.431835,-0.153044,0.528473,0.835041
0.947061,-0.314587,-0.0641181,0.318818,0.945049,0.0723715,0.0378276,-0.0889822,0.995315
0.821886,-0.564627,0.0755004,0.503791,0.782314,0.366306,-0.265891,-0.263025,0.927426
0.770604,-0.27948,0.572765,0.0804482,0.934186,0.347599,-0.632216,-0.221783,0.742371
0.892671,0.00429767,-0.450689,0.20291,0.889054,0.410379,0.40245,-0.457783,0.79276
0.752848,-0.311864,-0.579622,0.186439,0.945598,-0.266619,0.631238,0.0926596,0.770034
0.787041,0.0160973,-0.616691,0.0360522,0.996751,0.0720287,0.615847,-0.0789226,0.783903
0.793335,-0.129151,-0.594927,-0.284433,0.785386,-0.549788,0.538253,0.605384,0.586339
0.684881,0.631296,0.363872,-0.501223,0.770626,-0.393587,-0.528879,0.0871792,0.844208
0.836597,-0.547275,0.024396,0.451268,0.713715,0.535694,-0.310584,-0.437151,0.844059
0.994236,0.105082,0.0212776,-0.106941,0.957825,0.26671,0.00764611,-0.267448,0.963542
0.777634,0.621817,-0.0928964,-0.627821,0.760113,-0.16754,-0.0335672,0.188607,0.981479
0.644729,0.656376,-0.391784,-0.599549,0.752157,0.273497,0.4742,0.0585617,0.878467
0.877514,0.476545,-0.0536126,-0.478402,0.877658,-0.0291076,0.0331825,0.0511907,0.998137
0.955027,0.144907,0.258699,0.0726226,0.731576,-0.677881,-0.287487,0.666182,0.688152
0.718459,0.632977,-0.288368,-0.695429,0.645342,-0.31609,-0.013982,0.427637,0.903842
0.853596,-0.287347,0.434518,-0.0345306,0.801066,0.597579,-0.51979,-0.525095,0.673864
0.924912,0.300629,-0.232724,-0.379643,0.69775,-0.607467,-0.0202386,0.650206,0.759489
0.738149,-0.516925,0.433504,0.204974,0.784037,0.585894,-0.642746,-0.34362,0.684692
0.80227,-0.432813,0.411139,0.549929,0.803792,-0.22693,-0.232252,0.408157,0.882874
0.835495,0.131001,-0.533654,-0.276949,0.939187,-0.203044,0.474601,0.317437,0.820967
0.774245,0.307419,0.553207,0.0772974,0.821626,-0.564762,-0.628148,0.480026,0.612377
0.814169,-0.391368,0.428906,0.267373,0.908421,0.321376,-0.515404,-0.146976,0.844249
0.709237,-0.689211,0.148224,0.699317,0.714396,-0.0243692,-0.0890951,0.120939,0.988654
0.865415,-0.184298,-0.465931,0.15159,0.982623,-0.107112,0.477575,0.022066,0.878314
0.799713,-0.591848,-0.10087,0.378689,0.62762,-0.680211,0.46589,0.505776,0.726042
0.965624,0.0808708,-0.247041,-0.0182544,0.969124,0.245898,0.259299,-0.232936,0.937286
0.900349,-0.187162,0.392864,0.406449,0.684209,-0.605522,-0.15547,0.704861,0.692098
0.730001,0.188557,0.656921,0.023879,0.953565,-0.300239,-0.683029,0.234861,0.691601
0.779911,-0.613378,-0.124525,0.625499,0.756808,0.189715,-0.0221258,-0.225851,0.973911
0.733092,0.678726,0.0436627,-0.637032,0.662734,0.393668,0.238256,-0.31641,0.918215
0.986883,0.149787,-0.0602219,-0.152061,0.737161,-0.658385,-0.054224,0.658906,0.750268
0.668122,0.532261,-0.519915,-0.509554,0.836499,0.201555,0.542188,0.130261,0.830099
0.810076,0.579802,0.0872159,-0.506302,0.616715,0.602761,0.295695,-0.53244,0.793141
0.928931,0.363995,0.0677836,-0.354568,0.821824,0.445968,0.106624,-0.438307,0.892479
0.786491,0.285584,-0.547607,-0.586964,0.621438,-0.51893,0.192106,0.729559,0.656383
0.899681,-0.351847,0.258413,0.435684,0.68649,-0.582161,0.0274333,0.636346,0.770916
0.680638,0.686934,0.254664,-0.661064,0.725696,-0.190682,-0.315795,-0.0385643,0.948044
0.877137,0.185863,-0.442816,0.0397129,0.890842,0.452575,0.478596,-0.414556,0.774009
0.772803,0.366302,0.518265,0.0660979,0.765724,-0.639764,-0.631195,0.528668,0.567542
0.796385,-0.128835,0.590909,0.0291324,0.984085,0.175296,-0.604088,-0.122388,0.787463
0.836799,-0.455073,0.304426,0.496501,0.865078,-0.0716048,-0.230767,0.211067,0.949841
0.870003,-0.00157566,-0.493044,0.322581,0.758084,0.566789,0.372876,-0.652155,0.660044
0.773414,0.62983,-0.0717305,-0.575945,0.65092,-0.494561,-0.264799,0.423813,0.866178
0.885791,-0.213391,0.412115,0.287474,0.949427,-0.12628,-0.364326,0.23033,0.902338
0.833685,0.0741887,-0.547235,-0.249065,0.934941,-0.252688,0.492886,0.346959,0.797924
0.681348,0.603039,-0.41486,-0.636659,0.767906,0.0706029,0.36115,0.21602,0.907142
0.990177,-0.0556594,-0.128266,0.00684212,0.935543,-0.353147,0.139655,0.3488,0.926733
0.876488,0.409384,-0.253326,-0.378072,0.911089,0.164254,0.298046,-0.0481912,0.953334
0.530364,-0.539128,-0.654259,0.606216,0.780665,-0.151871,0.592635,-0.316075,0.740864
0.868747,-0.486443,0.0930138,0.28569,0.645635,0.708193,-0.404548,-0.588668,0.699865
0.930638,0.165724,-0.326264,-0.200897,0.976582,-0.0769896,0.305865,0.137195,0.942138
0.878362,0.428618,0.211581,-0.177814,0.703872,-0.687711,-0.443691,0.566437,0.694469
0.999583,0.014728,0.0248227,-0.00650652,0.952858,-0.303347,-0.0281202,0.303059,0.952557
0.934975,0.352609,0.0385897,-0.310201,0.760029,0.571079,0.172038,-0.545915,0.819987
0.790445,0.189846,-0.582371,0.137993,0.871126,0.471273,0.596787,-0.452878,0.662379
0.778783,-0.0030136,-0.627287,0.232687,0.930035,0.284415,0.582541,-0.367459,0.724996
0.748963,-0.639084,-0.175003,0.652805,0.666404,0.360212,-0.113583,-0.384028,0.916309
0.848268,0.528814,0.0282149,-0.468835,0.725147,0.504337,0.24624,-0.441041,0.863046
0.768442,0.22939,-0.597392,-0.243268,0.968173,0.0588427,0.591876,0.100109,0.799788
0.828085,-0.101345,-0.551366,0.0439363,0.992231,-0.116393,0.558878,0.0721579,0.826104
0.763508,-0.64189,0.0709361,0.609792,0.680412,-0.406441,0.212624,0.353577,0.910919
0.702034,-0.111075,-0.703428,0.266642,0.956909,0.115013,0.660341,-0.268307,0.7014
0.646296,-0.29795,0.702515,0.622595,0.738199,-0.259688,-0.441222,0.605218,0.662597
0.596385,0.479615,0.643657,-0.734317,0.649845,0.196161,-0.324196,-0.589636,0.739748
0.855751,0.0802873,-0.51112,0.0864489,0.951811,0.29425,0.510114,-0.295991,0.807572
0.685474,0.484663,0.543348,-0.685182,0.681812,0.256237,-0.246273,-0.547937,0.799447
0.895003,-0.192386,-0.40244,0.243902,0.966461,0.080407,0.373473,-0.17012,0.911908
0.927256,0.317363,-0.198691,-0.374398,0.792744,-0.481023,0.00485248,0.52042,0.853896
0.894056,-0.24502,-0.375004,0.364738,0.884181,0.291874,0.260056,-0.397731,0.879876
0.774559,0.108986,0.623041,-0.0407694,0.991597,-0.122771,-0.631186,0.0696925,0.772494
0.713494,-0.6789,-0.173265,0.700656,0.690347,0.180285,-0.00278262,-0.250032,0.968234
0.727613,0.493327,-0.476663,-0.678278,0.621263,-0.392392,0.102556,0.608819,0.786652
0.840589,0.457479,0.29004,-0.27058,0.818491,-0.506812,-0.469251,0.347542,0.811799
0.706951,-0.469263,-0.529163,0.305469,0.877389,-0.36997,0.637895,0.0999075,0.763616
0.782323,-0.0474427,-0.621064,-0.0453813,0.990104,-0.132798,0.621218,0.132076,0.772428
0.65421,0.572226,-0.494537,-0.301947,0.797119,0.522904,0.693424,-0.192765,0.694265
0.931823,0.0578419,-0.358274,0.0109576,0.982283,0.187085,0.362747,-0.178256,0.91468
0.763294,-0.185842,0.618744,0.0784094,0.977302,0.196809,-0.641275,-0.101707,0.76054
0.718319,-0.21614,-0.661288,0.493874,0.827889,0.265874,0.490007,-0.517575,0.701434
0.962627,0.270819,-0.00268511,-0.216113,0.774074,0.595067,0.163234,-0.572247,0.803672
0.899052,-0.177793,-0.40012,0.320362,0.890036,0.324351,0.298454,-0.419792,0.857147
0.774061,0.472993,-0.420841,-0.614191,0.722304,-0.317879,0.15362,0.504534,0.849615
0.817722,0.537269,-0.206574,-0.549815,0.835277,-0.00401017,0.170392,0.116857,0.978423
0.961708,-0.128637,0.242015,-0.0618434,0.758393,0.648857,-0.267009,-0.638978,0.721397
0.877674,-0.371147,0.303214,0.0628152,0.7163,0.694959,-0.475124,-0.590901,0.651992
0.78571,0.604878,0.129545,-0.617544,0.75478,0.221239,0.0360446,-0.253829,0.966577
0.645199,-0.5753,0.50274,0.334855,0.804389,0.490745,-0.686724,-0.148283,0.711633
0.852844,0.420045,-0.310193,-0.37019,0.905335,0.208151,0.368262,-0.0626896,0.927606
0.837606,0.446631,0.314542,-0.541787,0.60554,0.582913,0.0698793,-0.658667,0.749183
0.782946,0.4441,0.435628,-0.16935,0.825975,-0.537667,-0.598595,0.34719,0.721902
0.712895,-0.553101,-0.431115,0.142971,0.716483,-0.682797,0.686542,0.425125,0.589854
0.798622,0.172018,0.576727,0.0709108,0.924712,-0.374004,-0.597641,0.339583,0.726297
0.934368,-0.19958,0.295169,0.339036,0.752805,-0.564215,-0.109598,0.627257,0.771062
0.991476,0.0657638,-0.112476,-0.125581,0.712357,-0.69049,0.0347139,0.698729,0.714544
0.669898,0.270641,-0.691368,-0.288811,0.952843,0.0931548,0.683977,0.13727,0.716472
0.891733,-0.452457,0.0097682,0.397471,0.772677,-0.494962,0.216401,0.445256,0.86886
0.81554,-0.334549,-0.472198,0.520056,0.781604,0.344436,0.253841,-0.526471,0.811414
0.739116,0.315182,-0.595288,-0.0210514,0.894147,0.447278,0.673249,-0.318059,0.667513
0.853979,-0.360032,-0.375629,0.478442,0.827096,0.294968,0.204484,-0.431613,0.878577
0.866097,-0.490316,-0.0972891,0.450306,0.849792,-0.274003,0.217024,0.193503,0.956795
0.72189,0.659797,-0.208667,-0.385675,0.633968,0.670328,0.574569,-0.403426,0.712122
0.806682,0.392884,0.441483,-0.280118,0.911969,-0.299744,-0.520383,0.118131,0.845723
0.87478,0.218936,-0.432236,-0.271103,0.960543,-0.0621373,0.401577,0.171537,0.899617
0.858613,0.39098,0.331541,-0.512615,0.650836,0.560034,0.00318353,-0.650805,0.759238
0.933273,-0.23937,-0.267775,0.14138,0.930187,-0.338767,0.330172,0.278304,0.901961
0.737236,0.336665,-0.585781,-0.213477,0.938665,0.270806,0.641023,-0.0745967,0.763888
0.724716,-0.41966,0.546509,0.493748,0.869509,0.0129379,-0.480624,0.260461,0.837353
0.73698,-0.465938,0.489655,0.46077,0.876345,0.140393,-0.494521,0.122151,0.860539
0.717469,0.65476,-0.237755,-0.41174,0.673923,0.613432,0.561879,-0.342225,0.753109
0.739208,0.653535,0.162676,-0.645767,0.619232,0.446696,0.191197,-0.435252,0.879772
0.893777,0.0885853,0.439677,-0.373279,0.690382,0.619706,-0.248648,-0.718001,0.650114
0.733615,-0.433562,-0.52329,0.316077,0.899371,-0.302039,0.601585,0.0561801,0.796831
0.814767,0.563548,-0.136269,-0.430156,0.745143,0.509634,0.388743,-0.356616,0.849531
0.679701,0.592229,-0.432749,-0.601515,0.787681,0.133188,0.419746,0.169776,0.891622
0.940099,-0.0545281,-0.336511,0.172453,0.92757,0.331472,0.294063,-0.369649,0.881411
0.745352,-0.167873,-0.645189,0.0748837,0.982734,-0.169191,0.662452,0.0777924,0.745054
0.948077,-0.314354,-0.0482819,0.235719,0.796447,-0.556874,0.21351,0.516578,0.829193
0.668331,0.326689,0.668287,-0.548462,0.823328,0.146018,-0.502517,-0.464118,0.729432
0.821256,0.53871,-0.187961,-0.462573,0.821509,0.333391,0.334013,-0.186854,0.923862
0.916947,-0.214898,0.336194,0.353332,0.828768,-0.433935,-0.185375,0.516684,0.835867
0.988137,-0.0463738,0.146404,0.114507,0.857748,-0.501156,-0.102337,0.511975,0.852883
0.839052,0.542648,0.0390653,-0.46296,0.674431,0.575161,0.285763,-0.500676,0.817107
0.882239,-0.451094,-0.134791,0.270291,0.719715,-0.639495,0.385483,0.527754,0.756887
0.874802,0.314426,-0.368589,-0.482747,0.630013,-0.608308,0.040948,0.710084,0.702925
0.794617,0.18212,-0.579151,-0.234763,0.971913,-0.0164764,0.559884,0.149056,0.815053
0.879868,-0.218801,-0.421851,0.394354,0.831517,0.391235,0.265173,-0.510593,0.81791
0.748228,-0.618556,-0.239882,0.661237,0.665833,0.345588,-0.0540443,-0.417198,0.907207
0.578394,0.47133,0.665814,-0.658726,0.751298,0.0403922,-0.481187,-0.461951,0.745023
0.803686,-0.593687,-0.0402919,0.583317,0.79941,-0.143823,0.117596,0.0920858,0.988783
0.994287,0.0824024,0.0678513,-0.0506466,0.923736,-0.379666,-0.0939621,0.374061,0.922632
0.783575,-0.168961,-0.597881,0.453975,0.812685,0.365308,0.424166,-0.557669,0.713504
0.916187,0.291725,-0.274767,-0.399096,0.726408,-0.559512,0.0363695,0.622277,0.781952
0.901077,-0.32123,-0.291327,0.433646,0.672605,0.599627,0.00333004,-0.666643,0.745369
0.890554,-0.0479327,0.452346,0.116786,0.985192,-0.125526,-0.439631,0.164616,0.882965
0.90277,0.336699,0.267657,-0.255323,0.920273,-0.296491,-0.346146,0.199325,0.916762
0.677729,0.406116,0.612987,-0.547822,0.834945,0.0525131,-0.490484,-0.371397,0.788346
0.849676,-0.0555843,0.524367,0.138309,0.983104,-0.119902,-0.508843,0.174403,0.843008
0.770833,0.345455,0.535236,-0.611706,0.635965,0.470494,-0.177857,-0.690079,0.70154
0.664759,0.672229,-0.325889,-0.6098,0.740268,0.283103,0.431555,0.010532,0.902025
0.927442,0.346258,0.141266,-0.358797,0.930389,0.0751016,-0.105428,-0.120338,0.987119
0.771848,-0.478972,0.418133,0.557448,0.826078,-0.0827419,-0.30578,0.296952,0.90461
0.749444,-0.2573,0.610025,0.479323,0.846462,-0.231845,-0.456709,0.466153,0.757705
0.65105,-0.708697,0.271812,0.485168,0.663945,0.569024,-0.583734,-0.238589,0.776099
0.749762,0.63433,0.188368,-0.661386,0.727271,0.183426,-0.0206422,-0.262109,0.964817
0.925725,0.134081,-0.353633,-0.194483,0.97071,-0.14106,0.324361,0.199358,0.924687
0.900616,-0.0241939,0.433942,-0.0175495,0.995611,0.0919317,-0.434262,-0.0904106,0.896238
0.875768,-0.341789,-0.340897,0.188283,0.892102,-0.410734,0.444499,0.295523,0.845628
0.749931,-0.65795,0.0685951,0.520991,0.523542,-0.674145,0.407641,0.5413,0.735407
0.97173,-0.0575565,-0.228973,0.0169798,0.984355,-0.175376,0.235485,0.16653,0.957505
0.698026,0.646637,0.307603,-0.688936,0.72359,0.0422491,-0.195259,-0.24141,0.950576
0.867199,-0.229724,-0.441805,0.065692,0.932252,-0.355796,0.493609,0.279523,0.823539
0.672538,-0.527333,-0.519242,0.709533,0.658891,0.24985,0.21037,-0.536453,0.81729
0.8314,-0.552026,-0.0635679,0.448054,0.598314,0.66428,-0.328666,-0.580764,0.744776
0.922581,0.050164,-0.382527,-0.224272,0.876506,-0.425957,0.31392,0.47877,0.819899
0.979306,-0.0853041,-0.183528,-0.0688206,0.712427,-0.698363,0.190324,0.696542,0.691814
0.949981,0.106499,0.293589,-0.0799131,0.991657,-0.101144,-0.301911,0.0726236,0.950566
0.601841,0.347308,0.719141,-0.662184,0.720395,0.206261,-0.44643,-0.60034,0.663545
0.971594,-0.23616,0.0152533,0.214181,0.850098,-0.481102,0.10065,0.470703,0.876532
0.871766,0.219309,-0.438096,-0.463302,0.659783,-0.59164,0.159296,0.718742,0.676783
0.841784,0.519884,0.145329,-0.430812,0.809223,-0.399448,-0.32527,0.273639,0.905163
0.780803,0.600061,-0.173994,-0.624542,0.741985,-0.243733,-0.0171539,0.298974,0.954107
0.927827,-0.36938,0.0519197,0.363935,0.926956,0.0911238,-0.0817866,-0.0656517,0.994485
0.72648,0.078564,-0.682682,-0.453948,0.800692,-0.390927,0.515905,0.593903,0.617351
0.81858,0.503961,0.27559,-0.554021,0.566089,0.610413,0.151616,-0.652354,0.742594
0.705003,0.36144,-0.61019,-0.638327,0.698316,-0.323873,0.309044,0.617832,0.723032
0.931512,0.31092,0.188717,-0.321334,0.946594,0.0265519,-0.170383,-0.0853745,0.981673
0.839276,-0.113311,-0.531767,-0.0564089,0.954618,-0.292442,0.540772,0.275436,0.794796
0.817841,-0.513614,-0.259491,0.557893,0.597184,0.576304,-0.141034,-0.616094,0.774944
0.978698,-0.202406,-0.0343897,0.132571,0.750942,-0.646924,0.156766,0.628584,0.761779
0.789341,0.244078,0.563353,-0.266411,0.96286,-0.0438866,-0.553142,-0.115442,0.82505
0.971982,0.111946,-0.206686,-0.208666,0.815737,-0.539474,0.10821,0.567488,0.81624
0.857603,0.18215,0.480978,-0.372648,0.864614,0.337011,-0.354474,-0.468256,0.809373
0.803994,0.212319,-0.555441,0.158564,0.823712,0.544386,0.573107,-0.525756,0.628593
0.687011,-0.628036,-0.365497,0.404123,0.748255,-0.526117,0.603905,0.213742,0.767863
0.902698,-0.358243,0.238323,0.29938,0.920768,0.250117,-0.309042,-0.154431,0.938426
0.860307,0.41265,-0.299318,-0.489192,0.833441,-0.257037,0.143398,0.367554,0.91888
0.912882,-0.108912,0.393427,0.266589,0.888919,-0.372497,-0.309155,0.444929,0.840513
0.868487,0.457761,-0.190223,-0.233017,0.715691,0.658399,0.43753,-0.527486,0.728235
0.836675,0.01035,-0.547602,-0.195598,0.939536,-0.281094,0.511582,0.342294,0.788111
0.819546,-0.573009,-0.00203476,0.57061,0.81643,-0.0885801,0.0524184,0.0714344,0.996067
0.717225,-0.356589,0.598692,0.449028,0.893499,-0.00574966,-0.532881,0.272954,0.800958
0.908515,-0.399693,-0.121842,0.406866,0.77976,0.475852,-0.0951869,-0.481892,0.871045
0.889066,-0.377227,-0.259348,0.153563,0.779469,-0.607327,0.431254,0.500128,0.750927
0.918801,-0.390307,0.0588678,0.346511,0.726138,-0.593847,0.189036,0.566025,0.802422
0.718565,-0.0214972,0.695128,0.422821,0.807082,-0.412117,-0.552166,0.590047,0.58903
0.825354,0.0509429,0.562313,0.147613,0.941814,-0.301988,-0.544978,0.332252,0.76981
0.837845,-0.466303,0.283861,0.407795,0.8803,0.242436,-0.362932,-0.0873662,0.927711
0.759778,-0.647892,0.0545326,0.648837,0.760927,0.000476036,-0.0418037,0.0350211,0.998512
0.625606,-0.735126,-0.261163,0.514592,0.640461,-0.570092,0.586354,0.222261,0.778966
0.706091,-0.586379,-0.396983,0.282817,0.747483,-0.601069,0.649192,0.312135,0.693629
0.977477,-0.0663948,0.200325,-0.0830892,0.751484,0.654498,-0.193996,-0.656402,0.729042
0.994642,-0.0804499,0.0649242,0.0551589,0.944143,0.324886,-0.0874348,-0.319564,0.943522
0.859185,0.0734896,0.50636,0.0156534,0.985393,-0.169574,-0.511426,0.153621,0.845485
0.775555,0.569527,-0.27231,-0.546989,0.821609,0.160508,0.315146,0.0244673,0.948728
0.792073,0.608023,-0.0541045,-0.598652,0.756414,-0.263543,-0.119315,0.241135,0.963129
0.719545,0.694342,-0.0119676,-0.570567,0.600926,0.559769,0.395863,-0.395951,0.828562
0.766805,0.539731,0.34742,-0.439,0.835851,-0.329593,-0.468284,0.100216,0.877877
0.972799,-0.168385,0.159087,0.0535508,0.831617,0.552762,-0.225376,-0.529207,0.818013
0.595876,0.601862,0.531689,-0.617111,0.76684,-0.176439,-0.513912,-0.222976,0.828357
0.994226,-0.0976532,0.0444776,0.0690251,0.899378,0.431689,-0.082158,-0.426126,0.900925
0.731954,0.134061,-0.668035,-0.544947,0.703718,-0.455867,0.408994,0.697717,0.588145
0.977886,0.0511669,-0.202783,-0.0282824,0.993057,0.114185,0.207217,-0.105925,0.972544
0.568752,0.5237,-0.634239,-0.538373,0.820001,0.194301,0.621832,0.230948,0.748323
0.884113,0.436019,0.168026,-0.262044,0.760363,-0.59429,-0.386882,0.481389,0.786503
0.914238,0.322363,0.245461,-0.208464,0.893711,-0.397269,-0.347436,0.312029,0.884266
0.794693,-0.596202,-0.114044,0.599104,0.8006,-0.010659,0.0976585,-0.0598536,0.993419
0.683874,0.446564,0.576972,-0.151857,0.860608,-0.486099,-0.713622,0.244813,0.656361
0.940172,0.113348,0.321292,-0.275351,0.808163,0.520629,-0.200644,-0.577949,0.791023
0.709717,-0.177871,-0.681662,0.511157,0.795866,0.324524,0.484788,-0.578757,0.65576
0.865927,-0.364216,0.342807,0.385972,0.922496,0.00514612,-0.318113,0.127858,0.939392
0.981674,-0.181069,-0.0594181,0.114544,0.809821,-0.575386,0.152303,0.558036,0.815721
0.856684,-0.404091,0.320628,0.260321,0.875281,0.407573,-0.445337,-0.265695,0.855033
0.7594,-0.174462,-0.626797,0.122595,0.984491,-0.125492,0.63897,0.0184563,0.76901
0.977962,0.128366,0.16466,-0.20386,0.757372,0.620346,-0.0450773,-0.640242,0.766849
0.646424,-0.492995,-0.582316,0.718852,0.649317,0.248272,0.255711,-0.579088,0.774125
0.8031,0.554545,0.217967,-0.500436,0.826309,-0.258413,-0.32341,0.0984526,0.941123
0.722023,-0.341001,-0.601998,0.42567,0.904876,-0.00202592,0.545424,-0.25479,0.798495
0.913127,-0.369736,-0.171738,0.380986,0.923851,0.036725,0.145082,-0.0989644,0.984458
0.705515,-0.586271,-0.398164,0.536335,0.808936,-0.240764,0.463242,-0.0436865,0.885154
0.726497,0.385596,-0.568786,-0.650703,0.652089,-0.389058,0.220879,0.65276,0.724649
0.995799,-0.0866677,-0.0295543,0.0910383,0.971726,0.217856,0.00983763,-0.219631,0.975533
0.970891,0.152143,-0.184993,0.0190116,0.72096,0.692716,0.238765,-0.676069,0.697081
0.737384,-0.248042,-0.628284,-0.176628,0.826971,-0.533781,0.651972,0.504574,0.565983
0.917065,-0.150406,-0.369284,0.325572,0.817136,0.475701,0.230207,-0.556477,0.798335
0.763551,-0.0611355,-0.642847,0.154522,0.983885,0.0899673,0.626987,-0.168029,0.760693
0.956676,-0.00669712,0.291077,-0.190291,0.742279,0.642503,-0.220363,-0.670057,0.708847
0.761138,-0.453951,-0.463247,0.524319,0.851078,0.0274823,0.381784,-0.263807,0.885803
0.931915,0.341545,-0.121993,-0.304893,0.919943,0.246466,0.196406,-0.192491,0.961443
0.987854,-0.0476798,0.147892,0.096779,0.93341,-0.345515,-0.121569,0.355631,0.926686
0.827203,-0.320782,-0.461339,0.539316,0.683697,0.491627,0.157711,-0.655483,0.738559
0.682416,0.576803,0.449006,-0.317043,0.787042,-0.529196,-0.658629,0.218778,0.719962
0.871727,-0.343401,0.349526,0.108781,0.831159,0.54529,-0.477765,-0.437321,0.761899
0.699957,0.712425,-0.0501039,-0.625582,0.645453,0.438222,0.34454,-0.275393,0.897469
0.789182,0.614151,-0.00307427,-0.607983,0.780529,-0.145367,-0.0868779,0.11659,0.989373
0.776806,0.18537,-0.601839,-0.430567,0.853751,-0.292781,0.459548,0.486566,0.743014
0.794409,-0.54654,0.264969,0.238163,0.681605,0.691876,-0.558742,-0.486527,0.671639
0.745796,-0.316306,-0.586293,-0.0302633,0.863094,-0.504136,0.665487,0.393726,0.634119
0.996186,0.00672853,-0.0869935,0.00837288,0.985049,0.172069,0.0868507,-0.172141,0.981236
0.762118,-0.489516,-0.423734,0.101369,0.736626,-0.66866,0.639453,0.466644,0.611018
0.788233,0.519949,0.329152,-0.610153,0.72989,0.308177,-0.080008,-0.443748,0.892573
0.75152,0.640367,-0.158582,-0.65971,0.729025,-0.1825,-0.0012573,0.24177,0.970333
0.771465,-0.636174,-0.0111498,0.545734,0.670598,-0.502467,0.327134,0.381551,0.864524
0.806274,-0.523084,-0.276235,0.590766,0.735938,0.330742,0.030286,-0.429859,0.902388
0.946499,0.0283604,0.321459,0.0530633,0.968894,-0.241719,-0.318315,0.245844,0.915552
0.99081,-0.0624228,0.119995,0.0591661,0.997782,0.030518,-0.121634,-0.0231379,0.992305
0.702336,-0.430283,-0.567081,0.685514,0.623498,0.375925,0.19182,-0.652768,0.73287
0.836414,-0.344927,0.425954,0.334778,0.936841,0.101252,-0.433976,0.0579112,0.899061
0.679545,0.312418,0.663787,-0.61503,0.735856,0.283293,-0.399946,-0.600759,0.692193
0.938686,-0.127022,-0.320521,0.0211757,0.949144,-0.314129,0.344122,0.288081,0.893638
0.903479,-0.424185,-0.0615826,0.345061,0.805012,-0.482585,0.25428,0.414756,0.873681
0.849248,-0.0984065,0.518743,-0.0505565,0.962808,0.265414,-0.525568,-0.251628,0.812688
0.926588,0.0806522,-0.367327,-0.0551757,0.995318,0.0793555,0.372007,-0.0532623,0.9267
0.838539,0.362317,0.406913,-0.501459,0.805268,0.316357,-0.213053,-0.469328,0.856936
0.757138,-0.491371,0.430461,0.644252,0.670686,-0.367586,-0.108083,0.555638,0.824369
0.837687,0.267408,-0.476207,-0.406554,0.887537,-0.216777,0.364683,0.375195,0.852194
0.901616,0.37371,0.217784,-0.336789,0.922485,-0.188664,-0.271409,0.0967555,0.957588
0.885207,-0.296716,-0.358286,0.45002,0.741319,0.497924,0.117862,-0.602001,0.789749
0.848542,-0.421478,0.319894,0.185726,0.80335,0.565805,-0.495461,-0.420697,0.759956
0.983474,0.0680553,0.167774,-0.064734,0.997584,-0.0251933,-0.169084,0.0139162,0.985503
0.890362,-0.330363,-0.313234,0.0533988,0.75908,-0.648804,0.45211,0.560944,0.693497
0.786809,0.291952,0.543779,-0.0312697,0.898772,-0.4373,-0.616404,0.327068,0.716291
0.698043,0.643355,-0.314371,-0.558485,0.763927,0.323281,0.448141,-0.0500926,0.892558
0.682455,-0.398803,-0.612545,0.212759,0.910135,-0.35551,0.699277,0.112295,0.705975
0.797079,0.0738334,-0.599344,-0.0369218,0.996599,0.0736684,0.602745,-0.0365908,0.797095
0.802684,0.241548,0.5453,-0.41255,0.885154,0.215185,-0.430697,-0.397689,0.81015
0.701295,-0.618518,0.354431,0.345759,0.729915,0.589639,-0.623407,-0.290963,0.725744
0.767908,-0.314927,-0.557798,0.401262,0.915269,0.035657,0.499306,-0.251204,0.82921
0.869989,-0.299534,-0.39166,0.233714,0.949939,-0.20735,0.434162,0.088856,0.896442
0.824084,-0.00235174,0.566462,0.00155734,0.999997,0.00188601,-0.566465,-0.000672056,0.824085
0.821985,0.0989193,-0.560853,-0.230769,0.958181,-0.169217,0.52066,0.268521,0.810438
0.765424,0.318739,0.559045,-0.215097,0.945476,-0.244559,-0.606514,0.0669423,0.79225
0.880667,0.473316,0.0199207,-0.473496,0.878106,0.0687938,0.0150688,-0.0700169,0.997432
0.815761,-0.457797,0.353491,0.36633,0.881901,0.296737,-0.44759,-0.112572,0.887125
0.868947,-0.370543,-0.328068,0.316959,0.925773,-0.206109,0.380089,0.0751141,0.921895
0.77952,0.620787,-0.0834969,-0.564072,0.753676,0.337335,0.272343,-0.215862,0.937674
0.755514,0.584832,0.295247,-0.297414,0.70773,-0.64083,-0.583733,0.396345,0.708637
0.891145,0.255403,0.375007,-0.0734014,0.896784,-0.436339,-0.447742,0.361315,0.817911
0.780051,-0.37842,-0.498316,0.220109,0.911444,-0.347595,0.585724,0.161458,0.794266
0.868283,0.383067,0.315188,-0.431464,0.896705,0.0987828,-0.244791,-0.221764,0.943874
0.972894,-0.189166,-0.13302,0.0536275,0.744086,-0.665928,0.224949,0.640743,0.734061
0.532024,0.582227,-0.614786,-0.592747,0.774585,0.220611,0.60465,0.247042,0.757211
0.837478,0.145408,0.526771,-0.399667,0.820382,0.408949,-0.372689,-0.553018,0.745167
0.933033,-0.209545,0.292474,0.170893,0.973453,0.152265,-0.316616,-0.0920861,0.944073
0.793748,0.395158,-0.462401,-0.533722,0.817106,-0.217894,0.291728,0.419747,0.859481
0.672741,0.353878,0.649762,-0.446949,0.89423,-0.0242657,-0.589624,-0.274086,0.75975
0.9441,0.253104,0.211219,-0.322216,0.843875,0.429014,-0.0696577,-0.47309,0.878256
0.986699,-0.141605,-0.0798292,0.121163,0.968044,-0.219569,0.10837,0.206976,0.972325
0.789557,0.122494,0.601327,-0.25386,0.9573,0.138317,-0.558708,-0.261862,0.786939
0.710667,-0.573822,0.407039,0.604785,0.793874,0.0632401,-0.359426,0.201229,0.911219
0.936816,-0.295793,0.18677,0.310658,0.948905,-0.0554114,-0.160836,0.109932,0.98084
0.978693,-0.119294,-0.167122,0.165412,0.940287,0.297487,0.121654,-0.318792,0.939985
0.849545,-0.527303,0.0150182,0.491584,0.801682,0.340075,-0.191362,-0.281526,0.940278
0.689741,-0.572801,0.442895,0.191356,0.734146,0.65147,-0.698312,-0.364595,0.615979
0.926509,-0.355757,-0.122546,0.234388,0.800454,-0.551666,0.294352,0.482401,0.825013
0.839978,0.542025,-0.0254212,-0.496848,0.749444,-0.43758,-0.218128,0.380188,0.89882
0.954841,-0.10678,0.277265,0.0579965,0.982221,0.178544,-0.291401,-0.154401,0.944058
0.786953,0.253455,-0.562553,-0.295195,0.955278,0.0174475,0.541816,0.152333,0.826577
0.978144,0.200601,-0.05471,-0.162124,0.900545,0.403404,0.130192,-0.385717,0.913385
0.935109,0.144022,0.323771,-0.322259,0.725623,0.607964,-0.147376,-0.672851,0.72495
0.709244,-0.638821,-0.29813,0.402595,0.714193,-0.572578,0.578697,0.286072,0.763723
0.847178,-0.282438,-0.450021,0.224246,0.957941,-0.179063,0.481667,0.0507825,0.874882
0.659552,-0.549755,0.512602,0.53509,0.822345,0.193461,-0.527892,0.14669,0.836548
0.95924,0.134418,0.248577,-0.252995,0.800392,0.543476,-0.125906,-0.584212,0.801776
0.784144,0.559041,0.269427,-0.606201,0.597109,0.525338,0.132808,-0.575268,0.807111
0.977501,-0.118984,-0.174169,0.110162,0.992131,-0.0595024,0.179878,0.0389768,0.982916
0.762379,-0.254296,0.595073,0.440044,0.877951,-0.188583,-0.474489,0.40563,0.781232
0.990976,0.0285012,-0.130977,0.0666427,0.743048,0.665912,0.116301,-0.668631,0.734443
0.917635,0.114748,0.380497,0.0406423,0.925296,-0.377061,-0.39534,0.361469,0.844421
0.883535,0.45864,-0.0949514,-0.430168,0.714438,-0.551845,-0.185261,0.52842,0.828523
0.746496,0.661922,-0.0678495,-0.632332,0.737451,0.237323,0.207125,-0.134257,0.969059
0.705474,-0.498454,0.503836,0.579443,0.814997,-0.00504698,-0.408109,0.295505,0.863785
0.971665,0.0179095,0.235682,-0.0629553,0.980715,0.185026,-0.227823,-0.194621,0.954054
0.86779,-0.473651,0.150314,0.259461,0.689851,0.67586,-0.423816,-0.547504,0.72154
0.913471,0.39932,0.0781936,-0.377889,0.903788,-0.200914,-0.1509,0.153981,0.976483
0.803866,0.48707,-0.341414,-0.59367,0.621461,-0.511217,-0.036823,0.613637,0.788729
0.879088,0.461817,0.118026,-0.389114,0.838297,-0.381901,-0.275309,0.289799,0.916636
0.752922,-0.362347,-0.549375,-0.044655,0.804725,-0.591966,0.656593,0.470237,0.589714
0.898849,0.237685,-0.368206,-0.369027,0.86368,-0.34333,0.236408,0.44448,0.86403
0.711786,-0.621054,0.328104,0.698276,0.676186,-0.23491,-0.075967,0.396313,0.914967
0.903629,0.254015,-0.344863,-0.153615,0.943797,0.29266,0.399821,-0.21148,0.891863
0.885851,0.34981,-0.304796,-0.307425,0.934566,0.179097,0.347502,-0.0649509,0.935427
0.679474,-0.689677,-0.25032,0.386954,0.626722,-0.676377,0.623363,0.362718,0.692715
0.891787,-0.317452,-0.322397,0.355079,0.932654,0.0638399,0.280419,-0.171408,0.944449
0.875313,0.363424,0.318983,-0.442046,0.868783,0.223184,-0.196016,-0.336361,0.921107
0.980992,-0.0691507,-0.181307,0.0704416,0.997516,0.000682603,0.180809,-0.0134412,0.983426
0.598552,0.537132,-0.594328,-0.612235,0.785183,0.0930333,0.516627,0.308183,0.798824
0.964147,-0.0998662,0.24586,0.20622,0.865065,-0.457314,-0.167015,0.491619,0.854644
0.860619,0.200706,0.46803,0.130482,0.80147,-0.583626,-0.49225,0.563349,0.663572
0.918231,-0.372712,0.13393,0.356507,0.925153,0.130367,-0.172495,-0.07196,0.982378
0.778749,-0.60231,0.17542,0.621248,0.701569,-0.349072,0.0871804,0.38082,0.92053
0.779638,-0.586551,-0.219369,0.420421,0.749868,-0.510827,0.464124,0.306033,0.831224
0.638113,0.641303,0.426078,-0.663638,0.738698,-0.117943,-0.39038,-0.207501,0.896965
0.999691,-0.023995,-0.00641673,0.0216505,0.968428,-0.248351,0.0121733,0.248136,0.968649
0.819549,-0.567136,0.0818285,0.569687,0.79109,-0.222784,0.0616153,0.229199,0.971427
0.721031,-0.486936,0.492959,0.609743,0.783827,-0.117597,-0.329132,0.385369,0.862069
0.914456,0.400365,-0.0589844,-0.281957,0.734878,0.616811,0.290295,-0.547415,0.784898
0.812083,-0.099465,0.575002,0.187562,0.97757,-0.0957947,-0.552577,0.185642,0.812524
0.889717,0.430814,-0.151007,-0.209643,0.679424,0.703159,0.405529,-0.593955,0.694812
0.742298,0.484485,0.462891,-0.211452,0.824879,-0.524273,-0.635831,0.291288,0.714752
0.820089,0.548183,0.164161,-0.562501,0.824944,0.0553145,-0.105101,-0.137704,0.984881
0.849629,0.362501,-0.383044,-0.21992,0.903682,0.367415,0.479338,-0.227927,0.847516
0.85863,-0.258965,-0.442371,0.23371,0.965858,-0.111791,0.456218,-0.00739972,0.889837
0.905674,0.0840381,0.415562,0.185384,0.802999,-0.566414,-0.381296,0.590025,0.711677
0.761085,-0.0222187,0.648272,0.289852,0.905732,-0.30925,-0.58029,0.423268,0.695779
0.872075,-0.377183,0.3118,0.455611,0.858331,-0.235981,-0.17862,0.347853,0.920377
0.950067,0.0257413,-0.310984,0.183112,0.760978,0.622401,0.252673,-0.648267,0.718266
0.764434,0.569553,0.302076,-0.230928,0.679361,-0.69652,-0.601924,0.462686,0.650853
0.885273,-0.371505,-0.279777,0.286198,0.909362,-0.301914,0.366581,0.187205,0.911358
0.834195,-0.141637,-0.532971,0.15501,0.987713,-0.019866,0.529237,-0.0660438,0.8459
0.887265,0.427751,0.172598,-0.410445,0.902898,-0.127708,-0.210465,0.042469,0.976678
0.912836,0.320205,0.253375,-0.175743,0.868201,-0.464049,-0.368572,0.379072,0.848799
0.951764,0.0432848,0.303763,0.171521,0.745815,-0.643692,-0.254413,0.664745,0.702416
0.86497,-0.477395,-0.154662,0.491001,0.741457,0.45734,-0.103657,-0.471524,0.87574
0.852912,0.348725,0.3885,-0.398814,0.915451,0.0538295,-0.336881,-0.200851,0.919875
0.803172,-0.15941,0.574023,0.00211988,0.964294,0.264824,-0.595743,-0.211483,0.774832
0.832696,0.231373,-0.503075,-0.138807,0.96673,0.214863,0.536051,-0.109085,0.837108
0.76554,-0.219986,-0.604612,-0.12897,0.868187,-0.479184,0.63033,0.444811,0.63626
0.694003,-0.257319,-0.672419,0.565149,0.773326,0.287356,0.446057,-0.579443,0.682114
0.795682,0.263986,0.545162,-0.200005,0.964055,-0.174915,-0.571741,0.0301422,0.81988
0.636581,-0.675367,-0.372348,0.446508,0.716418,-0.536075,0.628804,0.174999,0.757615
0.848916,0.506054,0.152482,-0.507544,0.700065,0.502302,0.147445,-0.503804,0.851141
0.990418,-0.00110683,-0.138098,-0.0531442,0.919908,-0.388516,0.127467,0.392133,0.911035
0.807628,0.577313,-0.120196,-0.588773,0.778059,-0.219021,-0.0329243,0.247655,0.968289
0.936124,-0.306954,-0.171615,0.345367,0.894426,0.284119,0.0662852,-0.32524,0.943305
0.906056,-0.276388,-0.320424,0.156205,0.922199,-0.353763,0.393271,0.270477,0.878738
0.642755,-0.637806,-0.424346,0.381343,0.746803,-0.544852,0.664412,0.188385,0.723234
0.775996,0.210423,0.594602,-0.418377,0.877189,0.235583,-0.472007,-0.43158,0.768732
0.959732,0.258964,0.108868,-0.110731,0.704908,-0.700603,-0.258173,0.660336,0.705198
0.860023,-0.200691,0.469131,0.344361,0.906738,-0.243396,-0.376532,0.370877,0.848925
0.889224,0.431185,0.152839,-0.239981,0.724102,-0.646595,-0.389473,0.538289,0.747366
0.834513,0.527332,0.159716,-0.510604,0.849075,-0.135486,-0.207057,0.0315132,0.977821
0.890639,0.320029,0.323021,-0.452476,0.694101,0.559902,-0.045024,-0.64483,0.762999
0.884116,0.428342,-0.186715,-0.396732,0.899232,0.184353,0.246866,-0.0889137,0.964962
0.706955,-0.290342,0.644915,0.535753,0.815124,-0.220322,-0.461717,0.501273,0.731808
0.810101,-0.546152,-0.213198,0.475914,0.824944,-0.304915,0.342406,0.145548,0.92821
0.753857,-0.628699,0.190882,0.509911,0.743029,0.433472,-0.414354,-0.229443,0.880719
0.807397,0.560903,-0.183026,-0.437076,0.776986,0.453053,0.396327,-0.285798,0.872493
0.885483,0.123132,0.448061,-0.00161373,0.965061,-0.26202,-0.464669,0.231292,0.854744
0.922386,0.106855,-0.371195,-0.116164,0.993226,-0.00273848,0.368388,0.0456454,0.928551
0.938453,-0.00529156,-0.345366,-0.0680617,0.977446,-0.199918,0.338634,0.21112,0.916927
0.934709,-0.274587,-0.225655,0.126402,0.850229,-0.511013,0.332176,0.449125,0.829425
0.801053,-0.455648,-0.388199,0.534517,0.836417,0.121238,0.269455,-0.304617,0.913566
0.615809,-0.561425,-0.552794,0.519323,0.816858,-0.251089,0.592522,-0.132455,0.79459
0.718967,-0.493695,0.489235,0.451287,0.866922,0.211627,-0.528608,0.0686328,0.846087
0.875906,-0.0627599,-0.478383,0.0414082,0.997624,-0.0550629,0.480702,0.0284209,0.876423
0.746219,-0.643059,-0.17214,0.664558,0.734743,0.136072,0.0389767,-0.215937,0.975629
0.939628,-0.0174525,-0.341754,-0.211622,0.755192,-0.620405,0.268917,0.655272,0.705905
0.926671,0.347815,-0.142497,-0.374625,0.885518,-0.274798,0.0306044,0.30803,0.950884
0.865244,-0.493097,-0.0905985,0.447051,0.677034,0.584611,-0.226931,-0.546333,0.80624
0.75824,0.334532,-0.559607,-0.52376,0.823694,-0.217266,0.388262,0.457839,0.799772
0.91691,0.0216891,-0.398505,-0.122504,0.965613,-0.229312,0.379828,0.259076,0.888037
0.982736,-0.122158,-0.138954,0.0442308,0.884381,-0.464665,0.179651,0.450497,0.874516
0.875662,-0.18221,0.447232,0.432586,0.707631,-0.558684,-0.214677,0.682684,0.698467
0.661721,0.343134,-0.666622,-0.47585,0.879305,-0.019742,0.57939,0.330276,0.745134
0.748811,0.559472,0.35535,-0.627391,0.771196,0.107877,-0.21369,-0.303722,0.928488
0.802565,-0.596228,-0.02004,0.559826,0.764321,-0.320011,0.206117,0.245611,0.947202
0.729548,-0.0324933,-0.683157,-0.280291,0.896929,-0.341986,0.623856,0.440978,0.645246
0.840947,-0.124549,0.526588,0.093244,0.991947,0.0857077,-0.533023,-0.0229745,0.845789
0.880869,-0.294684,0.370446,0.246181,0.953622,0.173207,-0.404307,-0.0613758,0.912562
0.766866,0.62003,-0.165767,-0.422184,0.681868,0.597341,0.483401,-0.388096,0.784669
0.90476,-0.196196,0.378043,0.329859,0.884278,-0.330522,-0.269449,0.423744,0.864777
0.893549,0.348034,0.283622,-0.434399,0.829809,0.350306,-0.113433,-0.436221,0.892661
0.867529,0.0377497,0.495952,0.148872,0.931697,-0.331326,-0.474585,0.361269,0.802654
0.977468,0.207559,0.0384022,-0.195197,0.819587,0.538678,0.0803337,-0.534037,0.841636
0.832877,0.535777,-0.138777,-0.538511,0.726614,-0.426659,-0.127757,0.430087,0.893702
0.750442,0.284933,0.596364,-0.267478,0.956038,-0.120195,-0.604394,-0.0693147,0.793665
0.838497,0.296515,0.457167,0.0132318,0.827656,-0.56108,-0.544745,0.476513,0.690064
0.796018,-0.345765,0.496792,0.339581,0.934548,0.106325,-0.501039,0.0840649,0.861332
0.726779,-0.271343,-0.631004,0.48967,0.848907,0.198948,0.48168,-0.453575,0.749836
0.813851,0.572287,0.100669,-0.578448,0.814374,0.0468289,-0.0551823,-0.0963432,0.993817
0.696786,-0.21921,-0.682961,0.320144,0.947098,0.0226351,0.64187,-0.234418,0.730104
0.928453,0.371403,-0.00587566,-0.332021,0.836888,0.435178,0.166544,-0.402091,0.900325
0.700355,0.639045,0.318001,-0.618271,0.765741,-0.17715,-0.356713,-0.0725431,0.931393
0.643013,0.414893,0.643738,-0.618413,0.777116,0.116861,-0.451774,-0.473239,0.75627
0.606568,-0.691955,-0.391501,0.411385,0.694557,-0.590215,0.680321,0.196948,0.705956
0.666501,-0.700593,0.254845,0.58399,0.703134,0.405658,-0.463391,-0.121545,0.877779
0.646534,-0.514534,-0.563248,0.650661,0.757374,0.0550017,0.398289,-0.402044,0.824455
0.885901,0.456571,0.0819898,-0.449234,0.800377,0.39697,0.115622,-0.388509,0.914162
0.83434,0.268176,0.48162,-0.5169,0.684194,0.514483,-0.19155,-0.678203,0.709471
0.809931,0.0370186,0.585357,-0.233274,0.936008,0.263576,-0.538141,-0.350027,0.766737
0.665787,0.66262,0.34302,-0.587612,0.748952,-0.306239,-0.459826,0.00232754,0.888006
0.9947,-0.101114,-0.0186405,0.0903605,0.773202,0.627689,-0.049055,-0.626047,0.778241
0.774266,-0.426438,-0.467613,0.474228,0.880228,-0.0175015,0.419069,-0.208205,0.88376
0.704129,-0.608172,0.366508,0.644982,0.763681,0.0280991,-0.296984,0.216606,0.92999
0.898807,0.207146,-0.386312,-0.272189,0.95455,-0.12144,0.343598,0.214301,0.914339
0.798711,0.439809,-0.410644,-0.0337196,0.7141,0.699231,0.600769,-0.544637,0.58519
0.781258,-0.0649537,0.62082,0.039332,0.997717,0.0548904,-0.622968,-0.0184655,0.782029
0.871488,0.312058,0.378323,-0.477915,0.713472,0.512402,-0.110024,-0.627358,0.770919
0.611436,0.693446,-0.381155,-0.493418,0.710691,0.501456,0.618615,-0.11854,0.7767
0.77265,-0.27931,-0.570085,0.279939,0.95589,-0.0889253,0.569777,-0.0908809,0.816759
0.782553,0.0894352,-0.616126,-0.0906815,0.995448,0.0293203,0.615944,0.0329266,0.787101
0.810921,0.336328,0.478843,-0.432542,0.895663,0.103418,-0.394099,-0.290984,0.871788
0.640513,0.664245,-0.385385,-0.509994,0.74312,0.433219,0.574151,-0.0809391,0.814739
0.832198,-0.233739,-0.502805,0.0766044,0.946577,-0.313246,0.549161,0.222166,0.805645
0.991832,-0.0602661,0.112413,0.00362079,0.894282,0.44749,-0.127497,-0.443428,0.887196
0.980729,0.149803,-0.125418,-0.11725,0.964776,0.2355,0.156279,-0.216256,0.963748
0.856519,0.503108,0.11514,-0.51608,0.837477,0.179705,-0.00601541,-0.213342,0.976959
0.733405,-0.677865,-0.0511588,0.581139,0.664238,-0.470175,0.352697,0.315098,0.881089
0.950299,-0.0511101,0.307116,-0.113483,0.861709,0.49455,-0.289921,-0.504822,0.81308
0.979218,0.202046,0.0176046,-0.187886,0.936413,-0.29636,-0.0763636,0.286894,0.954914
0.69518,-0.0486437,0.717188,0.4853,0.767777,-0.418334,-0.530291,0.638869,0.55735
0.70233,0.480373,-0.525332,-0.661868,0.712323,-0.233508,0.262035,0.511701,0.81823
0.979522,-0.198133,-0.0357769,0.197871,0.980169,-0.0107784,0.0372029,0.00347848,0.999302
0.99061,0.0814827,0.109785,-0.0125439,0.853777,-0.520487,-0.136143,0.514223,0.846782
0.846539,-0.508069,0.158865,0.487012,0.618693,-0.616472,0.214921,0.599237,0.771183
0.814017,-0.324196,0.481947,0.0584458,0.871246,0.487354,-0.577893,-0.368547,0.728157
0.773105,-0.6231,-0.118555,0.599303,0.778811,-0.185176,0.207715,0.0721101,0.975528
0.865641,0.498417,-0.0473856,-0.447724,0.728274,-0.518806,-0.224072,0.470316,0.853578
0.875365,-0.240987,-0.419119,-0.0619588,0.803845,-0.591604,0.479475,0.543838,0.688726
0.914449,-0.240186,0.325719,0.381094,0.781923,-0.493319,-0.136199,0.575244,0.806563
0.997788,0.0246993,-0.0617175,0.0157322,0.814303,0.580226,0.0645879,-0.579914,0.812114
0.743268,0.608605,-0.277762,-0.448216,0.761257,0.468604,0.496644,-0.223801,0.838605
0.793587,-0.602356,0.0859438,0.577707,0.790263,0.204302,-0.19098,-0.112481,0.975128
0.805571,0.56105,-0.19047,-0.35692,0.716111,0.599827,0.472931,-0.415221,0.777128
0.603097,-0.47628,-0.639868,0.731248,0.650588,0.204966,0.318669,-0.591517,0.740647
0.868362,-0.456315,0.194227,0.46759,0.883834,-0.0140566,-0.16525,0.103025,0.980856
0.943574,0.320325,-0.0840265,-0.311993,0.774788,-0.549876,-0.111037,0.545064,0.831009
0.794354,-0.0309206,0.606668,0.351635,0.837772,-0.417721,-0.495333,0.545144,0.67636
0.811083,0.271599,0.518053,0.0564962,0.845148,-0.531538,-0.582197,0.460389,0.670141
0.829227,-0.402272,0.388021,0.429712,0.902794,0.0176277,-0.357394,0.15212,0.921482
0.788513,-0.0739957,-0.610551,0.0398263,0.996796,-0.0693719,0.613727,0.0303847,0.788933
0.716568,-0.362324,-0.596029,-0.0444544,0.829042,-0.557416,0.696099,0.425923,0.577958
0.832132,0.472237,0.290773,-0.248949,0.786599,-0.565055,-0.495561,0.397812,0.772117
0.867896,-0.495314,-0.037681,0.49488,0.868714,-0.0207482,0.0430109,-0.000640236,0.999074
0.673304,-0.282453,-0.683288,0.617482,0.723118,0.309542,0.406667,-0.630334,0.661288
0.984397,0.110761,-0.136731,-0.173134,0.748473,-0.640166,0.0314341,0.65385,0.755971
0.816787,0.369345,-0.443218,-0.377358,0.923119,0.0738416,0.436416,0.106939,0.893367
0.798407,0.362992,-0.480398,-0.595484,0.594129,-0.540749,0.0891305,0.717808,0.690513
0.756839,0.113531,0.643666,0.178659,0.911359,-0.370819,-0.62871,0.395647,0.669468
0.997369,-0.0562393,-0.0457382,0.0724026,0.803874,0.590376,0.00356538,-0.592134,0.805831
0.830217,0.0587323,0.554337,-0.309621,0.875518,0.37095,-0.463545,-0.479603,0.745055
0.889916,-0.149434,-0.430951,0.348694,0.831961,0.431571,0.294043,-0.534332,0.792482
0.894689,-0.329891,0.30117,0.168696,0.873835,0.45602,-0.413609,-0.35719,0.837462
0.809404,0.51657,-0.279323,-0.504652,0.855081,0.119009,0.30032,0.0446349,0.952794
0.752634,0.503338,0.424491,-0.107806,0.730195,-0.67468,-0.649554,0.462025,0.603832
0.71649,0.207202,0.666115,-0.350075,0.932727,0.0864153,-0.603398,-0.295106,0.740826
0.844747,0.321681,0.427695,-0.122096,0.893951,-0.431211,-0.521051,0.312045,0.794439
0.997965,-0.0586836,-0.02495,0.0637196,0.902589,0.425762,-0.00246569,-0.426485,0.904491
0.916005,-0.379241,0.130812,0.392336,0.778828,-0.489387,0.0837157,0.499603,0.8622
0.724641,-0.68911,0.00487785,0.678588,0.712307,-0.179269,0.120061,0.133215,0.983788
0.807799,0.156472,0.568311,-0.124796,0.987667,-0.094547,-0.576096,0.00545177,0.817364
0.843906,0.529464,-0.0865471,-0.50252,0.723624,-0.473119,-0.187872,0.442759,0.876737
0.935127,-0.188376,0.300088,0.223333,0.970899,-0.0864764,-0.275065,0.147886,0.949984
0.805067,-0.0278827,-0.592529,-0.199134,0.928223,-0.314243,0.55876,0.370979,0.741729
0.95933,0.185419,0.212851,-0.210459,0.972315,0.101541,-0.18813,-0.142208,0.971794
0.961409,-0.265089,-0.0736188,0.266686,0.963701,0.0126049,0.0676051,-0.0317515,0.997207
0.694122,0.688038,0.211656,-0.459682,0.649925,-0.605219,-0.553974,0.322801,0.767406
0.767077,0.636255,0.0822889,-0.612481,0.688092,0.389097,0.190943,-0.348868,0.917514
0.97458,-0.000284332,-0.224042,-0.0291924,0.991313,-0.128245,0.222132,0.131525,0.966105
0.699493,-0.405922,0.588164,0.165106,0.89255,0.419636,-0.695306,-0.196423,0.691352
0.982874,-0.158117,-0.0946435,0.0635553,0.772938,-0.631291,0.172971,0.614464,0.76975
0.792642,0.558643,-0.244205,-0.307666,0.712305,0.630844,0.526365,-0.4249,0.736478
0.70205,0.568388,0.429022,-0.532941,0.81894,-0.212866,-0.472334,-0.0792007,0.877854
0.809984,0.129395,0.571999,-0.0299653,0.983213,-0.179985,-0.585686,0.128645,0.800264
0.870307,-0.38561,-0.306383,0.414688,0.909348,0.0334627,0.265705,-0.156176,0.95132
0.665076,-0.652624,0.362981,0.526184,0.754446,0.392355,-0.52991,-0.0699512,0.845164
0.995798,-0.0491657,0.0772591,0.0508926,0.998493,-0.0205433,-0.0761326,0.0243889,0.996799
0.778661,0.372437,-0.504954,-0.167457,0.89894,0.404802,0.604686,-0.230645,0.762337
0.633373,-0.419337,-0.650381,0.666108,0.72321,0.182394,0.393877,-0.548747,0.737385
0.874856,0.0385547,0.482847,-0.359118,0.72057,0.593138,-0.325057,-0.692309,0.644241
0.657812,-0.618432,0.429913,0.386895,0.767183,0.511607,-0.646217,-0.17021,0.743931
0.825592,0.29014,-0.48396,-0.452776,0.852467,-0.26133,0.336738,0.434877,0.835158
0.970041,0.15728,0.18516,-0.0193162,0.809674,-0.586563,-0.242173,0.565413,0.788454
0.984458,0.172881,-0.0309045,-0.157485,0.946895,0.280335,0.077728,-0.271111,0.959405
0.941401,0.325057,0.090008,-0.229257,0.812409,-0.536128,-0.247395,0.484077,0.839324
0.58936,-0.559911,0.58237,0.684916,0.728585,0.00735089,-0.428422,0.394542,0.812891
0.967061,0.0558644,-0.248339,-0.053985,0.998438,0.0143767,0.248755,-0.000496577,0.968566
0.657523,0.364614,-0.659333,-0.57886,0.80462,-0.132313,0.48227,0.468661,0.740117
0.814022,0.309264,-0.491654,-0.235463,0.949494,0.207408,0.530966,-0.0530688,0.84573
0.691774,0.471426,-0.546997,-0.479072,0.866404,0.140835,0.540313,0.164625,0.825203
0.933873,0.067702,0.351138,-0.0340203,0.994282,-0.101226,-0.355983,0.0825862,0.930836
0.910617,0.108016,-0.398886,-0.20552,0.955777,-0.210363,0.358523,0.273539,0.892545
0.787613,0.615877,0.019022,-0.49515,0.650991,-0.575358,-0.366733,0.443741,0.81768
0.975367,-0.041548,-0.216642,0.146561,0.856055,0.495671,0.164864,-0.515212,0.841057
0.896215,0.324328,-0.302673,-0.160739,0.873323,0.459858,0.413476,-0.363481,0.834817
0.98256,0.141486,-0.120653,-0.185624,0.708243,-0.681128,-0.010919,0.691646,0.722154
0.719358,0.56885,-0.398665,-0.31811,0.779973,0.538932,0.617519,-0.260866,0.742037
0.699727,-0.499228,0.511032,0.551263,0.832295,0.0582576,-0.454413,0.240949,0.857585
0.903784,0.289087,0.3156,-0.198944,0.93666,-0.288253,-0.37894,0.197732,0.90405
0.941339,0.001918,0.337457,-0.0294621,0.996633,0.07652,-0.336174,-0.0819735,0.938226
0.773417,-0.199034,0.60184,0.546354,0.690744,-0.473677,-0.321439,0.695168,0.642976
0.949675,-0.28934,-0.120003,0.148787,0.753803,-0.640034,0.275646,0.589969,0.758918
0.735447,-0.658498,0.159681,0.608474,0.53815,-0.583227,0.298121,0.526095,0.79646
0.979018,-0.162802,-0.122556,0.0666686,0.824225,-0.562324,0.192561,0.542354,0.817785
0.890286,0.40038,0.216995,-0.448461,0.687919,0.570657,0.0792049,-0.605362,0.792
0.971294,-0.127636,-0.20074,0.0609647,0.949244,-0.308575,0.229937,0.287479,0.929777
0.922981,-0.347598,-0.165173,0.371881,0.695101,0.615256,-0.0990501,-0.629294,0.77083
0.768809,0.187447,0.611389,-0.0773042,0.976305,-0.202118,-0.634789,0.108127,0.765083
0.904089,0.309409,-0.294771,-0.414558,0.802468,-0.42917,0.103755,0.510208,0.85377
0.790935,0.458491,0.405225,-0.0577215,0.715192,-0.69654,-0.609171,0.527528,0.592135
0.902501,-0.0583648,0.426716,0.313938,0.767431,-0.559011,-0.294848,0.63847,0.71093
0.963897,-0.258635,-0.0633295,0.262989,0.887433,0.378549,-0.0417055,-0.381538,0.923412
0.920626,-0.346038,-0.180845,0.164389,0.76365,-0.624352,0.354152,0.545065,0.759921
0.997872,-0.0231131,-0.0609651,-0.0236164,0.743427,-0.668401,0.0607719,0.668418,0.741299
0.89512,-0.124823,-0.427994,0.299698,0.879204,0.37038,0.330062,-0.459804,0.824403
0.764248,-0.603363,0.227769,0.637044,0.761298,-0.12083,-0.100496,0.237443,0.966189
0.769351,-0.424648,-0.477256,0.410332,0.901081,-0.140288,0.48962,-0.0879029,0.867494
0.694604,0.518241,-0.49895,-0.583007,0.811852,0.0316185,0.421459,0.268929,0.866054
0.944113,-0.200951,-0.261284,-0.0120272,0.771149,-0.636541,0.329402,0.60411,0.725635
0.871725,0.330045,-0.362169,-0.346098,0.937947,0.0217084,0.34686,0.106422,0.93186
0.874581,-0.0692474,-0.479909,0.119552,0.989989,0.0750227,0.469909,-0.122988,0.874105
0.915379,-0.206775,0.345436,0.0940787,0.944134,0.315848,-0.391448,-0.256623,0.883693
0.775646,-0.38167,-0.502694,0.0926362,0.856665,-0.507487,0.624333,0.347062,0.699825
0.954856,0.0815391,-0.28566,0.132603,0.743492,0.655466,0.265832,-0.663755,0.699116
0.577832,0.462976,0.672134,-0.716244,0.682482,0.145649,-0.391287,-0.565572,0.725963
0.803818,-0.16535,0.571434,0.51748,0.668156,-0.534586,-0.293413,0.725415,0.622641
0.641178,0.518759,-0.565491,-0.366105,0.854416,0.368701,0.674432,-0.0293734,0.737753
0.855859,0.0672369,-0.512821,0.311776,0.724051,0.615261,0.412677,-0.686462,0.598722
0.63483,0.482889,-0.603166,-0.667269,0.736212,-0.112893,0.389543,0.474141,0.789586
0.937086,0.331428,0.109658,-0.207863,0.78209,-0.587476,-0.280468,0.527722,0.801777
0.830865,-0.144799,-0.537304,-0.231592,0.787984,-0.570479,0.505992,0.598426,0.621175
0.864002,-0.455576,0.214362,0.49464,0.84751,-0.192503,-0.0939743,0.272355,0.957597
0.827621,0.311201,0.467116,-0.430629,0.885829,0.172819,-0.360003,-0.344182,0.867143
0.760906,0.390627,-0.518105,-0.565633,0.790567,-0.234656,0.317934,0.471609,0.822498
0.797801,-0.417891,-0.434605,0.5648,0.770249,0.296171,0.210987,-0.48175,0.85053
0.960147,-0.263983,-0.0918195,0.255727,0.697167,0.669747,-0.112788,-0.666537,0.73689
0.92,0.201788,-0.33598,-0.0578691,0.917813,0.392774,0.387623,-0.341909,0.856064
0.541103,0.68029,-0.494382,-0.496927,0.732921,0.46464,0.678433,-0.0057466,0.73464
0.876425,0.36366,-0.315644,-0.168187,0.845384,0.50699,0.451213,-0.391251,0.802078
0.982749,-0.0353618,0.18153,-0.0484547,0.898031,0.437255,-0.178481,-0.438508,0.880826
0.869765,-0.469759,0.151112,0.338708,0.791013,0.509486,-0.358867,-0.391951,0.847106
0.755918,-0.629107,-0.181139,0.613068,0.777307,-0.141216,0.22964,-0.00430276,0.973266
0.91394,-0.0827107,-0.397331,-0.10157,0.901245,-0.421238,0.392933,0.425344,0.815283
0.679795,-0.530818,0.506074,0.449908,0.846773,0.283827,-0.579191,0.0347428,0.814451
0.780892,-0.57516,0.243717,0.589138,0.548409,-0.593434,0.207663,0.606991,0.767097
0.846039,-0.335889,0.414001,0.0888503,0.854537,0.511735,-0.525665,-0.396164,0.752815
0.965039,-0.246364,0.0894616,0.217587,0.943319,0.250608,-0.146132,-0.222381,0.963946
0.815186,-0.28158,-0.506147,0.225451,0.959215,-0.170526,0.53352,0.0248987,0.845421
0.661374,0.676757,0.323395,-0.522949,0.725139,-0.447993,-0.537689,0.127172,0.833497
0.779886,-0.403379,0.478606,0.00832068,0.771255,0.636471,-0.625867,-0.492393,0.604847
0.836235,-0.149295,-0.527657,-0.125148,0.884875,-0.448702,0.5339,0.441256,0.72128
0.816625,0.513538,0.263443,-0.413443,0.838968,-0.353831,-0.402726,0.180029,0.897442
0.691826,0.663748,0.284281,-0.710114,0.69676,0.101313,-0.130829,-0.271963,0.953373
0.661037,0.67261,0.332604,-0.448502,0.709545,-0.5435,-0.601561,0.2101,0.770702
0.945289,-0.287527,0.154134,0.326234,0.833109,-0.446654,1.4961e-05,0.472501,0.88133
0.805613,-0.51385,-0.294866,0.581879,0.779852,0.230755,0.111378,-0.357476,0.927257
0.998664,-0.0051036,0.0514256,-0.001337,0.992227,0.124435,-0.051661,-0.124337,0.990894
0.902155,-0.124062,-0.413188,0.184039,0.976911,0.10851,0.390186,-0.173935,0.904158
0.923736,0.106271,-0.367992,0.0982004,0.862923,0.495703,0.370227,-0.494035,0.786677
0.738737,-0.0559499,0.671668,-0.00231305,0.996332,0.0855385,-0.67399,-0.0647441,0.735898
0.93619,0.316945,0.151971,-0.31031,0.948328,-0.0661909,-0.165097,0.0148093,0.986166
0.731355,-0.369257,0.573384,0.651673,0.626286,-0.427887,-0.201103,0.686597,0.698672
0.771185,0.018313,-0.636348,0.324808,0.848373,0.418047,0.547516,-0.529083,0.648304
0.973192,-0.222526,0.0581379,0.225476,0.873228,-0.432011,0.045366,0.433539,0.899992
0.94805,-0.306716,-0.0844174,0.303073,0.951473,-0.0533516,0.0966847,0.0249953,0.995001
0.778342,0.627798,-0.00725444,-0.589142,0.726325,-0.354069,-0.217015,0.27986,0.935191
0.920909,0.379892,0.0872268,-0.387248,0.866275,0.315605,0.0443334,-0.324422,0.944873
0.707904,0.549825,0.443356,-0.614054,0.789262,0.00165745,-0.349013,-0.273418,0.896344
0.94483,0.170497,-0.279691,-0.229884,0.953403,-0.195389,0.233345,0.248906,0.939998
0.857004,-0.187241,0.480089,0.36398,0.879448,-0.306742,-0.364779,0.437622,0.821842
0.749653,0.384985,0.538338,-0.541543,0.824412,0.164548,-0.380464,-0.414886,0.826509
0.774325,0.596175,0.212123,-0.617913,0.78463,0.0503899,-0.136397,-0.170092,0.975943
0.655396,0.498208,0.567667,-0.594419,0.803925,-0.0192755,-0.465964,-0.324799,0.823033
0.962773,-0.0654758,-0.26226,0.159062,0.92169,0.353819,0.218556,-0.382363,0.897793
0.979256,-0.196185,-0.0506827,0.106289,0.710301,-0.695827,0.172511,0.676005,0.716419
0.762387,0.632433,-0.137095,-0.601963,0.77084,0.208438,0.237501,-0.076384,0.968379
0.828287,-0.461165,-0.318225,0.13401,0.71452,-0.686661,0.544042,0.526107,0.653628
0.82191,0.49671,-0.278823,-0.381336,0.843428,0.378433,0.423139,-0.204713,0.882636
0.780057,-0.572966,-0.251438,0.465048,0.799743,-0.37966,0.418618,0.179226,0.890302
0.77257,-0.226545,0.593139,0.532539,0.739898,-0.411039,-0.345744,0.633426,0.692267
0.81547,0.303819,-0.492648,-0.10876,0.916428,0.385138,0.568489,-0.260488,0.780363
0.867832,0.250181,0.429276,-0.0729698,0.918788,-0.387949,-0.491471,0.30535,0.815609
0.752298,-0.484831,-0.446079,0.658715,0.565801,0.495948,0.0119405,-0.666939,0.745016
0.851181,0.00199344,-0.524869,0.119054,0.973195,0.196766,0.511192,-0.229971,0.828128
0.916106,0.132877,-0.378276,-0.0522199,0.974992,0.21602,0.39752,-0.178144,0.900135
0.81582,0.0366592,0.577143,-0.3682,0.802498,0.469495,-0.445945,-0.595528,0.668191
0.839077,-0.470003,-0.273946,0.386691,0.869486,-0.307352,0.382649,0.151959,0.911311
0.682382,0.238866,-0.690868,-0.530548,0.811992,-0.243287,0.502866,0.532553,0.680818
0.79075,-0.105702,-0.602944,0.127503,0.991816,-0.00665772,0.598713,-0.0716124,0.797756
0.653965,-0.549331,-0.520159,0.288859,0.816783,-0.499426,0.699207,0.176355,0.692826
0.92164,0.0169186,0.387678,0.218945,0.802165,-0.555513,-0.32038,0.596863,0.735603
0.866024,0.0532788,-0.497156,-0.0170937,0.99688,0.0770563,0.499711,-0.0582344,0.864232
0.986326,-0.132915,0.0974374,0.143495,0.983396,-0.111095,-0.0810534,0.123557,0.989022
0.828463,0.392783,-0.399213,-0.205959,0.876551,0.435017,0.520798,-0.278174,0.807087
0.630014,-0.542116,0.556051,0.706325,0.697617,-0.120143,-0.322779,0.468445,0.822419
0.792441,-0.101591,0.601428,-0.200579,0.887789,0.414245,-0.576025,-0.448899,0.683144
0.908654,-0.00588617,-0.417508,-0.178836,0.898061,-0.401875,0.377314,0.439831,0.814974
0.987355,0.0574101,-0.147761,-0.113486,0.906796,-0.406008,0.11068,0.417643,0.901845
0.838815,-0.540017,0.0690716,0.538934,0.841618,0.0350537,-0.0770615,0.0078215,0.996996
0.865875,0.49221,0.0893858,-0.290656,0.640411,-0.71091,-0.407161,0.589579,0.697579
0.721447,-0.55121,0.419144,0.688157,0.63815,-0.345261,-0.077165,0.537524,0.83971
0.821803,-0.535098,-0.195728,0.526145,0.580867,0.6211,-0.218658,-0.613403,0.758897
0.863994,0.49602,0.0864786,-0.493978,0.801804,0.336299,0.0974723,-0.333279,0.937776
0.898674,0.151568,0.411596,-0.0723509,0.976768,-0.201719,-0.432608,0.1515,0.888762
0.985332,-0.162198,0.0530301,0.168056,0.86838,-0.466554,0.0296241,0.468623,0.882901
0.776468,0.405414,-0.482428,-0.0926458,0.830693,0.548968,0.623309,-0.381561,0.682566
0.720398,-0.494554,-0.486254,0.690466,0.577554,0.435532,0.0654433,-0.649498,0.757542
0.834715,0.450052,-0.317339,-0.179369,0.76704,0.616016,0.520651,-0.457277,0.720986
0.84516,-0.363508,-0.391877,0.28398,0.926483,-0.246952,0.452836,0.0974287,0.886254
0.848467,0.0772468,0.52358,0.286955,0.764111,-0.577747,-0.444702,0.640444,0.626157
0.915237,-0.39775,-0.0643166,0.364511,0.749363,0.552799,-0.17168,-0.529386,0.830829
0.775561,-0.631266,-0.002959,0.608564,0.748899,-0.262298,0.167796,0.201627,0.964982
0.773884,0.274884,0.570563,-0.478028,0.844486,0.24152,-0.415443,-0.459654,0.784937
0.776196,0.119722,0.61902,-0.326471,0.916253,0.232157,-0.539385,-0.382292,0.750278
0.695945,-0.680155,0.230327,0.628663,0.732095,0.262337,-0.347051,-0.037774,0.937085
0.7088,0.130022,-0.693323,-0.513758,0.768657,-0.381077,0.483379,0.626308,0.611624
0.70324,0.265342,0.659581,-0.477358,0.863744,0.161481,-0.526862,-0.428416,0.734082
0.885922,-0.388673,-0.253129,0.285739,0.887209,-0.362235,0.36537,0.248583,0.897057
0.897616,0.379882,-0.223549,-0.263133,0.868706,0.419655,0.353618,-0.317866,0.879724
0.679106,0.486557,-0.549615,-0.698535,0.658421,-0.280233,0.225529,0.574233,0.787015
0.770177,0.214742,0.600594,0.236454,0.7784,-0.581535,-0.592382,0.589898,0.548729
0.808311,-0.0850492,-0.582581,0.241739,0.950198,0.196687,0.536839,-0.299817,0.788615
0.739941,-0.667646,0.0820731,0.659023,0.743965,0.110476,-0.134818,-0.0276577,0.990484
0.756445,-0.165012,-0.632899,-0.263022,0.809215,-0.525348,0.598841,0.563863,0.568725
0.803777,-0.509084,0.307858,0.322335,0.807584,0.493872,-0.500043,-0.297729,0.813212
0.924648,0.209562,0.317977,-0.0130757,0.851952,-0.523456,-0.380598,0.479855,0.790496
0.765242,-0.29775,0.570744,-0.127213,0.799174,0.587484,-0.631048,-0.522173,0.573685
0.909486,0.278229,-0.308908,-0.253472,0.960064,0.118443,0.329525,-0.0294228,0.943688
0.790297,-0.606215,-0.0890709,0.540914,0.62198,0.566174,-0.287823,-0.495626,0.819459
0.790127,0.0986319,-0.604956,0.188712,0.899882,0.393192,0.58317,-0.424834,0.692408
0.761032,-0.473587,0.443334,0.328048,0.870537,0.366811,-0.559656,-0.13372,0.817866
0.75934,-0.413198,0.502664,-0.0349745,0.745469,0.665622,-0.649754,-0.523013,0.551613
0.986647,0.162871,0.0012698,-0.148303,0.895116,0.420445,0.0673417,-0.415019,0.907317
0.94213,0.124951,-0.311092,-0.259165,0.860086,-0.439414,0.212661,0.49461,0.842696
0.937293,-0.341495,0.06974,0.243046,0.783792,0.571488,-0.249822,-0.518702,0.817641
0.805137,0.592305,0.0304741,-0.563406,0.747781,0.35128,0.185277,-0.299998,0.935775
0.928557,-0.114864,0.352972,0.103477,0.993322,0.0510322,-0.356476,-0.0108619,0.934241
0.682635,0.330684,-0.651658,-0.324494,0.936183,0.135148,0.654762,0.119202,0.746376
0.801449,0.0515983,0.595833,0.381392,0.723308,-0.575644,-0.460673,0.688595,0.560015
0.685545,0.509651,0.519888,-0.525719,0.840548,-0.130764,-0.503635,-0.18367,0.844166
0.900181,0.237667,0.364949,-0.231712,0.970887,-0.0607343,-0.368759,-0.0298912,0.929044
0.792264,-0.549896,-0.264447,0.354731,0.767713,-0.53365,0.496472,0.328984,0.803296
0.639199,-0.458495,-0.617419,0.584609,0.811311,0.00275231,0.499657,-0.362708,0.786629
0.941344,0.00937327,0.337317,0.135118,0.905512,-0.402233,-0.309215,0.424217,0.851132
0.997649,0.0182788,-0.0660489,0.00347375,0.949047,0.315116,0.0684434,-0.314604,0.946752
0.95067,-0.057756,0.304778,0.131407,0.964984,-0.227021,-0.280994,0.255872,0.924971
0.95703,0.191665,0.21762,-0.245138,0.935619,0.254016,-0.154924,-0.296448,0.9424
0.912515,0.156312,-0.377999,-0.301224,0.881982,-0.362453,0.276733,0.444606,0.851906
0.599323,-0.669097,0.439456,0.377757,0.720395,0.581662,-0.70577,-0.182596,0.684505
0.759137,-0.648655,0.0543836,0.591078,0.651929,-0.47499,0.27265,0.392727,0.878309
0.769575,0.615414,0.170353,-0.328423,0.610252,-0.720924,-0.547625,0.498857,0.671751
0.785236,0.0298584,-0.618476,-0.44203,0.726487,-0.526142,0.433605,0.686531,0.583663
0.897541,-0.222237,-0.38083,0.0888865,0.937156,-0.337398,0.43188,0.268978,0.86089
0.886642,-0.134708,-0.442401,0.162012,0.986489,0.0243191,0.433148,-0.0932368,0.896487
0.81475,-0.376194,-0.441204,0.156521,0.875395,-0.457368,0.558287,0.303582,0.77211
0.983544,-0.0056041,-0.180581,0.120355,0.765768,0.631755,0.134743,-0.643093,0.753841
0.988146,0.019273,0.152305,0.0668387,0.839117,-0.539829,-0.138206,0.54361,0.827882
0.950636,0.284726,-0.123376,-0.300274,0.944351,-0.134299,0.0782719,0.164716,0.98323
0.951205,0.275662,-0.138637,-0.30043,0.929858,-0.212384,0.0703663,0.243671,0.967302
0.89409,0.429814,0.125951,-0.446828,0.836649,0.316801,0.0307887,-0.339527,0.940092
0.932228,0.351075,-0.0877348,-0.359797,0.925152,-0.120994,0.0386901,0.144361,0.988768
0.781874,-0.207805,-0.587784,0.105587,0.973332,-0.203658,0.61443,0.0971725,0.782965
0.894747,0.445237,-0.0345219,-0.443965,0.895202,0.0388547,0.0482037,-0.0194386,0.998648
0.981854,-0.136172,-0.131984,0.149475,0.984023,0.0967264,0.116703,-0.114699,0.986521
0.969789,0.128707,0.207227,-0.0870096,0.976116,-0.199067,-0.227899,0.175022,0.957825
0.922242,0.381218,-0.0643651,-0.343484,0.88434,0.316167,0.177449,-0.269474,0.946518
0.857992,0.511359,0.0485987,-0.491169,0.84443,-0.213752,-0.150342,0.159527,0.975678
0.729479,0.160223,-0.664973,-0.133403,0.986835,0.0914309,0.670868,0.0220123,0.74125
0.761227,-0.415938,0.497522,0.399254,0.905163,0.145861,-0.511008,0.0876047,0.8551
0.944385,0.278213,0.175311,-0.328196,0.764062,0.555424,0.0205775,-0.582071,0.812878
0.87565,0.0114898,-0.482809,-0.347961,0.708273,-0.614226,0.334903,0.705845,0.624197
0.846851,0.531641,0.014187,-0.509018,0.80251,0.311253,0.15409,-0.270807,0.950221
0.764737,-0.36084,0.533827,0.218704,0.924662,0.311718,-0.60609,-0.121632,0.786041
0.581781,0.610138,0.537832,-0.545371,0.783214,-0.298573,-0.603408,-0.119614,0.78841
0.886003,0.445964,0.126943,-0.441211,0.895049,-0.0649562,-0.142589,0.00154251,0.989781
0.891883,-0.434121,0.126825,0.340344,0.828912,0.443926,-0.297844,-0.352766,0.887043
0.83383,0.456114,-0.310946,-0.480992,0.876717,-0.00380469,0.270876,0.152735,0.95042
0.700259,0.388328,0.599032,-0.426057,0.90062,-0.085781,-0.572811,-0.195153,0.796117
0.938688,0.264316,0.221364,-0.340993,0.806513,0.48297,-0.0508761,-0.528842,0.847194
0.863118,-0.193994,0.466256,0.138178,0.978761,0.151441,-0.485732,-0.0662851,0.871591
0.873794,0.471114,-0.120565,-0.477679,0.785048,-0.394362,-0.0911398,0.402183,0.911012
0.959988,-0.143986,-0.240188,0.178711,0.97533,0.129594,0.215603,-0.167333,0.962037
0.939408,-0.248878,0.235739,0.29274,0.940245,-0.173902,-0.178372,0.232375,0.95613
0.659199,-0.552429,0.510175,0.581516,0.804649,0.119913,-0.476755,0.217628,0.85167
0.912338,-0.271632,0.30636,0.330786,0.929949,-0.160548,-0.241289,0.247814,0.938279
0.758716,0.482638,-0.437505,-0.436999,0.875173,0.207617,0.483096,0.0336668,0.87492
0.851696,-0.513529,0.10441,0.494829,0.853691,0.162346,-0.172503,-0.0866043,0.981194
0.796026,0.588445,-0.141686,-0.37749,0.665655,0.643743,0.473121,-0.458951,0.752011
0.734354,-0.471989,0.487802,0.637397,0.726579,-0.256533,-0.233345,0.499309,0.83441
0.75026,0.405749,-0.521995,-0.390287,0.909094,0.145686,0.533654,0.0944254,0.840415
0.771533,0.0941037,0.629191,0.342445,0.772069,-0.535389,-0.536161,0.628533,0.563451
0.975772,0.166845,0.141536,-0.156413,0.984285,-0.0819593,-0.152986,0.0578355,0.986534
0.784428,0.608531,0.119844,-0.620216,0.768905,0.155298,0.00235494,-0.19615,0.980571
0.980849,0.0906953,0.172363,-0.161212,0.874649,0.457166,-0.109294,-0.476198,0.87252
0.925674,0.0413795,0.376052,-0.117695,0.976174,0.182298,-0.359549,-0.213008,0.908489
0.826269,-0.337708,-0.450814,0.00973519,0.808785,-0.588023,0.563192,0.481477,0.671562
0.846478,0.357898,-0.394187,-0.516136,0.733323,-0.442539,0.130683,0.578054,0.805466
0.829731,0.0896164,0.550922,0.0662436,0.96424,-0.256617,-0.554219,0.249418,0.794124
0.953882,-0.0534726,-0.295381,-0.00557743,0.980679,-0.195543,0.30013,0.188172,0.935154
0.877753,0.463282,-0.122146,-0.471308,0.880752,-0.0462995,0.086131,0.0982081,0.991432
0.90005,-0.102048,0.42367,0.0338456,0.985628,0.165502,-0.434471,-0.134621,0.890569
0.815493,-0.564413,0.128094,0.516562,0.60998,-0.600906,0.261025,0.556204,0.788989
0.946994,-0.266329,0.179643,0.321047,0.764632,-0.558809,0.0114661,0.586862,0.809606
0.830348,0.471659,-0.296748,-0.556454,0.673472,-0.486615,-0.029665,0.569187,0.821673
0.945391,0.169648,-0.278307,0.0614005,0.745883,0.663241,0.320102,-0.644111,0.694735
0.774428,-0.631004,0.0457664,0.599698,0.7552,0.264641,-0.201552,-0.177499,0.96326
0.827058,0.479326,0.293634,-0.562082,0.699433,0.441427,0.00621031,-0.530132,0.847893
0.641028,0.385777,-0.66352,-0.359601,0.914703,0.184406,0.678063,0.120393,0.725077
0.928103,-0.21846,-0.301495,0.336684,0.838161,0.429105,0.158959,-0.499762,0.851452
0.645798,-0.59074,0.483705,0.269395,0.769085,0.579598,-0.714403,-0.243996,0.655816
0.743312,-0.560152,0.365673,0.165589,0.683703,0.710725,-0.648126,-0.467739,0.60096
0.882962,-0.0625188,-0.465262,-0.0113686,0.987954,-0.15433,0.469306,0.141557,0.871616
0.885965,0.311739,-0.343344,-0.449311,0.760329,-0.469062,0.11483,0.569841,0.813693
0.816953,0.38772,-0.42692,-0.569003,0.662478,-0.487194,0.0939301,0.640934,0.761827
0.946547,-0.103403,-0.305544,0.278524,0.739793,0.612479,0.162707,-0.664841,0.729049
0.74441,0.328558,0.581294,-0.642301,0.590273,0.488903,-0.182489,-0.737311,0.650439
0.968594,-0.245981,0.0363088,0.198059,0.851547,0.485428,-0.150325,-0.462992,0.873522
0.759616,0.501482,0.414124,-0.649986,0.563434,0.509962,0.0224054,-0.65655,0.75395
0.657501,0.316862,0.683587,-0.394731,0.91766,-0.0456936,-0.641779,-0.239789,0.728437
0.909046,-0.223464,0.35171,0.195655,0.974115,0.113218,-0.367906,-0.0341063,0.929237
0.968171,0.141312,0.20658,-0.219769,0.874945,0.431478,-0.119773,-0.463144,0.878153
0.842551,0.13496,-0.521434,0.167007,0.854926,0.491131,0.512071,-0.500886,0.69778
0.713488,0.389368,-0.582518,-0.274457,0.92025,0.278951,0.644677,-0.0391524,0.763452
0.615256,-0.370303,-0.695942,0.65685,0.728947,0.192832,0.435898,-0.57577,0.691723
0.850593,-0.5247,0.0343651,0.519702,0.828948,-0.206773,0.0800067,0.193739,0.977785
0.814875,0.0390597,-0.578319,0.240267,0.885213,0.398334,0.527494,-0.463543,0.711953
0.814187,0.580482,0.0118316,-0.578023,0.808483,0.110657,0.0546687,-0.0969344,0.993788
0.846677,-0.0295109,-0.531288,-0.196954,0.910166,-0.364428,0.494315,0.413192,0.764804
0.777,-0.603656,-0.178523,0.623444,0.777175,0.0855343,0.0871105,-0.177759,0.980211
0.986589,0.0562427,-0.153228,0.0278791,0.8669,0.497702,0.160826,-0.495299,0.853706
0.819141,-0.529956,-0.219441,0.566743,0.806733,0.167286,0.0883767,-0.261397,0.961177
0.901858,0.257225,0.347114,-0.416254,0.732494,0.538688,-0.115695,-0.630308,0.767676
0.586128,0.522526,-0.61921,-0.695717,0.716275,-0.054112,0.41525,0.462511,0.783359
0.79607,-0.582347,-0.164756,0.60362,0.744309,0.285739,-0.0437695,-0.326918,0.944038
0.636485,0.334724,-0.694872,-0.549193,0.82925,-0.103592,0.541548,0.447553,0.711633
0.714908,0.395864,-0.576366,-0.556014,0.821672,-0.125316,0.423976,0.410057,0.807526
0.883075,0.308895,0.353216,-0.398504,0.891129,0.216987,-0.247735,-0.332373,0.91003
0.745073,0.284592,-0.603219,-0.623925,0.617072,-0.479521,0.235762,0.733641,0.637328
0.928045,0.14073,0.344858,-0.291138,0.851568,0.435971,-0.232315,-0.505002,0.831266
0.743196,-0.668876,0.0162522,0.665745,0.73686,-0.117564,0.0666601,0.0981929,0.992932
0.956232,-0.220895,-0.191903,0.107495,0.875159,-0.471743,0.272151,0.430467,0.8606
0.820825,0.569909,0.0380803,-0.561708,0.817508,-0.127143,-0.103591,0.0829719,0.991153
0.716377,-0.0398268,0.696575,0.284982,0.927994,-0.240025,-0.636858,0.37046,0.676144
0.904666,0.358689,-0.230048,-0.153575,0.778032,0.609164,0.397485,-0.51576,0.758944
0.92227,0.027518,0.385565,0.0816512,0.961087,-0.263903,-0.377824,0.274871,0.884135
0.804005,0.523799,-0.281444,-0.590199,0.7606,-0.270468,0.0723956,0.383565,0.920672
0.884053,-0.161765,0.438501,-0.0952801,0.85612,0.507918,-0.457573,-0.490807,0.741442
0.885266,-0.364247,0.289185,0.278011,0.912918,0.298816,-0.372845,-0.184135,0.90944
0.792806,0.576779,0.196937,-0.609391,0.755508,0.240522,-0.0100597,-0.310699,0.950455
0.778706,-0.589711,-0.214143,0.622943,0.767316,0.152211,0.074555,-0.251927,0.96487
0.730747,0.682132,-0.0265579,-0.633626,0.66328,-0.398218,-0.254022,0.307824,0.916906
0.808947,0.206386,-0.550462,0.236577,0.742899,0.626205,0.538178,-0.636794,0.55214
0.806789,-0.223759,0.54683,0.0418895,0.944847,0.324821,-0.589353,-0.239156,0.771666
0.793355,-0.411552,-0.448568,0.428928,0.900788,-0.0678348,0.431983,-0.138587,0.891171
0.989149,0.145763,0.0183505,-0.0961993,0.737029,-0.66898,-0.111037,0.659955,0.743054
0.869861,-0.168378,0.463672,-0.16988,0.780199,0.602022,-0.463123,-0.602444,0.65006
0.952644,-0.303915,0.0102551,0.2451,0.787371,0.565662,-0.179988,-0.536361,0.824574
0.662633,0.507215,-0.551044,-0.538758,0.83391,0.119724,0.520247,0.217546,0.825843
0.980237,0.185396,-0.0690225,-0.190695,0.792677,-0.579049,-0.0526407,0.580768,0.812366
0.900692,-0.133389,0.413474,-0.176804,0.756794,0.629287,-0.396855,-0.639898,0.658055
0.991841,0.0341369,-0.122822,-0.0666155,0.960256,-0.271057,0.108688,0.277027,0.954695
0.7965,-0.604636,-0.0014776,0.533253,0.701309,0.473082,-0.285006,-0.377598,0.881017
0.776509,0.550036,0.307399,-0.627224,0.628132,0.460478,0.0601921,-0.550373,0.832746
0.838104,0.539111,0.0833068,-0.458183,0.612801,0.64385,0.296056,-0.577783,0.760603
0.866596,0.189885,0.461472,-0.289704,0.944411,0.155431,-0.406305,-0.268386,0.873433
0.662035,0.559984,0.498125,-0.649207,0.760571,0.00780938,-0.374486,-0.328556,0.86707
0.972121,-0.0189081,0.233716,0.0782864,0.965721,-0.247497,-0.221025,0.258893,0.940278
0.707084,-0.228522,-0.669185,0.275242,0.960654,-0.0372266,0.651363,-0.157866,0.742162
0.585928,-0.378815,0.716371,0.620062,0.778736,-0.0953627,-0.521738,0.50007,0.691172
0.894772,0.0543076,-0.443209,0.135176,0.913057,0.384779,0.425572,-0.404201,0.809636
0.902482,-0.263964,0.340367,0.256549,0.964171,0.0675035,-0.345991,0.0264001,0.937866
0.897038,-0.339408,-0.283063,0.216683,0.895978,-0.38765,0.38519,0.286401,0.87727
0.913404,-0.290545,0.285092,0.291278,0.955767,0.0408244,-0.284343,0.0457518,0.95763
0.856044,0.497749,0.139408,-0.515933,0.806269,0.289383,0.0316395,-0.31965,0.947007
0.950577,-0.288775,-0.114071,0.275184,0.953719,-0.121213,0.143795,0.0838319,0.98605
0.818518,0.574388,-0.0103689,-0.479079,0.692439,0.539455,0.317036,-0.436586,0.841951
0.899433,0.236353,-0.367637,-0.20975,0.971394,0.111347,0.383438,-0.0230375,0.923279
0.956561,-0.249049,0.151545,0.291493,0.808442,-0.511325,0.00482963,0.533288,0.84592
0.710634,-0.688029,-0.147022,0.443643,0.600397,-0.665361,0.546059,0.407603,0.731901
0.744042,-0.638968,-0.195248,0.589931,0.765467,-0.256984,0.313661,0.076024,0.946487
0.976794,0.207581,-0.0527534,-0.214014,0.936298,-0.278469,-0.00841177,0.283296,0.958996
0.76957,-0.600429,-0.217365,0.535734,0.792325,-0.291908,0.347494,0.108193,0.93142
0.768177,0.182771,-0.613595,-0.522703,0.732465,-0.436208,0.36971,0.655813,0.658197
0.518876,0.569861,-0.637202,-0.67365,0.731466,0.105608,0.526274,0.374454,0.763427
0.904939,0.0357738,0.424034,0.25,0.761674,-0.59779,-0.344361,0.646973,0.680325
0.877531,0.0470697,0.477205,0.00734897,0.993734,-0.111532,-0.479464,0.10138,0.871686
0.855663,0.50236,0.124398,-0.510053,0.859292,0.0382582,-0.0876744,-0.0961854,0.991495
0.969635,0.0884058,0.228018,-0.0762289,0.99518,-0.0616858,-0.232373,0.0424312,0.971701
0.719784,0.693989,-0.017023,-0.637368,0.670377,0.379943,0.275088,-0.262627,0.924853
0.738334,0.210611,0.640707,-0.538593,0.75591,0.372181,-0.405932,-0.619874,0.671547
0.845494,-0.0768654,0.528424,-0.141706,0.921806,0.360822,-0.514839,-0.379954,0.768489
0.766406,-0.0115751,0.642252,-0.0755813,0.991267,0.108057,-0.637894,-0.131358,0.758839
0.78608,0.01719,-0.617886,-0.215683,0.944414,-0.248119,0.579275,0.328309,0.746092
0.964876,0.237782,-0.111688,-0.259733,0.927228,-0.26979,0.0394091,0.289322,0.95642
0.874067,0.224351,0.430899,-0.00902665,0.894325,-0.447327,-0.485722,0.387104,0.783725
0.997491,0.0650364,-0.0279744,-0.0585094,0.97975,0.191487,0.0398615,-0.18937,0.981096
0.807195,0.00592495,-0.590255,-0.0953601,0.988124,-0.12049,0.582531,0.153545,0.798173
0.735539,-0.201797,0.64673,0.291832,0.955878,-0.0336469,-0.611405,0.213485,0.761976
0.886553,0.452084,-0.0981993,-0.457569,0.825582,-0.330219,-0.0682151,0.33769,0.938782
0.949834,0.108209,-0.29344,-0.138388,0.986805,-0.0840537,0.280473,0.120446,0.952275
0.746958,-0.652517,0.127571,0.469337,0.653392,0.593971,-0.470931,-0.383798,0.794307
0.973042,0.137476,-0.185175,-0.186142,0.942186,-0.278635,0.136163,0.305592,0.942376
0.775816,-0.61104,-0.157286,0.608205,0.790571,-0.0713028,0.167914,-0.040344,0.984976
0.951347,0.303412,0.0536702,-0.30806,0.933097,0.185552,0.00621929,-0.193058,0.981168
0.862907,-0.439827,0.248884,0.307545,0.847825,0.431982,-0.401008,-0.296217,0.866861
0.744666,-0.139094,-0.652783,0.516004,0.740321,0.430888,0.423335,-0.657707,0.623065
0.874579,-0.344926,-0.34079,0.403816,0.907181,0.118131,0.268412,-0.240932,0.932688
0.756976,-0.357615,0.546899,0.451694,0.891161,-0.0424727,-0.472187,0.279182,0.83612
0.663231,-0.372204,-0.649298,0.68136,0.659217,0.318092,0.309634,-0.653374,0.690818
0.851933,-0.227465,0.471667,0.287072,0.956189,-0.0573847,-0.437949,0.18429,0.879908
0.762859,-0.554307,-0.332852,0.487939,0.831321,-0.26612,0.424219,0.0406007,0.904649
0.854858,-0.362238,0.371484,0.495224,0.783259,-0.375843,-0.154823,0.505261,0.848965
0.83687,0.0658026,0.543432,-0.00460464,0.99356,-0.113216,-0.547382,0.0922448,0.831783
0.893728,0.134519,-0.427966,0.0067369,0.949852,0.312627,0.448558,-0.282287,0.848003
0.906957,-0.0384756,0.419461,0.155595,0.955992,-0.248737,-0.391431,0.29086,0.87303
0.912084,0.403272,-0.0739865,-0.332169,0.832588,0.443239,0.240346,-0.379696,0.893345
0.899248,0.309906,0.308726,-0.130866,0.864025,-0.486143,-0.417405,0.396761,0.817529
0.744633,0.467643,0.476268,-0.271544,0.864063,-0.423863,-0.609742,0.186295,0.770396
0.992842,-0.0428025,-0.111506,0.10633,0.741973,0.661944,0.0544017,-0.669062,0.741213
0.735007,0.12873,0.665727,-0.503916,0.760633,0.409275,-0.453688,-0.63629,0.62394
0.9054,-0.272771,-0.32534,0.123691,0.902532,-0.412476,0.406141,0.333214,0.850892
0.870096,0.104651,0.481645,-0.394966,0.732614,0.554328,-0.294848,-0.672551,0.678778
0.713384,-0.00848266,0.700722,0.0636611,0.996577,-0.0527473,-0.697876,0.0822378,0.711482
0.879608,0.475582,0.0105491,-0.461618,0.848006,0.260375,0.114884,-0.233898,0.96545
0.656481,-0.614907,0.436946,0.552761,0.78629,0.276049,-0.513311,0.0603061,0.856081
0.786353,0.515354,0.340675,-0.61485,0.599241,0.512709,0.0600805,-0.612634,0.78808
0.778829,0.126331,-0.614383,0.110222,0.936701,0.33233,0.617476,-0.326547,0.715605
0.748134,-0.583645,-0.31568,0.205385,0.656064,-0.726221,0.630962,0.478475,0.610696
0.820724,0.429483,-0.37677,-0.571064,0.596798,-0.563664,-0.017228,0.677773,0.735069
0.902119,-0.363564,-0.232387,0.431143,0.781026,0.451789,0.0172461,-0.50776,0.861326
0.786843,0.508767,-0.349335,-0.604326,0.74998,-0.268924,0.125175,0.422713,0.897577
0.72957,0.0304201,0.683229,-0.145033,0.98317,0.111095,-0.668351,-0.180142,0.721704
0.999218,-0.0119766,-0.0376914,0.0254021,0.924819,0.379558,0.0303119,-0.380218,0.9244
0.983918,0.156261,0.0865366,-0.158935,0.986976,0.0248818,-0.0815214,-0.0382353,0.995938
0.958109,-0.268295,0.100224,0.196537,0.870449,0.451322,-0.208328,-0.412718,0.886715
0.799964,-0.100564,-0.59156,-0.0697099,0.963605,-0.25808,0.595984,0.247692,0.76384
0.972501,-0.0416293,0.229149,0.0570139,0.996512,-0.0609296,-0.225813,0.0723187,0.971483
0.810447,0.522933,-0.264039,-0.530576,0.846302,0.0475502,0.248323,0.101556,0.963339
0.927184,-0.307192,0.21439,0.264539,0.94214,0.205891,-0.265234,-0.134185,0.954801
0.671988,0.626778,0.394437,-0.387356,0.751434,-0.534137,-0.631179,0.206146,0.747741
0.852548,-0.452859,-0.260923,0.509895,0.830296,0.224978,0.11476,-0.324848,0.938778
0.82732,-0.471722,-0.304992,0.524396,0.843216,0.118299,0.201369,-0.257808,0.944979
0.721404,-0.630965,-0.285413,0.692511,0.655988,0.300179,-0.0021753,-0.414202,0.910182
0.909896,0.414837,3.04222e-05,-0.336664,0.73839,0.584326,0.242378,-0.531686,0.811519
0.76784,0.525128,-0.366965,-0.422595,0.845683,0.325935,0.481493,-0.095188,0.871265
0.97304,0.0340313,-0.228112,0.0834512,0.870089,0.485778,0.215009,-0.491718,0.843792
0.865667,-0.39735,0.304522,0.428072,0.902915,-0.0387311,-0.259567,0.163885,0.951718
0.900849,0.269385,0.340445,-0.405943,0.800668,0.440615,-0.153888,-0.535129,0.830635
0.826208,-0.247617,0.50603,0.185127,0.967677,0.171255,-0.53208,-0.0478127,0.845343
0.853836,0.454466,0.253819,-0.501572,0.587852,0.634709,0.139246,-0.669246,0.729877
0.802687,0.562311,0.198747,-0.589068,0.695406,0.411595,0.0932345,-0.447457,0.889432
0.626657,0.350399,0.696075,-0.485517,0.874222,-0.00297923,-0.609568,-0.33609,0.717963
0.987378,-0.0718838,-0.14113,0.12616,0.895675,0.426438,0.0957522,-0.438861,0.893439
0.868001,-0.40103,-0.292831,0.494914,0.746704,0.444402,0.0404398,-0.530668,0.846615
0.783542,-0.230436,-0.577029,0.401025,0.896909,0.186368,0.474596,-0.37743,0.795176
0.983562,-0.0591169,0.17062,0.101979,0.961632,-0.254683,-0.149018,0.267896,0.951854
0.831695,0.137458,-0.537949,-0.395252,0.827025,-0.399756,0.389948,0.5451,0.742163
0.776984,0.0733931,-0.625227,0.255169,0.871214,0.419373,0.575486,-0.485385,0.658192
0.873646,-0.333523,-0.354266,0.104038,0.839312,-0.533603,0.475309,0.429323,0.767961
0.726069,0.367028,0.581476,-0.324395,0.928448,-0.180975,-0.606293,-0.0572272,0.79318
0.777577,0.177096,-0.603333,0.240529,0.802766,0.545631,0.580964,-0.569389,0.581616
0.864763,0.478373,-0.152789,-0.471145,0.878157,0.0828425,0.173802,0.000346522,0.984781
0.896103,-0.430633,0.10749,0.441363,0.890143,-0.113333,-0.0468767,0.149,0.987725
0.758687,0.648839,0.0583218,-0.446892,0.583502,-0.678095,-0.474005,0.488398,0.732657
0.969468,-0.158111,0.187437,0.242655,0.728771,-0.640321,-0.0353572,0.666253,0.744887
0.931584,0.00954956,-0.3634,-0.260874,0.713753,-0.650001,0.253171,0.700332,0.667413
0.903526,-0.159749,0.397645,0.0387741,0.954589,0.295392,-0.426776,-0.251476,0.86869
0.970411,-0.0727108,-0.230253,0.114756,0.977886,0.17484,0.212449,-0.19609,0.957295
0.617918,0.60973,-0.496394,-0.575373,0.780951,0.243025,0.535839,0.135442,0.833386
0.90852,0.410835,0.0761957,-0.416338,0.87462,0.248399,0.0354085,-0.257398,0.965656
0.657284,0.220729,-0.720594,-0.461515,0.873784,-0.153314,0.595803,0.433337,0.676194
0.988238,-0.0123058,-0.152429,0.0982217,0.815055,0.570997,0.117211,-0.579253,0.806677
0.756682,-0.13623,-0.639432,0.12889,0.989939,-0.0583808,0.640952,-0.0382407,0.766628
0.944946,0.110849,0.307879,0.0769029,0.839294,-0.538212,-0.318061,0.532258,0.784563
0.946042,0.300174,-0.122065,-0.319933,0.80543,-0.498925,-0.0514498,0.511057,0.858006
0.954007,0.0649633,0.292662,-0.0214521,0.988529,-0.149499,-0.299017,0.136345,0.944457
0.756293,-0.500111,0.421793,0.515427,0.852541,0.0866552,-0.402933,0.151867,0.902542
0.592015,0.411088,0.693199,-0.62721,0.775136,0.0759782,-0.50609,-0.479761,0.71673
0.906293,0.218249,0.361941,-0.362337,0.842083,0.399511,-0.217591,-0.493218,0.842253
0.989458,0.0937764,0.11036,-0.143012,0.752783,0.642546,-0.0228213,-0.651555,0.758258
0.761343,0.642907,-0.0838241,-0.547277,0.706584,0.448584,0.347627,-0.295651,0.889801
0.995407,0.0917216,-0.0274391,-0.0947546,0.984826,-0.145394,0.013687,0.147326,0.988993
0.754423,-0.655666,0.0307981,0.573528,0.68128,0.454887,-0.319236,-0.325514,0.890016
0.930889,-0.213234,0.296609,0.303601,0.903152,-0.303551,-0.203156,0.372624,0.905472
0.999992,0.0035847,0.00188763,-0.00243499,0.904185,-0.427134,-0.00323791,0.427126,0.904186
0.935083,-0.255314,-0.245835,0.32348,0.898235,0.297549,0.144849,-0.357756,0.922513
0.917391,0.384659,0.102136,-0.372554,0.920273,-0.119586,-0.139993,0.0716556,0.987556
0.941384,-0.332841,-0.0548867,0.330676,0.87833,0.34524,-0.0667015,-0.343153,0.936908
0.880985,0.472909,-0.0149139,-0.443727,0.836743,0.320886,0.164229,-0.276078,0.947
0.873963,0.430932,0.224692,-0.476464,0.850856,0.221418,-0.0957643,-0.300569,0.94894
0.805711,0.576976,-0.133899,-0.582709,0.812668,-0.00452297,0.106205,0.0816681,0.990985
0.883649,-0.0817712,0.460953,-0.0585231,0.957609,0.282065,-0.464477,-0.276223,0.841405
0.841841,-0.476029,-0.254363,0.29809,0.802959,-0.516138,0.44994,0.358683,0.817863
0.919261,0.0502349,0.39043,-0.0809972,0.994739,0.0627179,-0.385225,-0.0892779,0.918494
0.783985,-0.463466,0.412998,0.210644,0.824427,0.525309,-0.583949,-0.324839,0.743964
0.987419,-0.152827,-0.0405964,0.128324,0.924473,-0.359003,0.0923956,0.349277,0.932453
0.765651,0.487782,0.419342,-0.632739,0.688506,0.354402,-0.115849,-0.536682,0.835794
0.927273,-0.111389,0.357432,-0.0199315,0.938672,0.344234,-0.373856,-0.326322,0.868185
0.931385,0.213483,0.294866,0.0521461,0.723402,-0.688455,-0.36028,0.656593,0.662634
0.767628,0.325058,-0.552345,-0.407757,0.91261,-0.0296089,0.494451,0.247951,0.83309
0.751505,0.386953,0.534328,-0.050124,0.841072,-0.538596,-0.65782,0.377975,0.651466
0.90333,-0.428839,0.009572,0.4257,0.899012,0.102749,-0.052668,-0.088741,0.994661
0.68667,-0.521251,-0.506737,0.623585,0.780625,0.0420258,0.373666,-0.344852,0.861076
0.987683,0.123372,0.0962354,-0.0263299,0.737333,-0.675017,-0.154235,0.664169,0.731499
0.724787,0.0110304,-0.688884,0.127712,0.980393,0.150066,0.677032,-0.196745,0.709168
0.716608,-0.537183,-0.444867,0.213306,0.776056,-0.593496,0.664058,0.330411,0.670712
0.978401,0.206159,0.0151762,-0.171151,0.849052,-0.499818,-0.115927,0.486424,0.865998
0.736122,0.357709,0.574604,-0.562326,0.795704,0.225042,-0.376715,-0.488773,0.786884
0.9582,0.201472,0.203129,-0.259542,0.910868,0.32087,-0.120377,-0.360178,0.925084
0.764703,-0.504682,-0.400655,0.63712,0.685252,0.352856,0.0964697,-0.525095,0.845558
0.51304,0.696785,0.501279,-0.507093,0.717224,-0.477961,-0.692566,-0.00898177,0.721299
0.72657,0.661182,0.186907,-0.488014,0.688083,-0.537014,-0.483672,0.298964,0.822607
0.947236,-0.302014,-0.107381,0.319204,0.858288,0.401809,-0.0291878,-0.414884,0.909406
0.970484,0.169558,-0.171493,-0.0552352,0.848483,0.526332,0.234753,-0.501324,0.832806
0.745298,0.200675,-0.635815,-0.123442,0.978674,0.16419,0.655205,-0.0438844,0.754176
0.848721,0.468335,-0.245631,-0.343887,0.841613,0.416449,0.401764,-0.26898,0.875349
0.836443,-0.547609,-0.0220734,0.498104,0.742794,0.44738,-0.228593,-0.385203,0.894072
0.898829,0.144695,0.413726,-0.245797,0.947939,0.202472,-0.362891,-0.283681,0.887601
0.895853,-0.00904034,0.444258,0.270177,0.804834,-0.528438,-0.352777,0.593431,0.723455
0.994598,0.0171946,0.102369,0.0239014,0.921751,-0.387045,-0.101014,0.387401,0.91636
0.742726,0.458286,-0.488192,-0.453312,0.880741,0.137126,0.492814,0.119457,0.861896
0.903089,-0.0512328,-0.426386,0.278796,0.825136,0.491349,0.326653,-0.562607,0.759455
0.956213,0.232941,-0.177187,-0.212426,0.968847,0.127321,0.201326,-0.0841067,0.975907
0.926866,-0.35304,0.1276,0.209569,0.768641,0.604377,-0.311448,-0.533436,0.786414
0.641529,-0.475504,0.601943,0.489786,0.857836,0.155651,-0.590381,0.194969,0.783222
0.79288,-0.55021,-0.261935,0.495596,0.832336,-0.248195,0.354577,0.0669753,0.932625
0.815187,-0.36736,-0.447792,0.299755,0.929117,-0.216539,0.495599,0.0422922,0.867521
0.87898,0.465862,-0.101814,-0.349013,0.773979,0.528343,0.324937,-0.428869,0.842904
0.941707,0.268533,-0.202678,-0.292622,0.95103,-0.0995706,0.166015,0.153074,0.97417
0.912753,-0.132104,-0.386561,0.0577689,0.9785,-0.197989,0.404406,0.158384,0.900761
0.943839,0.0909528,-0.317641,-0.0831941,0.995811,0.0379358,0.319761,-0.00937947,0.947452
0.837736,-0.49979,0.220019,0.544293,0.731699,-0.410319,0.0440854,0.463494,0.885003
0.816875,0.429527,-0.384996,-0.41416,0.901325,0.126823,0.40148,0.055851,0.914163
0.904933,-0.421187,0.0608104,0.358276,0.676937,-0.642958,0.229641,0.603621,0.763483
0.86613,0.112533,-0.486986,-0.222896,0.95904,-0.174816,0.447366,0.259961,0.855736
0.957831,0.0549397,0.282032,-0.0744801,0.995474,0.0590298,-0.277513,-0.0775464,0.957587
0.854538,0.306146,-0.41957,-0.409076,0.89447,-0.180501,0.320033,0.325881,0.889596
0.847155,0.253231,0.467121,-0.33244,0.93841,0.09418,-0.414502,-0.235075,0.879163
0.836663,0.547679,-0.00652959,-0.456168,0.690169,-0.561762,-0.303159,0.472985,0.827273
0.815728,0.459633,0.351177,-0.566981,0.755576,0.328082,-0.114544,-0.466736,0.876948
0.816121,0.468133,0.338819,-0.102137,0.693932,-0.712759,-0.568783,0.547092,0.614146
0.888605,-0.252112,-0.383172,0.216421,0.967011,-0.134357,0.404404,0.0364636,0.913853
0.722951,0.134479,0.677685,0.146421,0.928772,-0.340505,-0.675206,0.345395,0.651766
0.992726,-0.0117005,-0.119828,-0.0757129,0.713172,-0.696888,0.0936118,0.700891,0.707099
0.833371,-0.385117,0.396457,0.552549,0.598043,-0.580547,-0.01352,0.702873,0.711187
0.858315,-0.452193,-0.242521,0.178228,0.705938,-0.685483,0.481176,0.545136,0.686511
0.855799,-0.0624681,0.513523,0.383896,0.742071,-0.549503,-0.346744,0.667404,0.659045
0.932619,0.109981,0.343694,-0.0971056,0.99378,-0.0545079,-0.347551,0.0174605,0.937498
0.775124,-0.271728,-0.570391,0.400826,0.909344,0.111496,0.488385,-0.315051,0.813771
0.827235,0.425269,-0.367191,-0.275627,0.87665,0.394354,0.489605,-0.225016,0.84241
0.992731,-0.0907217,-0.0790879,0.0652691,0.957911,-0.279545,0.10112,0.272351,0.95687
0.890325,0.167266,0.423491,-0.2132,0.974966,0.0631371,-0.402328,-0.146501,0.903698
0.738608,-0.669187,-0.0815332,0.650379,0.739173,-0.175013,0.177384,0.0762386,0.981184
0.988217,-0.141621,0.0580499,0.110744,0.923402,0.367512,-0.105651,-0.356753,0.928205
0.924784,-0.377709,-0.0459289,0.349096,0.890288,-0.292437,0.151346,0.254407,0.955181
0.9009,0.041361,-0.432052,0.272136,0.721643,0.636532,0.338115,-0.691028,0.638873
0.990754,-0.134258,0.0195341,0.130782,0.906787,-0.400791,0.0360963,0.39964,0.915961
0.797388,0.583823,0.152718,-0.533833,0.80043,-0.272644,-0.281416,0.135877,0.949917
0.640762,0.486701,0.593756,-0.2977,0.870383,-0.392183,-0.707671,0.0745352,0.7026
0.852252,-0.518698,0.0679613,0.478709,0.825662,0.29853,-0.21096,-0.221889,0.951978
0.854712,-0.460914,-0.238802,0.494303,0.863137,0.103243,0.158533,-0.206284,0.965564
0.975258,0.0662734,-0.2109,-0.0265456,0.982211,0.185897,0.219468,-0.175699,0.959668
0.923905,-0.344676,-0.166128,0.382538,0.822955,0.420011,-0.00805225,-0.4516,0.892184
0.730126,0.67489,0.106951,-0.646792,0.632102,0.42674,0.220399,-0.380749,0.898028
0.916985,-0.392961,-0.0687106,0.288411,0.772046,-0.566361,0.275605,0.499527,0.821288
0.743403,0.244328,-0.62262,-0.533087,0.778649,-0.330945,0.403943,0.577936,0.709098
0.730665,0.51106,-0.452709,-0.651464,0.720268,-0.238346,0.204263,0.469075,0.859212
0.830621,-0.122797,-0.54313,0.441105,0.740391,0.507195,0.339847,-0.660864,0.669151
0.742561,-0.459022,0.487751,0.501086,0.863941,0.0501912,-0.444427,0.207135,0.871539
0.749692,-0.0800997,-0.656922,0.449093,0.790678,0.416105,0.486084,-0.60697,0.628737
0.919306,0.167521,0.356108,-0.209203,0.974457,0.0816588,-0.333332,-0.149568,0.93087
0.960661,0.0822162,0.265277,0.0610527,0.869294,-0.49051,-0.270931,0.48741,0.830077
0.78321,0.494336,-0.377112,-0.460276,0.86874,0.182856,0.418005,0.0303607,0.907937
0.734198,-0.431597,-0.524096,0.666441,0.605549,0.434933,0.12965,-0.668606,0.732227
0.842623,0.087449,0.531357,-0.435569,0.69089,0.577018,-0.31665,-0.717651,0.62025
0.766988,-0.567584,-0.299297,0.636056,0.734036,0.237958,0.0846336,-0.37288,0.924012
0.930166,0.339377,0.140049,-0.365664,0.822222,0.436167,0.0328741,-0.456918,0.888901
0.866166,-0.149138,-0.476984,0.410663,0.756317,0.509255,0.284802,-0.636979,0.716342
0.675366,0.721691,0.151795,-0.475999,0.583788,-0.657735,-0.563298,0.371958,0.737796
0.803497,0.587213,0.0978445,-0.483381,0.739487,-0.468511,-0.34747,0.329151,0.878023
0.739608,0.555301,-0.380291,-0.220708,0.733901,0.642399,0.635821,-0.39119,0.665359
0.928846,-0.175611,-0.326198,0.262916,0.932807,0.246469,0.260997,-0.314694,0.912605
0.973321,-0.199631,-0.113113,0.164223,0.950384,-0.264198,0.160243,0.238574,0.957813
0.773059,0.489336,-0.403646,-0.605828,0.758163,-0.241165,0.188019,0.430975,0.882559
0.817049,-0.537258,0.20925,0.531695,0.561714,-0.633859,0.223007,0.629151,0.744605
0.684631,-0.264454,0.679224,0.425796,0.901432,-0.0782152,-0.59159,0.342759,0.729752
0.760354,0.566299,-0.31807,-0.563344,0.818732,0.111001,0.323273,0.094783,0.941547
0.755573,-0.410156,-0.510766,0.431941,0.898143,-0.08226,0.49248,-0.158468,0.855775
0.857108,0.404889,0.318481,-0.0672401,0.70089,-0.710093,-0.510729,0.587212,0.627964
0.764872,0.608695,0.210857,-0.638191,0.760553,0.119465,-0.0876502,-0.225942,0.970189
0.738179,-0.556485,-0.381334,0.667018,0.686619,0.28921,0.10089,-0.467845,0.878033
0.717038,0.691449,0.0880648,-0.624661,0.693497,-0.358971,-0.309283,0.202385,0.929185
0.777158,-0.62928,-0.00561002,0.576592,0.70846,0.406973,-0.252125,-0.319517,0.913423
0.919861,-0.183285,0.346789,0.177402,0.982921,0.0489335,-0.349835,0.016509,0.936666
0.718252,0.450073,0.530612,-0.463234,0.878348,-0.11798,-0.519161,-0.161058,0.839364
0.873921,0.33174,0.355263,-0.153803,0.882065,-0.445316,-0.461094,0.33453,0.821877
0.596245,0.640387,-0.484144,-0.436347,0.764722,0.474133,0.673864,-0.0714445,0.735393
0.831531,0.547805,0.0920115,-0.529831,0.831932,-0.164827,-0.16684,0.0883082,0.982021
0.77942,-0.61501,-0.119442,0.626282,0.769896,0.122601,0.0165569,-0.170362,0.985242
0.814255,-0.40866,-0.412292,0.515213,0.835986,0.188897,0.267476,-0.366229,0.891253
0.943711,0.273924,-0.185405,-0.283138,0.958762,-0.0246658,0.171003,0.0757727,0.982353
0.998004,-0.0244988,0.0582042,-0.00677518,0.874823,0.484395,-0.0627855,-0.483822,0.872911
0.754218,-0.0597856,-0.653896,-0.00231043,0.995598,-0.0936923,0.65662,0.0721752,0.75076
0.831978,-0.194355,0.519653,0.336325,0.921594,-0.193779,-0.441247,0.335992,0.832112
0.867083,-0.304541,0.394236,0.127106,0.900432,0.416012,-0.481675,-0.310607,0.819459
0.667071,0.699513,0.256318,-0.557487,0.696928,-0.451108,-0.494191,0.158027,0.85487
0.881068,-0.346352,-0.322118,0.340979,0.937081,-0.0749219,0.3278,-0.0438241,0.94373
0.880599,-0.46505,-0.0909588,0.403575,0.836632,-0.37037,0.24834,0.289439,0.92442
0.774818,-0.187915,-0.603609,-0.190628,0.84091,-0.506489,0.602758,0.507502,0.615731
0.979609,0.196323,-0.0427145,-0.187855,0.970391,0.15183,0.0712574,-0.14071,0.987483
0.929243,-0.0201782,-0.368918,0.0652468,0.991777,0.1101,0.363663,-0.12638,0.922918
0.80717,0.478293,0.345994,-0.476584,0.873853,-0.0961678,-0.348345,-0.0872715,0.933295
0.949873,0.11626,-0.290215,-0.123692,0.992294,-0.0073308,0.287126,0.0428606,0.956933
0.770038,0.637213,-0.0316496,-0.473064,0.603551,0.641822,0.42808,-0.479255,0.7662
0.897412,0.0995689,-0.429812,-0.144434,0.986821,-0.0729619,0.416883,0.127556,0.899966
0.840448,-0.162351,-0.517001,0.0989963,0.984009,-0.148073,0.532773,0.0732666,0.843081
0.956596,-0.0281916,0.290051,0.212756,0.747727,-0.628999,-0.199146,0.663407,0.721271
0.936139,-0.298527,0.185811,0.340972,0.899791,-0.272239,-0.0859208,0.31821,0.944119
0.926821,-0.135088,-0.350362,0.321175,0.768598,0.553266,0.194548,-0.625307,0.75574
0.957355,-0.0787809,0.277965,0.06557,0.996246,0.0565227,-0.281374,-0.0358861,0.958927
0.893278,-0.422195,0.154294,0.448642,0.858657,-0.24785,-0.0278448,0.290621,0.956433
0.812897,0.0528235,-0.580007,-0.409903,0.759353,-0.505334,0.413736,0.648531,0.638928
0.854029,0.106035,0.509305,-0.14354,0.989033,0.0347827,-0.500031,-0.102811,0.859883
0.882056,-0.120814,-0.455391,-0.0994997,0.896996,-0.430694,0.460518,0.425208,0.77918
0.674001,-0.162548,-0.720625,0.500508,0.817954,0.283623,0.543336,-0.551841,0.632659
0.882186,0.26186,-0.391379,-0.285893,0.958256,-0.00327611,0.374184,0.114783,0.920224
0.774405,0.537436,-0.333856,-0.397897,0.82396,0.403444,0.491909,-0.179589,0.851923
0.88718,0.373919,0.270362,-0.4613,0.70524,0.538366,0.0106357,-0.602346,0.798164
0.834948,-0.549858,-0.0227594,0.505443,0.782551,-0.363512,0.217691,0.29201,0.931311
0.971585,0.120179,0.203909,-0.168596,0.956058,0.23985,-0.166124,-0.267413,0.949154
0.800164,0.0733416,-0.595281,0.109325,0.958035,0.264987,0.589734,-0.277111,0.758566
0.68093,-0.332978,-0.652273,0.416057,0.908856,-0.0296246,0.602687,-0.251211,0.757405
0.774771,-0.192295,-0.60229,-0.266842,0.764166,-0.587236,0.573171,0.615689,0.540741
0.666834,0.522776,0.531072,-0.290649,0.838664,-0.460614,-0.686189,0.152797,0.711194
0.771638,0.621092,0.137184,-0.628561,0.777617,0.0149422,-0.0973959,-0.0977584,0.990433
0.959418,-0.255053,0.120272,0.250431,0.966718,0.0523554,-0.129622,-0.0201111,0.991359
0.745685,0.102131,0.658424,-0.212012,0.973192,0.089154,-0.631668,-0.206075,0.747348
0.836437,-0.426945,0.343643,0.547935,0.664978,-0.507515,-0.0118343,0.612798,0.790151
0.852794,0.500381,-0.149539,-0.444827,0.845981,0.294016,0.273628,-0.184216,0.94403
0.802878,0.0541811,-0.593677,0.162028,0.93854,0.304779,0.573702,-0.340893,0.744754
0.825013,-0.511254,-0.240774,0.360886,0.804516,-0.471715,0.434873,0.302279,0.848241
0.955274,0.162461,0.247097,-0.175473,0.983982,0.0314277,-0.238034,-0.073381,0.968481
0.837883,-0.526021,-0.145787,0.49982,0.632011,0.592235,-0.219389,-0.569091,0.792467
0.801027,0.249427,-0.54419,-0.121797,0.957953,0.259792,0.586107,-0.14182,0.797725
0.717433,-0.67851,-0.157843,0.520454,0.672668,-0.525971,0.463052,0.295199,0.835727
0.877502,-0.233353,-0.418971,0.45104,0.698425,0.555667,0.162953,-0.676572,0.71812
0.801752,0.0980234,0.589564,0.187585,0.895336,-0.403961,-0.567455,0.43447,0.69945
0.812337,-0.336378,0.476401,-0.0416684,0.781326,0.622731,-0.581697,-0.525718,0.620684
0.977762,-0.00605038,-0.20963,-0.114428,0.822286,-0.557451,0.175749,0.569042,0.803308
0.867826,0.383582,0.315821,-0.302741,0.912218,-0.276055,-0.393987,0.143955,0.907772
0.781706,0.475291,0.403775,-0.619789,0.663967,0.41834,-0.06926,-0.577275,0.813607
0.813683,-0.0749371,0.576458,-0.24361,0.85642,0.455191,-0.527801,-0.510812,0.678599
0.74559,0.370793,-0.553723,-0.611815,0.710232,-0.348215,0.264156,0.598401,0.756398
0.93982,0.0880943,0.330119,-0.218185,0.898273,0.381445,-0.262934,-0.430516,0.863436
0.8572,-0.3349,0.391216,0.182268,0.907792,0.377745,-0.48165,-0.252497,0.839201
0.895983,0.131582,0.424147,-0.1071,0.990929,-0.0811707,-0.43098,0.0273014,0.901948
0.867545,0.475334,-0.146363,-0.290598,0.723271,0.626444,0.40363,-0.500935,0.765602
0.821413,0.428679,-0.376184,-0.558543,0.738055,-0.378555,0.115366,0.521066,0.845684
0.780969,0.620368,0.0723257,-0.62449,0.777469,0.0745342,-0.00999236,-0.103376,0.994592
0.754873,0.557353,-0.345723,-0.650017,0.706027,-0.281075,0.0874321,0.436902,0.89525
0.878215,-0.411987,-0.242909,0.226342,0.805441,-0.547754,0.421316,0.426065,0.8006
0.780683,-0.387277,0.490459,0.505218,0.853055,-0.130585,-0.367816,0.349734,0.861625
0.75126,0.660006,-0.000716256,-0.658776,0.749793,-0.0618427,-0.0402795,0.0469318,0.998086
0.959905,0.271315,-0.0705035,-0.24961,0.941718,0.225527,0.127583,-0.198887,0.971682
0.951587,0.29081,-0.0995562,-0.235468,0.897857,0.372032,0.197578,-0.330579,0.922865
0.879197,0.455519,0.139699,-0.472162,0.872265,0.127346,-0.0638466,-0.177923,0.981971
0.862463,-0.0686093,0.501449,0.0285018,0.995781,0.0872235,-0.505317,-0.0609349,0.860779
0.899208,0.183336,-0.397256,-0.20559,0.978542,-0.0137584,0.386209,0.0940435,0.917605
0.743382,-0.364183,0.56103,0.367357,0.923245,0.112549,-0.558956,0.122432,0.820109
0.951353,-0.228866,-0.206271,0.144901,0.923182,-0.356004,0.271903,0.308797,0.911435
0.703715,0.320473,0.634099,-0.275362,0.945757,-0.172391,-0.654951,-0.0532923,0.75379
0.995227,0.0268751,0.0938108,-0.0823424,0.747173,0.659509,-0.0523685,-0.664086,0.74582
0.889287,-0.377716,0.257874,0.445933,0.841305,-0.30553,-0.101548,0.386699,0.916598
0.980739,-0.179227,0.0776428,0.183186,0.981943,-0.0472317,-0.0677756,0.0605451,0.995862
0.941644,0.220302,0.254506,-0.14496,0.947782,-0.28407,-0.303797,0.230599,0.924409
0.945179,-0.180492,-0.272139,0.00492099,0.841146,-0.540786,0.326517,0.5098,0.795921
0.809694,-0.504135,-0.300406,0.355856,0.828823,-0.431763,0.46665,0.242695,0.850492
0.890395,0.0577233,-0.451514,-0.164437,0.96573,-0.200811,0.424449,0.253047,0.869373
0.827751,-0.53796,0.159461,0.561089,0.792245,-0.239845,0.00269486,0.288004,0.957625
0.821917,0.535783,-0.193361,-0.569206,0.759823,-0.314125,-0.0213826,0.368247,0.929482
0.585003,0.609345,-0.535229,-0.385109,0.789496,0.477899,0.713766,-0.0734515,0.696522
0.975935,0.00965833,0.217848,-0.142819,0.783246,0.605086,-0.164785,-0.621637,0.765776
0.965551,-0.171601,-0.19561,0.23836,0.884816,0.400356,0.104377,-0.43319,0.895238
0.96485,-0.174002,-0.196949,0.0400981,0.838112,-0.544022,0.259726,0.517002,0.815629
0.680779,-0.513043,0.522807,0.627057,0.777103,-0.0539402,-0.378601,0.364551,0.850743
0.89275,-0.270288,-0.360474,-0.0271248,0.766377,-0.641818,0.449735,0.582761,0.676852
0.934388,0.272264,-0.229764,-0.0517796,0.741879,0.668532,0.352474,-0.612771,0.7073
0.914578,-0.0519935,-0.401053,0.127716,0.978083,0.164447,0.383713,-0.201621,0.901173
0.882131,-0.407324,0.236499,0.459913,0.853228,-0.245931,-0.101614,0.325712,0.939993
0.984868,-0.117818,0.127094,0.123773,0.991505,-0.039988,-0.121303,0.0551137,0.991084
0.713024,0.457386,0.531409,-0.543935,0.839093,0.00761915,-0.442416,-0.294484,0.847081
0.970945,-0.207506,-0.11919,0.231139,0.684251,0.691647,-0.0619648,-0.699101,0.712333
0.804325,-0.0100205,0.594106,-0.173894,0.952112,0.251484,-0.568175,-0.305586,0.764064
0.857934,0.475956,-0.193428,-0.510131,0.744529,-0.43063,-0.0609486,0.468126,0.881557
0.897128,0.101162,-0.430032,0.199548,0.775667,0.598766,0.394135,-0.622982,0.675686
0.634313,0.471271,0.612821,-0.653967,0.749851,0.100253,-0.412278,-0.464356,0.783836
0.92321,0.133492,-0.360365,-0.0301474,0.959997,0.278384,0.383111,-0.246143,0.890303
0.907182,0.274145,-0.319165,0.0245484,0.7228,0.690621,0.420023,-0.634354,0.648981
0.905473,-0.106097,0.410928,0.226185,0.939919,-0.255719,-0.359109,0.324492,0.875069
0.753481,-0.466006,-0.463794,0.593164,0.786096,0.173811,0.28359,-0.406069,0.868726
0.603001,-0.599865,0.525881,0.646929,0.753425,0.117621,-0.466768,0.269282,0.842386
0.691854,-0.490461,-0.529893,0.439428,0.868338,-0.229982,0.572924,-0.0737356,0.816285
0.686316,-0.611151,-0.394289,0.668988,0.743167,0.0125531,0.285351,-0.27239,0.918901
0.814153,0.0322176,-0.579755,-0.036127,0.999336,0.00480071,0.579525,0.0170363,0.814777
0.764793,0.226443,0.603171,-0.497887,0.801902,0.330246,-0.408902,-0.552881,0.726032
0.709434,-0.568212,-0.41694,0.686152,0.691948,0.224508,0.160933,-0.445357,0.880771
0.704257,-0.451116,0.548194,0.601933,0.788837,-0.124149,-0.37643,0.417409,0.827085
0.720184,-0.329478,-0.610557,0.0122721,0.885952,-0.463615,0.693675,0.326395,0.642092
0.537501,0.58176,-0.610449,-0.634145,0.756025,0.162129,0.555835,0.299969,0.775284
0.74287,0.643222,-0.185499,-0.649055,0.624194,-0.434868,-0.16393,0.443449,0.881181
0.799703,0.254135,-0.543958,-0.179735,0.965783,0.186972,0.572861,-0.0517539,0.818017
0.784921,-0.344658,0.514888,0.0211085,0.845399,0.533719,-0.619236,-0.408059,0.670846
0.926498,0.268345,0.263802,-0.208566,0.94971,-0.233563,-0.313211,0.161376,0.935872
0.696791,-0.585952,-0.413694,0.377468,0.789987,-0.483155,0.609919,0.180502,0.771633
0.604342,-0.499742,0.620507,0.661911,0.74841,-0.0419142,-0.443447,0.436051,0.78308
0.921837,-0.387552,-0.00441531,0.383265,0.909826,0.15914,-0.057658,-0.148394,0.987246
0.617572,-0.378352,0.689532,0.676178,0.7032,-0.21976,-0.401732,0.601964,0.690109
0.800278,-0.452483,0.393464,0.543843,0.824096,-0.15843,-0.252565,0.34077,0.905586
0.700933,-0.57526,0.421627,0.636689,0.771094,-0.00639435,-0.321436,0.272927,0.906747
0.890942,0.352191,0.286678,-0.332282,0.935884,-0.117088,-0.309535,0.0090607,0.950845
0.860966,0.302143,0.409203,-0.260649,0.952882,-0.155171,-0.436806,0.0269387,0.899152
0.831106,0.416828,0.368126,-0.264606,0.878632,-0.397479,-0.489128,0.232939,0.840532
0.706667,-0.704635,0.0641191,0.687724,0.705343,0.171834,-0.166306,-0.0773328,0.983037
0.818919,0.0858442,0.567453,-0.288033,0.916683,0.276999,-0.496396,-0.390285,0.775415
0.799106,-0.237941,0.552099,0.365699,0.921288,-0.13226,-0.477172,0.307592,0.823222
0.727448,0.423468,0.539902,-0.602653,0.770514,0.207649,-0.328069,-0.476428,0.815713
0.971293,-0.0859244,-0.221828,-0.0180713,0.903144,-0.428957,0.237201,0.420652,0.875664
0.7424,-0.372226,-0.557037,0.0625153,0.866313,-0.495573,0.667034,0.33309,0.666421
0.679653,0.453037,-0.576914,-0.210573,0.873882,0.438166,0.70266,-0.176318,0.689333
0.766443,0.230684,-0.599458,-0.176957,0.973,0.14818,0.617455,-0.00749348,0.78657
0.726176,0.302649,-0.61731,-0.232903,0.953096,0.193297,0.646857,0.00340575,0.762604
0.829114,0.558934,0.012746,-0.441966,0.641304,0.627212,0.342396,-0.525664,0.778744
0.823707,-0.182953,-0.536689,0.15263,0.983121,-0.100882,0.546086,0.00118249,0.837728
0.716551,0.0162757,-0.697345,-0.392952,0.835416,-0.384277,0.576319,0.549377,0.605014
0.795362,-0.19257,-0.574732,0.482949,0.774312,0.408903,0.36628,-0.602791,0.70886
0.907787,0.252524,-0.334895,0.0126051,0.781663,0.623573,0.419243,-0.570293,0.706401
0.769527,0.630177,-0.103467,-0.573113,0.609999,-0.547214,-0.281728,0.480394,0.830573
0.994699,-0.0808587,-0.0635239,0.10218,0.708078,0.698702,-0.0115163,-0.701489,0.712587
0.750051,0.637792,0.175053,-0.594727,0.534614,0.600406,0.289348,-0.554444,0.780301
0.868433,0.4582,-0.189413,-0.313411,0.80334,0.506378,0.384186,-0.380392,0.841251
0.825599,-0.562301,-0.0469434,0.505287,0.699726,0.505043,-0.251139,-0.440683,0.861816
0.975272,0.0956803,0.199221,0.0505824,0.780865,-0.622649,-0.21514,0.617329,0.756716
0.942047,-0.0629941,-0.329513,-0.101782,0.882249,-0.459649,0.319667,0.46655,0.824708
0.791871,-0.581209,-0.187449,0.601236,0.688182,0.406105,-0.107033,-0.434284,0.894395
0.981393,0.185814,0.0483747,-0.186432,0.861878,0.471603,0.0459373,-0.471846,0.880483
0.793282,0.12789,-0.595271,-0.462245,0.762838,-0.452115,0.396274,0.633816,0.664262
0.901668,0.413446,0.126714,-0.305431,0.816341,-0.490203,-0.306114,0.403298,0.862348
0.667326,-0.606413,-0.432364,0.521074,0.794947,-0.31071,0.532126,-0.0179487,0.846475
0.724222,-0.644878,0.2442,0.671685,0.739849,-0.0382335,-0.156015,0.191715,0.968971
0.754371,0.0353925,0.655494,0.434061,0.722203,-0.53853,-0.492459,0.690776,0.529446
0.838994,0.421777,0.343793,-0.355916,0.903281,-0.239598,-0.411599,0.0786593,0.907964
0.649634,-0.396083,0.648918,0.545117,0.837652,-0.0344375,-0.529927,0.376108,0.760079
0.786082,-0.120531,-0.606257,0.491867,0.71598,0.495418,0.374355,-0.687637,0.622105
0.950922,0.241404,0.193573,-0.089376,0.8132,-0.575081,-0.296241,0.529556,0.794866
0.894486,-0.444675,-0.0464593,0.383436,0.709529,0.591224,-0.229939,-0.546656,0.805168
0.984356,-0.123838,-0.125327,0.0636057,0.913121,-0.402697,0.164308,0.388426,0.906713
0.715031,0.697001,-0.0540279,-0.698672,0.709786,-0.0897792,-0.0242279,0.101943,0.994495
0.697254,-0.302083,0.650063,0.26702,0.951055,0.155549,-0.665234,0.0651228,0.743789
0.730026,0.43286,-0.528861,-0.0718872,0.818189,0.570438,0.679628,-0.378416,0.628417
0.787928,0.56799,-0.237817,-0.615,0.745157,-0.257907,0.0307222,0.34947,0.936444
0.877843,0.454536,0.150961,-0.476825,0.799754,0.364735,0.0450532,-0.392162,0.918792
0.706742,-0.380096,-0.596693,0.0129573,0.850229,-0.526253,0.707352,0.364194,0.605818
0.579012,-0.632549,-0.51442,0.524202,0.772067,-0.359338,0.624466,-0.061599,0.778619
0.724512,-0.681531,-0.102946,0.673886,0.731776,-0.10189,0.144774,0.00444639,0.989455
0.915761,-0.157436,-0.369589,-0.0133927,0.907532,-0.41977,0.4015,0.389359,0.828974
0.754698,-0.653717,0.0555419,0.638224,0.711919,-0.292988,0.15199,0.256565,0.954502
0.887589,0.434997,0.151536,-0.446962,0.892864,0.0549365,-0.111404,-0.116492,0.986924
0.958133,0.0435378,-0.282994,0.0923225,0.888605,0.449285,0.271031,-0.456602,0.847382
0.563514,-0.662,0.494175,0.544892,0.747472,0.379971,-0.620922,0.0551531,0.781929
0.812578,0.5699,0.122193,-0.534108,0.644145,0.547546,0.233337,-0.510188,0.827806
0.847872,-0.50252,-0.169076,0.271925,0.685903,-0.674978,0.455159,0.526319,0.718205
0.646389,0.691829,0.321797,-0.666702,0.717218,-0.202749,-0.371066,-0.0834877,0.924846
0.870183,0.245099,-0.427444,0.0653856,0.802391,0.593207,0.488371,-0.544147,0.682201
0.931628,-0.230117,0.281276,0.152095,0.949826,0.27331,-0.330057,-0.211842,0.919883
0.876596,0.0179983,-0.48089,-0.032357,0.999243,-0.0215835,0.480138,0.0344802,0.876515
0.916516,0.116322,-0.382711,-0.285932,0.859598,-0.42348,0.279717,0.497555,0.821095
0.596922,-0.551166,0.58301,0.370583,0.833924,0.408949,-0.711585,-0.0280572,0.70204
0.93531,0.247794,0.252573,-0.226873,0.96777,-0.109321,-0.271521,0.0449468,0.961382
0.965673,0.0840759,0.245778,-0.15543,0.94512,0.287386,-0.208127,-0.315722,0.925744
0.732293,-0.644118,0.22104,0.67922,0.714227,-0.168937,-0.0490576,0.273847,0.960521
0.861743,0.44949,0.235282,-0.504927,0.714612,0.484126,0.0494746,-0.535993,0.842772
0.868895,0.188539,-0.457684,-0.046529,0.951636,0.303685,0.492804,-0.242575,0.835644
0.931601,-0.151729,-0.330301,-0.0302149,0.873237,-0.486357,0.362226,0.463071,0.808924
0.825339,-0.55464,-0.105781,0.482946,0.790494,-0.376673,0.292538,0.259797,0.920287
0.780551,-0.613532,-0.119661,0.534904,0.754634,-0.380008,0.323447,0.232608,0.917211
0.94515,0.18824,-0.266941,-0.285809,0.872243,-0.39687,0.15813,0.451396,0.878201
0.66445,-0.691129,-0.284337,0.640048,0.72268,-0.260906,0.385804,-0.00863007,0.92254
0.984664,0.0791911,0.155451,-0.136114,0.906088,0.400595,-0.109129,-0.415611,0.902972
0.793507,-0.280596,0.540012,0.241037,0.959701,0.144486,-0.558792,0.0155125,0.829163
0.828682,-0.375996,-0.414623,0.352019,0.92603,-0.1362,0.435165,-0.0330886,0.899743
0.865988,0.476647,0.151236,-0.324846,0.76614,-0.554531,-0.380183,0.431089,0.818305
0.733821,-0.4231,0.531501,0.189937,0.878954,0.43745,-0.65225,-0.220059,0.725358
0.75336,-0.651432,0.0899171,0.656885,0.739053,-0.149341,0.030832,0.171573,0.984689
0.842188,0.163704,-0.513732,0.0680499,0.912905,0.40246,0.534873,-0.373907,0.757697
0.955146,-0.117043,0.272023,0.218992,0.897515,-0.382765,-0.199345,0.425167,0.88289
0.795883,0.521816,0.307048,-0.502388,0.852212,-0.146087,-0.337901,-0.037989,0.940415
0.736847,0.649854,0.186402,-0.622825,0.759755,-0.186712,-0.262956,0.0214826,0.964569
0.852347,0.150433,-0.500874,0.241304,0.736569,0.631853,0.46398,-0.659421,0.591512
0.631128,0.604964,-0.485485,-0.68209,0.730873,0.024029,0.369364,0.315979,0.873915
0.825206,-0.519033,0.2228,0.395421,0.812527,0.428301,-0.403333,-0.265337,0.875739
0.944497,-0.0594078,0.323105,-0.152363,0.792128,0.591032,-0.291052,-0.607457,0.739111
0.992509,0.0341462,0.117301,-0.023593,0.995644,-0.0902057,-0.11987,0.0867625,0.988991
0.799471,0.504852,-0.32553,-0.519272,0.85326,0.0480042,0.301996,0.130661,0.944312
0.547442,-0.673265,-0.497012,0.417355,0.734435,-0.535182,0.725343,0.0855508,0.683051
0.772214,0.148963,0.617653,0.182703,0.879007,-0.440417,-0.608527,0.452943,0.651566
0.563291,0.544941,0.621082,-0.486277,0.826358,-0.284021,-0.668011,-0.142032,0.730472
0.858088,-0.131581,-0.496357,0.433492,0.703771,0.562842,0.275262,-0.698135,0.660937
0.777112,-0.280103,0.563596,-0.177926,0.761193,0.62364,-0.603688,-0.584916,0.541695
0.678308,0.627016,0.383079,-0.578177,0.777199,-0.248341,-0.453442,-0.0530359,0.889706
0.998547,0.0523782,-0.0126664,-0.0538813,0.966753,-0.249969,-0.000847684,0.250288,0.968171
0.940241,-0.0878869,0.328972,0.205016,0.917492,-0.340848,-0.271873,0.387924,0.880682
0.847132,-0.247193,0.470385,0.127313,0.953846,0.271974,-0.515905,-0.170512,0.839504
0.85791,-0.493687,0.142348,0.502853,0.749883,-0.4299,0.105492,0.440396,0.891584
0.925235,0.321946,0.200728,-0.375756,0.850706,0.367568,-0.0524233,-0.415511,0.908076
0.970443,-0.083714,-0.226346,0.1494,0.944972,0.291047,0.189526,-0.31626,0.929548
0.861544,0.15267,-0.484184,0.0242228,0.940265,0.33958,0.507105,-0.304292,0.806381
0.706363,-0.707794,0.00884352,0.681668,0.68355,0.260938,-0.190736,-0.178289,0.965315
0.748568,0.30955,-0.586365,-0.06885,0.915843,0.39559,0.659473,-0.255755,0.706884
0.909146,-0.0500638,-0.413457,0.232315,0.884912,0.403684,0.345663,-0.46306,0.816145
0.81348,0.316646,0.487837,-0.501285,0.80705,0.312064,-0.294895,-0.498403,0.815249
0.777562,-0.554326,0.296851,0.613473,0.56513,-0.551615,0.138015,0.611025,0.779487
0.847292,0.521923,0.098452,-0.382754,0.728528,-0.568107,-0.368233,0.44367,0.817044
0.886755,-0.0759394,0.455959,-0.251638,0.748127,0.61399,-0.387741,-0.659195,0.644297
0.940799,0.338369,0.0201112,-0.273078,0.79174,-0.546421,-0.200815,0.508581,0.837269
0.975162,-0.0435392,-0.21717,-0.0246499,0.953065,-0.30176,0.220116,0.299618,0.92832
0.900328,0.155052,-0.406656,-0.207871,0.974117,-0.0888069,0.382361,0.164487,0.909255
0.996798,-0.00835325,-0.0795261,0.0156866,0.995632,0.0920398,0.0784099,-0.0929926,0.992575
0.825241,-0.562553,-0.0501123,0.374348,0.611268,-0.697291,0.422895,0.556674,0.715034
0.784751,-0.585074,0.204582,0.48612,0.785758,0.382455,-0.384517,-0.20068,0.901041
0.816633,0.231557,-0.52867,-0.418842,0.867976,-0.26681,0.397092,0.439316,0.805804
0.92967,0.335156,-0.152921,-0.149353,0.722355,0.675202,0.336761,-0.604875,0.721608
0.74453,-0.666596,-0.0363978,0.504737,0.526387,0.68422,-0.436939,-0.527794,0.728367
0.78612,0.340847,-0.515594,-0.572837,0.715056,-0.40069,0.232105,0.610342,0.75737
0.756607,-0.641976,-0.124147,0.596397,0.599714,0.53353,-0.268061,-0.477714,0.83662
0.789674,0.296058,0.537368,-0.0810411,0.918527,-0.386963,-0.608151,0.262026,0.74933
0.819871,0.169231,-0.546967,-0.029882,0.966665,0.254294,0.571768,-0.192144,0.797597
0.759061,-0.4878,0.431135,0.589391,0.796168,-0.136877,-0.276487,0.358005,0.891845
0.767132,0.54887,0.332039,-0.573668,0.818616,-0.0278134,-0.287078,-0.169143,0.942856
0.965839,0.253784,0.0524298,-0.24759,0.843957,0.475852,0.0765151,-0.472577,0.877961
0.835648,0.549265,0.000576627,-0.539324,0.820723,-0.18853,-0.104026,0.157233,0.982067
0.514442,0.604779,0.607941,-0.619198,0.75244,-0.22456,-0.593248,-0.260913,0.761565
0.908318,-0.0707412,0.412255,0.0711488,0.997362,0.0143815,-0.412185,0.0162685,0.910955
0.967558,-0.186435,-0.170512,0.198198,0.978638,0.054634,0.156684,-0.0866566,0.98384
0.750717,-0.566612,0.339668,0.318432,0.760853,0.565424,-0.578813,-0.316312,0.751613
0.862231,-0.248465,-0.441387,0.487521,0.643498,0.590113,0.137409,-0.724,0.675976
0.979426,-0.152391,-0.132291,0.195266,0.881143,0.430648,0.0509411,-0.44762,0.892772
0.676526,-0.570749,-0.465358,0.378272,0.811512,-0.445375,0.631841,0.125276,0.764907
0.758248,-0.0669622,0.648519,0.426576,0.803198,-0.415819,-0.493045,0.591936,0.637588
0.872469,-0.225193,0.43369,-0.105795,0.779397,0.617533,-0.477081,-0.58466,0.656175
0.976397,0.0660493,0.205636,-0.135653,0.928412,0.345904,-0.168068,-0.365635,0.915459
0.851966,-0.512555,0.106964,0.446474,0.817873,0.362968,-0.273524,-0.26148,0.925642
0.689416,-0.713721,-0.123727,0.619031,0.669208,-0.41105,0.376174,0.206793,0.903177
0.849998,-0.283135,-0.444228,0.0588441,0.889034,-0.454045,0.52349,0.359797,0.772337
0.872613,-0.486068,0.0477951,0.487059,0.873298,-0.0111394,-0.0363249,0.0329994,0.998795
0.853095,-0.321881,0.410636,0.350763,0.936449,0.00533556,-0.386257,0.139484,0.911784
0.851855,0.279404,0.443031,0.0672029,0.780543,-0.621479,-0.519448,0.559183,0.646133
0.937892,0.244605,-0.246022,-0.29758,0.931749,-0.208063,0.178337,0.268352,0.946669
0.713535,0.599089,-0.363263,-0.638683,0.769338,0.014258,0.288014,0.221837,0.931577
0.90659,-0.0711775,-0.415967,0.113264,0.990549,0.0773604,0.406529,-0.117248,0.906083
0.797801,-0.578265,0.170655,0.592489,0.804362,-0.0442608,-0.111674,0.136423,0.984336
0.921794,-0.199015,-0.332699,0.304037,0.903564,0.301883,0.240535,-0.379427,0.893408
0.937469,-0.267777,-0.222369,0.317019,0.920641,0.227857,0.143708,-0.284104,0.947963
0.789897,0.191424,0.582598,0.154761,0.857056,-0.49143,-0.593391,0.478342,0.647361
0.84899,-0.528371,-0.00641563,0.510086,0.816319,0.270991,-0.137946,-0.233341,0.962561
0.726921,0.061612,0.683951,-0.0697464,0.997441,-0.0157235,-0.68317,-0.0362734,0.729358
0.828476,-0.517239,0.214688,0.423202,0.829309,0.364892,-0.366779,-0.211448,0.905959
0.728172,0.106174,-0.677121,-0.156735,0.987546,-0.013703,0.667232,0.116107,0.735745
0.924569,-0.0400447,0.378905,-0.00945833,0.991743,0.127892,-0.380898,-0.121829,0.916556
0.91891,-0.0229297,-0.393801,0.151605,0.942164,0.298902,0.364172,-0.334366,0.86924
0.898923,0.138329,0.415694,-0.290684,0.898223,0.329694,-0.32778,-0.417206,0.847644
0.801993,-0.440511,-0.403433,0.50466,0.86101,0.0630837,0.319571,-0.254189,0.912832
0.744622,0.0115125,0.667388,0.230228,0.934063,-0.272984,-0.626525,0.356921,0.692873
0.809274,0.333966,-0.483262,-0.373021,0.927678,0.0164238,0.453796,0.166975,0.875322
0.793996,0.0878242,-0.601546,-0.199142,0.972488,-0.120872,0.57438,0.215765,0.789641
0.871031,-0.475249,-0.124274,0.487333,0.867811,0.0970102,0.0617423,-0.145062,0.987494
0.855279,-0.247407,0.455288,0.463467,0.758188,-0.458639,-0.231723,0.603276,0.763127
0.897928,0.150816,0.413496,-0.326706,0.857912,0.396549,-0.294937,-0.491164,0.819616
0.920333,-0.0906187,-0.380493,0.292965,0.804236,0.517084,0.259149,-0.587361,0.766714
0.822491,0.464329,0.328491,-0.484257,0.874603,-0.0237638,-0.298334,-0.139529,0.944208
0.84551,-0.531159,-0.0546217,0.525476,0.845874,-0.0914996,0.0948038,0.0486614,0.994306
0.739003,0.42797,-0.520305,-0.645131,0.67207,-0.363494,0.194117,0.604288,0.772758
0.9444,-0.277662,-0.176107,0.326812,0.733888,0.595485,-0.036101,-0.61993,0.783826
0.795862,-0.386353,-0.466192,0.588066,0.676555,0.443229,0.144162,-0.626901,0.765646
0.893617,0.125494,0.430929,0.024489,0.945053,-0.325998,-0.448162,0.301871,0.841442
0.898577,-0.0468403,0.436309,0.196004,0.932432,-0.303568,-0.392609,0.358297,0.847043
0.930792,0.32394,-0.169377,-0.318717,0.946078,0.0579373,0.179012,5.56015e-05,0.983847
0.768796,0.023102,-0.639077,-0.0098985,0.999657,0.0242289,0.639418,-0.0123011,0.768761
0.789232,0.56929,0.230263,-0.318875,0.700366,-0.638597,-0.524815,0.430576,0.734284
0.854344,0.48413,0.18898,-0.502202,0.862634,0.0604591,-0.133751,-0.146559,0.980118
0.783805,0.326968,-0.52796,-0.0896244,0.900826,0.42483,0.614505,-0.285666,0.735376
0.925088,0.0904123,0.368832,0.0337335,0.947841,-0.316954,-0.378251,0.305653,0.873786
0.636164,-0.251866,0.729286,0.553023,0.807964,-0.203369,-0.538015,0.532688,0.653286
0.96475,0.253439,0.070898,-0.146827,0.741929,-0.654205,-0.218402,0.620734,0.752987
0.902942,0.370729,0.217383,-0.218005,0.831029,-0.511727,-0.370364,0.414669,0.831192
0.823556,-0.535295,-0.187658,0.347064,0.737197,-0.579731,0.448668,0.412311,0.792904
0.941049,-0.334696,-0.0490384,0.335422,0.942041,0.00716815,0.043797,-0.0231941,0.998771
0.84592,0.15155,-0.511324,-0.423115,0.774352,-0.470481,0.324644,0.614338,0.719163
0.827571,-0.539157,0.156319,0.496318,0.832851,0.245005,-0.262287,-0.125174,0.956837
0.564027,0.56192,-0.605078,-0.509848,0.813383,0.280111,0.64956,0.150508,0.745264
0.618868,-0.419906,-0.663838,0.54755,0.836564,-0.0187056,0.563198,-0.351908,0.747642
0.723947,-0.688721,-0.0395583,0.631025,0.684291,-0.365449,0.278762,0.239603,0.92999
0.797235,-0.354867,-0.48835,0.396656,0.917763,-0.0193626,0.455061,-0.178271,0.872433
0.796685,-0.573068,-0.19206,0.344445,0.691615,-0.634844,0.49664,0.439616,0.748389
0.995333,-0.0814254,-0.0517934,0.0718504,0.983583,-0.165535,0.0644218,0.161041,0.984843
0.795483,-0.0871908,0.599671,-0.124364,0.94504,0.30238,-0.593077,-0.315116,0.740919
0.831696,-0.532253,-0.158077,0.504137,0.843206,-0.186681,0.232653,0.0755695,0.96962
0.840898,0.529334,-0.112679,-0.463753,0.812103,0.354148,0.278969,-0.245548,0.928376
0.996571,0.0197739,0.0803485,-0.019943,0.9998,0.00130289,-0.0803067,-0.00290081,0.996766
0.82021,0.38268,0.42522,-0.419182,0.907863,-0.0084739,-0.389284,-0.171294,0.90505
0.622088,-0.30847,-0.71962,0.646811,0.72039,0.250347,0.441183,-0.621196,0.647668
0.870771,-0.401307,0.284095,0.48898,0.767354,-0.414809,-0.0515357,0.500121,0.864421
0.987155,-0.0154332,0.15902,-0.0359233,0.948396,0.315046,-0.155676,-0.316712,0.935659
0.893488,-0.411952,-0.178813,0.447862,0.787983,0.422495,-0.0331461,-0.457578,0.888551
0.584237,0.516211,0.626253,-0.623104,0.779724,-0.0614158,-0.520008,-0.354339,0.777197
0.901345,0.410833,-0.137091,-0.300263,0.820871,0.485812,0.312122,-0.39672,0.863246
0.671841,-0.157017,0.723862,0.508696,0.808156,-0.296836,-0.538385,0.567652,0.622827
0.766033,-0.355988,0.535225,-0.0693257,0.782035,0.619367,-0.639052,-0.511561,0.574386
0.923446,0.148922,-0.353653,-0.266281,0.912299,-0.311136,0.276302,0.381488,0.882113
0.97287,0.231337,0.00275212,-0.223912,0.938522,0.262754,0.0582017,-0.256242,0.964859
0.949528,0.306896,0.0648993,-0.261244,0.888207,-0.377942,-0.173633,0.341911,0.923552
0.761378,0.380096,0.525196,-0.241065,0.918,-0.314903,-0.601823,0.113154,0.790573
0.86611,-0.479536,0.141063,0.496752,0.857138,-0.136205,-0.0555954,0.188042,0.980586
0.573025,0.642847,-0.50832,-0.636354,0.739861,0.218309,0.516426,0.198375,0.833038
0.903521,-0.303141,0.30291,0.42017,0.765684,-0.487017,-0.0842982,0.567304,0.819182
0.860765,-0.343791,0.375354,-0.000437429,0.736932,0.675967,-0.509002,-0.582013,0.634175
0.72342,0.690059,0.0219594,-0.494774,0.540352,-0.680601,-0.481521,0.481496,0.732325
0.836988,0.527223,0.146583,-0.484836,0.838676,-0.248105,-0.253742,0.136592,0.957579
0.775864,0.577289,-0.254504,-0.574711,0.813126,0.0923779,0.260273,0.0745937,0.962649
0.777688,-0.6263,0.0543077,0.623165,0.779407,0.0647221,-0.0828633,-0.016491,0.996424
0.724923,-0.679552,0.112674,0.68057,0.681329,-0.269472,0.106352,0.272029,0.956394
0.837801,0.0398534,0.544518,-0.0675626,0.997234,0.0309648,-0.541779,-0.0627314,0.838177
0.951237,-0.00730221,0.308376,0.0412074,0.993767,-0.103579,-0.305697,0.111236,0.945609
0.712281,0.0200216,0.701609,-0.22589,0.952952,0.202131,-0.664553,-0.302461,0.683292
0.976877,0.212864,-0.0200194,-0.20037,0.878814,-0.433056,-0.0745884,0.427053,0.901145
0.954076,-0.254366,-0.15823,0.260286,0.965372,0.0175385,0.14829,-0.0579182,0.987246
0.746146,0.42284,-0.514269,-0.237249,0.890586,0.388032,0.622077,-0.167519,0.764825
0.8022,0.473149,-0.364151,-0.55882,0.809761,-0.178904,0.210227,0.347012,0.913995
0.687362,0.249281,0.682197,-0.597179,0.728587,0.335468,-0.413414,-0.637982,0.649668
0.941121,0.105803,-0.321086,-0.0658336,0.988939,0.13291,0.331597,-0.103946,0.937677
0.728353,0.563165,-0.390317,-0.369052,0.802378,0.469031,0.577323,-0.197573,0.792252
0.769179,-0.565413,0.297779,0.588261,0.808519,0.0156795,-0.249625,0.163111,0.954506
0.82879,0.00449813,-0.559541,-0.397476,0.708571,-0.583044,0.393852,0.705625,0.589045
0.97207,-0.229063,0.0510876,0.234625,0.943337,-0.234661,0.00555942,0.240094,0.970734
0.637978,0.602604,0.479429,-0.347569,0.780904,-0.519023,-0.687153,0.164491,0.707646
0.639214,0.576855,-0.50857,-0.403499,0.814551,0.416767,0.654671,-0.0611961,0.753433
0.846518,0.528158,-0.0667537,-0.518703,0.790073,-0.326699,-0.119809,0.311182,0.942768
0.944514,0.309005,-0.111397,-0.311139,0.732946,-0.604966,-0.105289,0.606058,0.788421
0.879058,-0.444048,0.173428,0.471001,0.752856,-0.459746,0.0735829,0.485828,0.870952
0.850884,-0.357016,-0.385403,0.523273,0.641166,0.56133,0.0467039,-0.679298,0.732375
0.823424,-0.464124,0.326439,0.424023,0.885594,0.189545,-0.377064,-0.0176585,0.926019
0.828416,0.541737,-0.142292,-0.533761,0.840547,0.0926227,0.16978,-0.000780473,0.985482
0.931731,0.137283,-0.3362,0.0380267,0.883819,0.466282,0.361153,-0.447234,0.818261
0.662789,-0.352298,0.660755,0.47912,0.877658,-0.0126488,-0.575461,0.324964,0.750495
0.716067,-0.408413,-0.566081,0.655379,0.672502,0.343831,0.240265,-0.617203,0.749222
0.879268,-0.445737,0.167946,0.446618,0.64891,-0.615993,0.16559,0.616631,0.76964
0.740311,0.175706,-0.648897,0.073539,0.938282,0.337963,0.66823,-0.297917,0.681699
0.767227,0.223732,0.601089,-0.022949,0.946162,-0.322879,-0.640965,0.233927,0.731055
0.951213,-0.104171,0.290418,0.274883,0.713606,-0.644365,-0.140119,0.692759,0.707426
0.860204,0.505079,0.070318,-0.43586,0.799783,-0.412763,-0.264717,0.324411,0.90812
0.986581,0.120549,0.11012,-0.162477,0.791424,0.589278,-0.0161148,-0.599262,0.80039
0.817264,0.135086,-0.560207,-0.120366,0.990709,0.0632995,0.563553,0.0156973,0.825931
0.78149,-0.0870074,-0.617821,0.397103,0.83313,0.384972,0.48123,-0.54619,0.685634
0.80779,0.209538,-0.550971,0.197421,0.784541,0.58781,0.555428,-0.5836,0.592378
0.631999,0.545474,0.550486,-0.545558,0.817655,-0.183869,-0.550403,-0.184117,0.814345
0.853622,0.515903,-0.0719308,-0.518941,0.830329,-0.203113,-0.0450606,0.21071,0.97651
0.903164,-0.417893,-0.0982848,0.34278,0.839829,-0.420939,0.25845,0.346487,0.901748
0.988441,-0.150807,0.0155129,0.15127,0.98787,-0.0350609,-0.0100373,0.0370023,0.999265
0.784292,-0.447462,-0.429726,0.404932,0.893993,-0.19185,0.470018,-0.0235434,0.882343
0.964083,-0.0408314,-0.262442,-0.0861726,0.886573,-0.454491,0.251231,0.460783,0.851212
0.92741,0.240597,0.286398,-0.351411,0.82275,0.446757,-0.128146,-0.514971,0.847575
0.779393,-0.565309,-0.270134,0.626301,0.691161,0.360616,-0.0171529,-0.450246,0.89274
0.68822,0.599075,0.409222,-0.44228,0.793562,-0.417909,-0.575101,0.106623,0.811104
0.687933,0.66536,-0.289904,-0.629384,0.745822,0.218232,0.361419,0.0323321,0.931843
0.896632,0.314716,-0.311457,-0.178156,0.900392,0.396932,0.405354,-0.300414,0.863388
0.643592,0.456964,-0.613982,-0.565113,0.824735,0.0214531,0.516175,0.333162,0.789029
0.823155,-0.478602,-0.305541,0.222131,0.766639,-0.60243,0.522564,0.428024,0.737375
0.763854,0.635058,-0.115014,-0.505694,0.699664,0.504721,0.400999,-0.327371,0.855586
0.841437,-0.518552,0.151943,0.457897,0.833564,0.309032,-0.286904,-0.190457,0.938836
0.860156,-0.361588,0.359702,0.296188,0.92828,0.224874,-0.415216,-0.0868872,0.905564
0.718951,0.630334,-0.292898,-0.693,0.682494,-0.232278,0.0534884,0.369974,0.927501
0.936568,0.25661,0.238731,-0.320175,0.903498,0.284921,-0.142579,-0.343283,0.928347
0.827739,-0.479359,0.291654,0.561108,0.705066,-0.433636,0.00223156,0.522587,0.852583
0.865947,-0.0194342,0.499757,-0.309813,0.763593,0.566517,-0.392621,-0.645405,0.65521
0.92706,0.350729,0.132474,-0.296447,0.902064,-0.313688,-0.229519,0.251536,0.94024
0.943441,0.298548,-0.144182,-0.173582,0.81531,0.552394,0.282469,-0.496124,0.821019
0.727614,0.651859,0.213676,-0.654086,0.753146,-0.0703058,-0.206759,-0.0886071,0.974371
0.990686,0.0128108,-0.135562,0.0338223,0.941212,0.336119,0.131898,-0.337574,0.932012
0.741728,0.208959,-0.637319,-0.489704,0.818017,-0.301726,0.458289,0.535897,0.709074
0.822825,-0.286527,-0.490776,-0.139727,0.735083,-0.663423,0.550849,0.614456,0.564809
0.91754,0.0369842,0.39592,0.106423,0.936504,-0.334116,-0.383138,0.3487,0.855344
0.74196,0.0334415,-0.66961,-0.0599959,0.99806,-0.0166335,0.667755,0.0525152,0.742527
0.87176,0.420014,0.252236,-0.293312,0.859801,-0.417985,-0.392432,0.290398,0.872735
0.726946,0.681383,-0.085246,-0.47106,0.585141,0.660086,0.499652,-0.439691,0.746338
0.725135,-0.429944,0.537892,0.139392,0.856608,0.496782,-0.674351,-0.285256,0.681087
0.992228,0.0123473,0.123815,-0.0661015,0.895347,0.440437,-0.105419,-0.445198,0.889205
0.861118,-0.332828,-0.384318,0.336896,0.939695,-0.0589338,0.380757,-0.0787263,0.921318
0.764576,0.58141,0.278184,-0.642604,0.654257,0.398759,0.0498385,-0.483644,0.873845
0.774076,0.0439642,-0.631565,-0.145802,0.98315,-0.110263,0.616075,0.177435,0.767442
0.883371,0.324453,0.33821,-0.45715,0.755544,0.46922,-0.103293,-0.569108,0.815749
0.815455,0.299603,-0.495248,0.0270812,0.834931,0.549688,0.578186,-0.461658,0.672736
0.827367,0.55037,-0.112058,-0.561652,0.811882,-0.159356,0.00327326,0.194783,0.980841
0.702687,-0.225863,0.674698,0.19775,0.972912,0.119741,-0.683466,0.0492807,0.728317
0.583579,-0.493135,0.645177,0.582576,0.80773,0.0904264,-0.565722,0.323094,0.758663
0.932366,0.298704,-0.203642,-0.159656,0.845609,0.509368,0.324352,-0.442404,0.836107
0.814723,0.0434184,0.578222,0.337058,0.775954,-0.533186,-0.471824,0.629293,0.617553
0.871506,0.383448,0.305688,-0.468387,0.8355,0.287321,-0.145229,-0.393582,0.907745
0.903089,-0.17912,-0.390316,0.279976,0.934734,0.21883,0.325645,-0.306902,0.894297
0.59108,0.505417,0.628632,-0.537234,0.828008,-0.160572,-0.601668,-0.242811,0.760946
0.9924,-0.122017,-0.0159631,0.118585,0.913604,0.388928,-0.0328718,-0.387865,0.92113
0.940198,-0.0121545,0.340412,0.177556,0.870342,-0.459324,-0.290692,0.492297,0.820452
0.985413,0.132366,0.106959,-0.0744522,0.900488,-0.42846,-0.153029,0.414247,0.897208
0.751031,0.38248,-0.538202,-0.591732,0.751529,-0.291646,0.292926,0.537507,0.790747
0.99735,0.0717716,-0.0119136,-0.0648366,0.802535,-0.593072,-0.0330046,0.592273,0.805061
0.998816,0.0427062,-0.0233063,-0.0186572,0.778639,0.627195,0.0449323,-0.626018,0.778513
0.654322,-0.511616,0.556876,0.539746,0.831738,0.129945,-0.529657,0.215546,0.820368
0.56961,-0.497908,-0.653936,0.67914,0.733255,0.0332621,0.46294,-0.46306,0.755818
0.882421,0.46363,0.0798742,-0.466558,0.840577,0.275235,0.0604668,-0.280139,0.958053
0.839205,-0.463821,0.283912,0.539061,0.778389,-0.321753,-0.0717579,0.423062,0.903255
0.803582,0.50044,-0.322205,-0.425279,0.8615,0.277409,0.416407,-0.0858938,0.905112
0.750279,0.352884,0.559065,-0.386674,0.920139,-0.0618698,-0.53625,-0.169756,0.826812
0.866908,-0.0340645,-0.497303,-0.261259,0.8186,-0.511505,0.424517,0.573353,0.700751
0.899647,-0.318934,0.298188,0.0499517,0.753649,0.655376,-0.433751,-0.574712,0.69395
0.7921,-0.531102,0.300845,0.30931,0.774155,0.552279,-0.526217,-0.344406,0.777483
0.605398,-0.456251,-0.652172,0.670232,0.734171,0.108547,0.429281,-0.50282,0.75026
0.98695,0.139777,0.079949,-0.151125,0.975448,0.160196,-0.0555944,-0.170188,0.983842
0.971914,0.221676,0.0790116,-0.216551,0.710979,0.66904,0.0921342,-0.667359,0.739015
0.618185,-0.611539,0.49383,0.674671,0.735176,0.0658458,-0.403319,0.292468,0.867062
0.668571,-0.504438,-0.546402,0.574396,0.816963,-0.0513946,0.472315,-0.27949,0.835945
0.830701,0.556371,-0.0196961,-0.409131,0.586103,-0.699353,-0.377556,0.589011,0.714505
0.604321,0.597947,0.52655,-0.450322,0.801535,-0.393385,-0.657272,0.000613526,0.753653
0.810696,0.52677,-0.255508,-0.446346,0.838513,0.312525,0.378876,-0.139318,0.914901
0.65397,-0.577202,-0.489041,0.536366,0.809635,-0.238334,0.533511,-0.106442,0.839069
0.799749,-0.433926,0.414861,0.0504205,0.737158,0.673836,-0.598213,-0.517983,0.61142
0.857287,-0.409738,-0.311726,0.492224,0.829791,0.262988,0.150911,-0.378895,0.913052
0.75084,0.564834,-0.342347,-0.626559,0.773107,-0.0986386,0.208957,0.288563,0.934381
0.791547,0.460973,-0.401194,-0.324121,0.873239,0.363868,0.518071,-0.157983,0.840621
0.665759,-0.290473,0.687306,0.577586,0.783775,-0.228235,-0.472397,0.548928,0.689579
0.790956,0.61172,-0.0137056,-0.590652,0.76918,0.24391,0.159747,-0.184827,0.969701
0.892916,-0.434613,-0.117524,0.416532,0.698377,0.58204,-0.170886,-0.568665,0.804623
0.878279,0.476797,0.0359183,-0.410979,0.714374,0.566363,0.244381,-0.512186,0.823373
0.63006,-0.461314,0.624671,0.728091,0.630644,-0.268648,-0.270014,0.624081,0.733222
0.892746,-0.441408,-0.0903505,0.440581,0.897212,-0.0299804,0.0942972,-0.0130419,0.995459
0.677271,0.476734,-0.560383,-0.405314,0.877428,0.256596,0.614024,0.0533461,0.787483
0.80329,-0.297484,0.515973,0.172619,0.945429,0.276345,-0.570024,-0.132919,0.810805
0.947654,0.000245664,0.3193,0.197364,0.785637,-0.586363,-0.250998,0.618688,0.744463
0.745686,0.561835,-0.358181,-0.665679,0.605021,-0.436832,-0.0287203,0.564173,0.825157
0.985376,0.128727,-0.111637,-0.0711063,0.906058,0.417135,0.154847,-0.403097,0.901962
0.82115,-0.365471,0.438342,0.310593,0.930535,0.194004,-0.478795,-0.02316,0.877621
0.766662,-0.527564,0.365931,0.556659,0.830177,0.0306122,-0.319937,0.18023,0.930138
0.951397,-0.201831,0.23261,0.103049,0.920406,0.377139,-0.290214,-0.334838,0.89647
0.969127,0.0872879,0.230594,-0.0563108,0.988877,-0.137664,-0.240046,0.120429,0.963263
0.831046,-0.553187,-0.0578538,0.518307,0.807959,-0.280288,0.201795,0.202946,0.958171
0.805855,0.110693,0.581674,0.316665,0.74951,-0.581342,-0.50032,0.652673,0.568944
0.99093,-0.123624,0.0526833,0.118531,0.988791,0.0907865,-0.0633162,-0.0837184,0.994476
0.967278,0.202169,-0.153302,-0.234573,0.942848,-0.236673,0.0966922,0.264889,0.959419
0.666084,-0.706626,-0.238771,0.633744,0.704973,-0.318405,0.39332,0.0607653,0.917391
0.661289,0.4403,-0.607316,-0.408672,0.890379,0.200529,0.629035,0.115586,0.768736
0.950708,-0.0700153,0.30208,0.237789,0.78987,-0.565298,-0.199025,0.609264,0.767585
0.981934,0.176484,0.0682537,-0.15363,0.954141,-0.256928,-0.110467,0.241801,0.964017
0.972872,-0.230036,0.0245803,0.186195,0.715509,-0.673334,0.137304,0.659644,0.73893
0.715993,0.66538,0.211243,-0.694468,0.709727,0.118332,-0.0711888,-0.231426,0.970244
0.550313,-0.521006,0.652463,0.716058,0.696398,-0.0478635,-0.429437,0.493542,0.756307
0.778732,0.164543,-0.605394,0.206617,0.843887,0.49514,0.592356,-0.510666,0.623165
0.963229,0.0413498,-0.265483,-0.161643,0.878455,-0.449654,0.214621,0.476033,0.852837
0.937114,-0.320436,0.138339,0.349004,0.856143,-0.381072,0.00367135,0.405388,0.914137
0.873874,0.32152,-0.364648,-0.0600146,0.815679,0.575383,0.482433,-0.480928,0.732097
0.97545,-0.0675332,0.209609,0.0952311,0.987577,-0.124989,-0.198564,0.141882,0.969764
0.791121,0.427278,0.437677,-0.587282,0.730616,0.348282,-0.17096,-0.532573,0.828938
0.622457,0.671544,0.401965,-0.616384,0.737123,-0.276984,-0.482305,-0.0753541,0.872756
0.891532,-0.181875,0.414841,0.148097,0.982554,0.112498,-0.428064,-0.0388595,0.902913
0.90963,0.0322172,0.414169,-0.175317,0.933626,0.312421,-0.376614,-0.356798,0.854902
0.785843,0.490187,0.377052,-0.381796,0.864182,-0.327752,-0.486501,0.113605,0.866262
0.732149,-0.170613,-0.659431,0.298839,0.95043,0.0858907,0.612089,-0.259949,0.746842
0.621547,-0.438548,0.649118,0.440126,0.880965,0.173754,-0.64805,0.177698,0.740577
0.826106,-0.550375,0.120976,0.51739,0.655739,-0.549831,0.223284,0.516811,0.826469
0.802631,0.340218,-0.489934,-0.508973,0.818929,-0.265144,0.311014,0.462176,0.83046
0.729731,-0.00296626,0.683728,0.141486,0.979001,-0.146758,-0.668935,0.203832,0.714827
0.744422,0.131081,0.654717,0.0945367,0.949972,-0.297683,-0.660983,0.283497,0.694788
0.965006,0.254957,0.0613151,-0.222184,0.919171,-0.325206,-0.139273,0.300202,0.943653
0.584837,0.644137,-0.493004,-0.518157,0.764284,0.383904,0.624082,0.0309324,0.780746
0.769988,-0.531364,0.353228,0.351923,0.815453,0.45955,-0.53223,-0.229539,0.814889
0.826647,-0.332103,-0.454272,0.239002,0.938054,-0.250863,0.509444,0.0988027,0.854813
0.661729,0.363898,-0.65551,-0.660401,0.696824,-0.279834,0.354944,0.618073,0.701427
0.683853,-0.622353,-0.380816,0.599314,0.776823,-0.193309,0.416134,-0.0960336,0.904218
0.904689,-0.00176293,-0.426069,0.118011,0.961906,0.246598,0.409403,-0.273375,0.870434
0.924656,0.278575,0.259627,-0.190485,0.928725,-0.318098,-0.329736,0.244676,0.911816
0.752565,-0.468399,-0.46287,0.483724,0.87015,-0.0940721,0.44683,-0.153106,0.88142
0.809504,-0.586227,0.0322512,0.460741,0.668352,0.583972,-0.363896,-0.457869,0.811133
0.800864,-0.161593,-0.576632,0.379377,0.881935,0.279755,0.463346,-0.442807,0.767615
0.95379,0.225606,0.198461,-0.257699,0.953846,0.154173,-0.154519,-0.198192,0.967907
0.997213,0.0616407,0.0420254,-0.0328944,0.868894,-0.493903,-0.0669602,0.491144,0.868501
0.802292,0.587414,-0.106174,-0.481543,0.741999,0.466427,0.352767,-0.323083,0.878164
0.777086,-0.457411,-0.432333,0.586267,0.775942,0.23282,0.228971,-0.434384,0.871139
0.859438,0.122989,-0.496225,0.205787,0.805301,0.556006,0.467993,-0.579969,0.666797
0.965297,0.154336,-0.21067,-0.157777,0.987475,0.000480782,0.208105,0.0327747,0.977557
0.903277,0.213559,-0.372133,-0.394906,0.752908,-0.526477,0.167747,0.622512,0.764421
0.600015,0.401722,0.69181,-0.503661,0.861567,-0.0634663,-0.621536,-0.310357,0.719285
0.792558,0.504385,0.342707,-0.275138,0.797327,-0.537187,-0.544198,0.33146,0.770703
0.792693,0.437633,-0.424399,-0.263199,0.873628,0.409268,0.549876,-0.212723,0.807704
0.80333,0.463926,-0.373407,-0.224726,0.816805,0.531345,0.551506,-0.342931,0.760421
0.975236,0.209263,-0.071586,-0.200152,0.697342,-0.688225,-0.0941001,0.685509,0.721957
0.972252,-0.111476,0.205669,-0.0185815,0.839586,0.542908,-0.233198,-0.531665,0.814218
0.799529,0.0924437,-0.59347,0.0492029,0.974683,0.218111,0.598608,-0.203587,0.774739
0.977465,0.0873641,0.192172,-0.185112,0.792305,0.581365,-0.101468,-0.603837,0.790623
0.813926,-0.491667,-0.309496,0.307779,0.816739,-0.488066,0.492743,0.301993,0.816091
0.92798,-0.33388,-0.165461,0.371357,0.791956,0.484664,-0.0307818,-0.511203,0.858908
0.98417,0.152693,0.0899634,-0.172668,0.711774,0.680854,0.0399283,-0.685611,0.726873
0.768891,-0.415725,0.485777,0.281308,0.902232,0.326868,-0.574171,-0.114673,0.810665
0.794263,0.274316,0.542123,-0.488933,0.818271,0.302286,-0.360682,-0.505157,0.784044
0.638435,0.698931,0.322331,-0.57356,0.711296,-0.406309,-0.513254,0.0745257,0.854995
0.964002,0.25467,-0.0764426,-0.250085,0.770748,-0.586008,-0.0903205,0.58403,0.806692
0.756806,-0.429278,-0.492916,-0.0264797,0.733354,-0.679331,0.653103,0.527174,0.54364
0.914002,-0.388007,0.118534,0.318171,0.866794,0.383973,-0.251729,-0.313238,0.915704
0.730427,-0.52403,-0.438028,0.645536,0.739157,0.192172,0.223067,-0.42313,0.878181
0.813191,0.42822,-0.394142,-0.106448,0.775234,0.62264,0.57218,-0.464369,0.675997
0.901424,-0.197968,0.385024,0.108885,0.96441,0.24095,-0.419021,-0.175275,0.890898
0.759287,0.482673,0.436475,-0.327968,0.863138,-0.383966,-0.562068,0.14839,0.81367
0.992003,-0.119511,-0.0405948,0.119226,0.992823,-0.00938805,0.0414254,0.00447301,0.999132
0.850564,-0.524195,-0.0419637,0.445867,0.761172,-0.470978,0.278826,0.381887,0.881146
0.871135,0.378579,-0.312733,-0.243455,0.886069,0.394476,0.426444,-0.267505,0.864052
0.937011,0.187603,0.294646,-0.0290738,0.88249,-0.469431,-0.348089,0.431295,0.832357
0.799048,0.0281594,-0.600607,-0.337875,0.8473,-0.409784,0.497355,0.530367,0.686548
0.684679,0.581667,-0.439179,-0.721522,0.62613,-0.29558,0.103054,0.519255,0.848383
0.777479,-0.477801,-0.40894,0.496875,0.865284,-0.0663265,0.38554,-0.151625,0.910147
0.719536,0.00711803,0.694418,0.186419,0.961266,-0.203015,-0.668966,0.27553,0.690339
0.739676,0.548345,0.390124,-0.583925,0.811137,-0.0329846,-0.334531,-0.203405,0.920172
0.759042,-0.649645,-0.0426144,0.515259,0.639456,-0.570617,0.397949,0.411165,0.82011
0.913753,-0.402847,0.0526252,0.384805,0.899732,0.205933,-0.130308,-0.167922,0.97715
0.901974,-0.0707724,-0.42595,0.174873,0.961827,0.210494,0.394794,-0.264347,0.87992
0.943602,-0.11368,-0.310955,0.136786,0.989157,0.0534619,0.301506,-0.092981,0.94892
0.772896,0.561607,0.295347,-0.606164,0.515864,0.605351,0.187611,-0.646902,0.739135
0.856411,0.4988,-0.133266,-0.453895,0.604379,-0.654756,-0.246049,0.621229,0.743999
0.826493,0.435067,-0.357247,-0.3616,0.896663,0.255422,0.431456,-0.0819238,0.898406
0.785439,-0.310965,-0.53515,-0.0462329,0.832733,-0.551741,0.61721,0.4581,0.639684
0.943533,0.0802124,-0.321421,-0.246195,0.81898,-0.518324,0.221662,0.568188,0.792482
0.717889,0.366632,0.59179,-0.449277,0.893353,-0.00844906,-0.531775,-0.259812,0.806048
0.941958,0.0620163,0.329953,0.10429,0.880121,-0.463154,-0.319122,0.470682,0.822569
0.814841,-0.415095,0.404636,0.574993,0.667394,-0.473253,-0.073607,0.618288,0.782497
0.883731,-0.326876,0.334921,0.383866,0.915661,-0.119211,-0.267707,0.233915,0.934674
0.662295,-0.555414,-0.502873,0.200363,0.778023,-0.595428,0.721956,0.293592,0.626565
0.961247,0.233836,0.146032,-0.260081,0.944857,0.199003,-0.0914456,-0.229271,0.969058
0.773132,0.528,-0.351402,-0.294454,0.789526,0.538465,0.561751,-0.312833,0.76588
0.936607,0.349384,0.0264416,-0.261304,0.746774,-0.611595,-0.233427,0.565915,0.790729
0.718496,0.601728,0.348837,-0.269615,0.703281,-0.657803,-0.641149,0.378577,0.667539
0.916674,0.382656,0.115249,-0.381071,0.750082,0.54052,0.120387,-0.539399,0.8334
0.933936,0.292191,-0.205884,-0.245579,0.943051,0.224377,0.259719,-0.158993,0.952506
0.922725,-0.346131,-0.169621,0.277659,0.902087,-0.33037,0.267364,0.257744,0.928485
0.945685,0.32386,-0.0281838,-0.313174,0.93086,0.188208,0.0871884,-0.169159,0.981725
0.743259,0.375916,0.553401,-0.595529,0.748664,0.291285,-0.304813,-0.546067,0.78032
0.975365,-0.220221,0.0128978,0.220576,0.972773,-0.0711214,0.0031158,0.0722143,0.997384
0.668272,-0.192456,0.718591,0.488184,0.842323,-0.228405,-0.561328,0.503441,0.656854
0.984939,0.168986,0.036581,-0.172225,0.940204,0.293863,0.0152653,-0.295737,0.955147
0.594375,0.641956,-0.484367,-0.377952,0.754632,0.536361,0.709839,-0.135732,0.691162
0.881464,-0.0473023,-0.469876,-0.15639,0.909592,-0.384947,0.445605,0.412801,0.794375
0.778879,0.05079,0.625115,-0.188708,0.969506,0.156354,-0.598111,-0.239745,0.764712
0.871071,-0.113562,-0.477848,0.0622093,0.990577,-0.122012,0.487201,0.0765544,0.869928
0.970224,-0.223465,-0.0934322,0.117895,0.77267,-0.623765,0.211582,0.594176,0.776008
0.937273,-0.0593472,0.343507,-0.144323,0.83092,0.537348,-0.317317,-0.553218,0.770234
0.98626,0.096798,0.133874,-0.137657,0.929561,0.342005,-0.0913386,-0.355734,0.930113
0.981829,-0.170374,-0.0835724,0.180995,0.973092,0.142593,0.0570295,-0.155128,0.986247
0.67098,-0.717021,-0.188856,0.527332,0.640514,-0.558268,0.521254,0.274997,0.80788
0.828337,0.308811,0.467433,-0.173318,0.934684,-0.310367,-0.532746,0.176074,0.827756
0.953204,-0.22335,0.203756,0.278803,0.910051,-0.306719,-0.116923,0.349174,0.929735
0.625848,0.645317,-0.438042,-0.648466,0.742591,0.167484,0.433365,0.179236,0.883215
0.614189,0.463653,0.638591,-0.445933,0.871535,-0.20389,-0.651088,-0.159542,0.742045
0.892793,0.418408,-0.166897,-0.268974,0.79235,0.547571,0.361349,-0.443977,0.819946
0.962436,-0.208955,0.173363,0.241375,0.950856,-0.193934,-0.124319,0.228495,0.965575
0.877545,-0.125992,0.462646,0.073004,0.988719,0.130783,-0.473905,-0.0809931,0.876843
0.900456,0.337315,-0.274585,-0.31593,0.941148,0.120116,0.298942,-0.0214091,0.954031
0.824099,-0.319578,0.467687,-0.00418108,0.822197,0.569188,-0.566431,-0.471022,0.676235
0.902269,-0.394293,0.17448,0.387444,0.918983,0.0731883,-0.189202,0.00156585,0.981937
0.748774,-0.620861,0.232098,0.628087,0.552735,-0.547714,0.211766,0.555892,0.803828
0.855271,-0.389167,-0.342142,0.282488,0.9037,-0.321755,0.434411,0.178537,0.882843
0.78443,-0.238648,0.572466,0.262478,0.964014,0.0422109,-0.561939,0.117148,0.818842
0.799897,0.0755591,-0.595362,-0.289851,0.917307,-0.27301,0.525501,0.390946,0.755652
0.758706,-0.214218,-0.615204,-0.031183,0.93136,-0.362762,0.650687,0.294413,0.699948
0.809562,0.511818,-0.287491,-0.19032,0.692119,0.69624,0.555326,-0.508934,0.657722
0.813595,0.506491,-0.285535,-0.240369,0.740154,0.628008,0.52942,-0.442311,0.723931
0.899448,-0.316373,-0.301499,0.219796,0.923758,-0.313625,0.377734,0.215821,0.90041
0.985953,-0.162311,0.039398,0.165949,0.925252,-0.341128,0.0189157,0.342875,0.939191
0.888097,0.317109,-0.332754,-0.235502,0.935594,0.263065,0.394743,-0.155263,0.905578
0.751379,-0.64578,0.135637,0.626294,0.633185,-0.454789,0.20781,0.426667,0.88021
0.750594,0.653761,0.0959404,-0.643004,0.756117,-0.121792,-0.152165,0.0297266,0.987908
0.699879,0.522934,0.486528,-0.681172,0.69359,0.234387,-0.214882,-0.495452,0.841637
0.766501,-0.207514,-0.607795,0.362828,0.920789,0.143192,0.529936,-0.330282,0.781077
0.686824,-0.557063,0.466856,0.500463,0.828261,0.252034,-0.527077,0.0605409,0.847658
0.980771,-0.0162777,0.194484,-0.0345837,0.96625,0.255275,-0.192076,-0.257092,0.947106
0.683949,0.697689,-0.213178,-0.47443,0.647356,0.596529,0.554193,-0.306857,0.773763
0.808659,0.12219,-0.575448,0.191337,0.870374,0.453695,0.556292,-0.476989,0.680457
0.844253,0.362104,-0.395117,-0.321806,0.93204,0.166559,0.428576,-0.013467,0.903405
0.746787,-0.251131,0.615827,0.385503,0.917994,-0.0931297,-0.541938,0.306951,0.782358
0.988363,-0.126652,0.084246,0.125465,0.991911,0.0192587,-0.0860037,-0.0084646,0.996259
0.535183,-0.704251,-0.466487,0.482931,0.708162,-0.515057,0.693078,0.0503695,0.719101
0.834217,-0.508422,0.213513,0.453597,0.852862,0.258607,-0.313578,-0.118885,0.942091
0.764569,-0.215141,-0.607576,0.426774,0.875386,0.227077,0.48301,-0.432913,0.761109
0.873916,-0.333846,-0.353296,0.21161,0.915642,-0.341792,0.437599,0.223936,0.870839
0.941918,-0.140971,-0.304824,0.17993,0.978208,0.103602,0.283576,-0.152432,0.946757
0.730609,0.187826,-0.656454,0.0193753,0.95533,0.294905,0.682521,-0.228179,0.694334
0.812202,0.352186,-0.465074,-0.245484,0.929522,0.275186,0.529213,-0.109339,0.841415
0.818192,-0.566642,-0.0973568,0.574874,0.803614,0.154027,-0.00904109,-0.181992,0.983258
0.666059,-0.598447,-0.445226,0.257211,0.744563,-0.61601,0.700148,0.295782,0.64985
0.921457,0.388084,0.017545,-0.368852,0.859832,0.35304,0.121923,-0.331782,0.935444
0.921095,-0.0979824,-0.376806,0.243208,0.900558,0.360341,0.304029,-0.423551,0.85333
0.982709,0.136148,-0.125487,-0.0323354,0.793508,0.6077,0.182312,-0.593135,0.78419
0.800762,-0.146089,-0.580895,-0.229796,0.820667,-0.523162,0.55315,0.552416,0.623588
0.929339,0.367663,0.0339657,-0.36687,0.909105,0.197321,0.0416691,-0.195839,0.97975
0.709861,0.143005,0.689671,-0.171604,0.98478,-0.0275694,-0.683117,-0.0987797,0.723598
0.77772,0.121834,0.616691,0.241996,0.847401,-0.472599,-0.580163,0.516786,0.629557
0.74962,-0.546428,0.373478,0.461394,0.835991,0.297044,-0.474537,-0.0503497,0.878794
0.98726,0.0904226,0.130929,0.00961128,0.787449,-0.616304,-0.158828,0.609711,0.776548
0.892471,0.347055,0.28818,-0.450749,0.660765,0.600179,0.0178762,-0.66554,0.746148
0.95607,0.102361,0.274685,0.0984911,0.770406,-0.6299,-0.276096,0.629283,0.726481
0.784945,0.22373,-0.57776,-0.475749,0.815029,-0.330743,0.396894,0.534484,0.746191
0.975441,-0.133546,-0.17516,0.162718,0.972878,0.164412,0.148453,-0.188876,0.970715
0.85234,0.413048,0.320792,-0.479889,0.861527,0.165766,-0.207901,-0.295234,0.932531
0.891418,-0.0015899,0.453179,0.00796718,0.999894,-0.0121637,-0.453112,0.0144535,0.891337
0.988255,0.058568,-0.141146,-0.0342955,0.985082,0.168631,0.148917,-0.16181,0.975521
0.846409,0.365879,-0.386942,-0.454861,0.87457,-0.168014,0.276935,0.318213,0.906668
0.88685,0.382898,-0.258623,-0.441355,0.867652,-0.228878,0.136758,0.317125,0.938472
0.918239,0.0856123,0.386663,-0.254268,0.875985,0.409875,-0.303621,-0.474679,0.826132
0.928969,-0.274921,-0.247863,0.369242,0.735333,0.568284,0.0260288,-0.619439,0.784613
0.724016,-0.661189,-0.196544,0.379673,0.619885,-0.686725,0.57589,0.422578,0.699842
0.891812,0.451524,-0.0282453,-0.357948,0.666052,-0.654407,-0.276668,0.593718,0.755615
0.75009,-0.180007,0.636367,-0.255809,0.808372,0.530186,-0.609858,-0.560475,0.560304
0.975491,0.220023,-0.00273374,-0.164953,0.722998,-0.670869,-0.14563,0.654877,0.741571
0.703316,0.468107,0.534998,-0.70508,0.555269,0.441065,-0.0906019,-0.687424,0.720582
0.817859,-0.136689,0.558947,0.351182,0.88806,-0.296682,-0.455826,0.438936,0.774311
0.71288,-0.610262,0.345519,0.560216,0.791937,0.242888,-0.421854,0.0204152,0.906434
0.707628,0.61689,-0.34454,-0.704582,0.652734,-0.278391,0.0531563,0.439755,0.896543
0.694242,-0.426449,-0.579801,0.272817,0.901372,-0.336302,0.666032,0.0752952,0.742113
0.781481,-0.00618644,-0.623899,-0.0258906,0.998768,-0.0423335,0.623392,0.0492359,0.780358
0.965122,-0.225884,-0.132346,0.259552,0.891679,0.370865,0.0342374,-0.39228,0.919208
0.825953,-0.224371,-0.517165,0.468435,0.783553,0.408184,0.313641,-0.579399,0.752281
0.864179,0.18813,0.466693,-0.450624,0.702051,0.551418,-0.223904,-0.686827,0.691473
0.95167,-0.306985,-0.00920023,0.259639,0.820174,-0.509807,0.164049,0.482779,0.86024
0.781294,0.621404,0.0586301,-0.61617,0.782863,-0.0863725,-0.0995715,0.0313562,0.994536
0.806572,0.550589,-0.215157,-0.582585,0.802066,-0.131472,0.100183,0.231389,0.967689
0.697573,0.686083,0.206594,-0.674818,0.726002,-0.132448,-0.240858,-0.0470213,0.969421
0.807464,0.500835,-0.311716,-0.573765,0.789562,-0.217683,0.137095,0.354623,0.924904
0.751874,0.654092,0.082763,-0.469536,0.619347,-0.629242,-0.462841,0.434251,0.77279
0.805972,-0.495373,0.32406,0.585839,0.589027,-0.556632,0.0848607,0.638477,0.764948
0.915082,0.306383,0.262211,-0.0993577,0.801463,-0.589733,-0.390837,0.513601,0.763846
0.999573,0.0253847,0.0144751,-0.0285753,0.952731,0.302469,-0.0061128,-0.302753,0.953049
0.720341,-0.376627,0.582461,0.638681,0.687695,-0.345198,-0.270545,0.620668,0.735919
0.75022,-0.0301059,0.660502,0.376572,0.840568,-0.389409,-0.543473,0.540869,0.641948
0.997727,-0.0672271,0.00468604,0.0672103,0.997732,0.00365056,-0.00492083,-0.00332731,0.999982
0.904946,-0.402256,-0.138791,0.388548,0.648131,0.654948,-0.173502,-0.64662,0.742819
0.859159,0.415334,0.298903,-0.427393,0.903657,-0.0271675,-0.28139,-0.104408,0.953897
0.831005,0.422009,0.362407,-0.128321,0.779361,-0.613294,-0.541261,0.463146,0.701806
0.885601,0.262111,-0.383419,-0.341965,0.926604,-0.156413,0.314279,0.269636,0.910233
0.77196,0.320679,-0.548856,-0.345244,0.936491,0.0615799,0.533746,0.141952,0.833646
0.697678,0.182281,0.692833,-0.555544,0.748279,0.36256,-0.452345,-0.63785,0.623323
0.832757,-0.0545547,0.550945,-0.0654967,0.978437,0.195884,-0.549751,-0.199209,0.811227
0.551754,-0.542693,-0.633286,0.641015,0.761718,-0.0942644,0.533542,-0.353935,0.768155
0.937197,-0.331504,0.108479,0.326266,0.943147,0.0634356,-0.123341,-0.0240585,0.992073
0.702413,-0.355399,-0.616691,0.665194,0.636044,0.391107,0.253244,-0.684938,0.683175
0.752607,0.642777,-0.142899,-0.413226,0.630009,0.65752,0.512667,-0.435805,0.739761
0.970779,-0.17644,-0.162657,0.175311,0.984281,-0.0213864,0.163874,-0.00775407,0.986451
0.948824,-0.243219,0.201438,0.0388254,0.722855,0.689908,-0.313409,-0.64678,0.695306
0.867437,-0.0734009,0.492104,-0.102394,0.941552,0.32093,-0.486897,-0.328775,0.809221
0.807761,0.368507,-0.460135,-0.0448929,0.816725,0.575278,0.587798,-0.444031,0.676262
0.788131,-0.0188731,-0.615218,0.315129,0.870965,0.37698,0.528719,-0.490983,0.692382
0.757073,-0.653256,0.00985425,0.646915,0.751662,0.128474,-0.0913333,-0.090889,0.991664
0.78365,-0.114066,-0.610641,0.0305612,0.988886,-0.145502,0.620451,0.0953604,0.778426
0.709164,0.671285,-0.215552,-0.665674,0.738238,0.109007,0.232303,0.0661833,0.970389
0.966464,-0.201876,0.158728,0.246851,0.900706,-0.357481,-0.0708004,0.384674,0.920333
0.915877,0.385051,-0.113603,-0.1975,0.678518,0.707536,0.349519,-0.625579,0.697487
0.736803,0.0701991,-0.672454,-0.209566,0.969324,-0.128429,0.64281,0.23555,0.728911
0.904397,-0.160482,-0.395363,-0.128946,0.780462,-0.611762,0.406743,0.604256,0.685154
0.740089,-0.664247,-0.10509,0.586202,0.560598,0.584891,-0.329599,-0.494476,0.804275
0.806039,-0.233468,-0.54387,-0.202145,0.755061,-0.623715,0.556273,0.612679,0.561414
0.790499,0.583205,-0.187038,-0.412795,0.732939,0.540741,0.45245,-0.350247,0.820131
0.799429,0.0906343,0.593885,-0.335586,0.887313,0.316318,-0.498293,-0.452173,0.739759
0.950991,-0.195816,-0.239318,0.298386,0.784188,0.544072,0.0811325,-0.588816,0.804185
0.810788,-0.0751943,0.58049,0.267204,0.929901,-0.252757,-0.520793,0.360041,0.774045
0.690677,-0.252539,0.677635,0.301921,0.952168,0.0471185,-0.657121,0.172049,0.733887
0.672008,-0.649416,0.355899,0.327461,0.691641,0.64374,-0.66421,-0.316055,0.677447
0.866536,0.488033,-0.104588,-0.413111,0.818894,0.398438,0.280098,-0.302054,0.911213
0.982739,0.109454,-0.149146,-0.00925498,0.834274,0.551272,0.184768,-0.540376,0.820886
0.812725,0.377558,-0.443765,0.010323,0.752186,0.65887,0.582556,-0.540061,0.607423
0.977449,0.117621,-0.175383,-0.182042,0.89025,-0.41751,0.107027,0.440022,0.891586
0.901654,-0.426153,0.0735822,0.430561,0.868685,-0.244958,0.0404695,0.252549,0.966738
0.682841,0.660342,-0.312531,-0.649815,0.744484,0.153244,0.333868,0.0984457,0.937465
0.610812,0.63256,0.476211,-0.530938,0.773409,-0.346328,-0.587379,-0.0412974,0.808258
0.84603,-0.162563,-0.507746,-0.171903,0.818332,-0.548436,0.50466,0.551277,0.664389
0.707686,-0.601829,-0.37011,0.348146,0.752875,-0.558546,0.614796,0.266423,0.742324
0.947879,-0.263962,-0.178465,0.284121,0.953723,0.0984222,0.144227,-0.143998,0.979011
0.76688,-0.276341,0.57925,0.570051,0.707941,-0.416967,-0.294849,0.649966,0.700435
0.963176,-0.263633,-0.0528246,0.207928,0.854897,-0.475307,0.170466,0.44682,0.878233
0.720993,0.536657,-0.43837,-0.629627,0.771548,-0.091018,0.289378,0.341633,0.894174
0.696887,0.217768,-0.68332,-0.544179,0.781161,-0.306035,0.467138,0.58512,0.662885
0.852026,-0.390931,0.348172,0.296917,0.908637,0.29363,-0.431151,-0.146802,0.890257
0.906576,-0.103867,0.409063,-0.111703,0.875627,0.469893,-0.406993,-0.471687,0.78222
0.961282,-0.272078,0.0437049,0.275558,0.947859,-0.160096,0.00213261,0.165941,0.986133
0.994389,0.0262802,-0.102467,-0.0703842,0.887489,-0.455422,0.0789699,0.460079,0.884359
0.676902,-0.416577,0.60685,0.518027,0.855314,0.00931186,-0.522926,0.308061,0.794762
0.858195,-0.481584,0.177704,0.499744,0.862932,-0.0748647,-0.117293,0.153055,0.981232
0.902487,0.019112,0.430294,0.0460139,0.98902,-0.140437,-0.428253,0.146542,0.891698
0.886688,-0.2958,-0.355369,0.457384,0.673694,0.580462,0.067709,-0.677229,0.73265
0.874894,-0.458721,0.155355,0.275331,0.734986,0.619668,-0.398438,-0.49937,0.769335
0.953962,0.294288,0.057892,-0.270515,0.76087,0.589829,0.129531,-0.578335,0.80545
0.712791,0.573089,-0.404348,-0.273577,0.758018,0.592085,0.645821,-0.311412,0.697092
0.947074,-0.183441,0.263441,0.126948,0.967769,0.217503,-0.294849,-0.172548,0.939836
0.872809,-0.406749,-0.269739,0.480765,0.811732,0.331597,0.0840793,-0.419102,0.904038
0.743752,-0.131968,-0.655299,-0.0895552,0.951809,-0.293324,0.66243,0.276846,0.696092
0.946495,-0.0354873,0.320763,0.0921394,0.98228,-0.163208,-0.309287,0.18403,0.932992
0.916602,-0.330716,-0.224652,0.398211,0.705125,0.586708,-0.0356259,-0.627237,0.778014
0.97069,-0.0544446,0.234088,-0.0741395,0.858667,0.507143,-0.228615,-0.509634,0.829463
0.860386,0.163353,-0.482754,-0.376334,0.842396,-0.385672,0.343669,0.513503,0.786261
0.667239,-0.618036,0.415721,0.31304,0.73913,0.5964,-0.675869,-0.267804,0.686646
0.659924,-0.242157,-0.711239,0.4099,0.909386,0.0707058,0.629669,-0.338197,0.699386
0.998082,0.0575463,-0.0228021,-0.0455535,0.932277,0.358866,0.0419093,-0.357139,0.93311
0.785709,-0.530303,-0.318497,0.577141,0.813735,0.0688808,0.222645,-0.237938,0.945418
0.807955,0.574286,0.131926,-0.404108,0.702979,-0.58525,-0.428842,0.419543,0.800049
0.987527,-0.0949384,-0.125609,0.0697939,0.979051,-0.191278,0.141137,0.180125,0.973466
0.873024,0.250472,-0.418442,-0.24323,0.967326,0.0715573,0.422692,0.0393063,0.90542
0.860283,-0.293747,0.416684,0.455584,0.809778,-0.369732,-0.228814,0.507909,0.830465
0.729448,0.540791,-0.418869,-0.111275,0.698005,0.707395,0.674925,-0.469398,0.569334
0.948177,0.282514,-0.145418,-0.314227,0.901622,-0.29722,0.0471434,0.327511,0.94367
0.834302,-0.545022,-0.0830123,0.54494,0.838083,-0.0256488,0.0835503,-0.0238379,0.996218
0.655898,-0.423502,0.624855,0.649541,0.738379,-0.181366,-0.384571,0.524827,0.759383
0.955988,-0.0536222,-0.288466,0.2031,0.830478,0.518707,0.21175,-0.554465,0.804817
0.837693,0.546094,-0.00726815,-0.51009,0.77757,-0.367686,-0.195139,0.311715,0.929922
0.850583,0.49037,0.189859,-0.266668,0.713441,-0.647989,-0.453208,0.500539,0.737607
0.994094,-0.0569575,0.0923701,0.088625,0.917328,-0.388144,-0.062626,0.394038,0.916958
0.811845,0.497366,0.305833,-0.565223,0.800802,0.198088,-0.14639,-0.333681,0.93125
0.591121,-0.652841,-0.473682,0.505131,0.757477,-0.413607,0.628823,0.00522028,0.777531
0.810917,-0.583885,-0.0386183,0.490958,0.714796,-0.498022,0.318392,0.384895,0.866304
0.658776,-0.590235,-0.466516,0.345883,0.788279,-0.508902,0.668117,0.173892,0.723451
0.859415,0.501089,0.101566,-0.485266,0.736879,0.470666,0.161004,-0.453784,0.876446
0.865444,0.36108,0.347316,-0.217068,0.895033,-0.389612,-0.45154,0.261796,0.85298
0.726644,-0.676036,-0.122326,0.669727,0.657349,0.345482,-0.153147,-0.332967,0.930418
0.910964,-0.326375,-0.252238,0.0985656,0.766029,-0.635204,0.400536,0.553786,0.729994
0.90036,-0.358857,-0.246118,0.429896,0.645956,0.630818,-0.0673922,-0.673768,0.735863
0.807436,0.579512,0.110512,-0.497524,0.769546,-0.400336,-0.317043,0.268264,0.90968
0.686643,-0.494401,0.533,0.686685,0.681806,-0.252198,-0.238716,0.539173,0.807655
0.717939,0.639074,0.275948,-0.337756,0.666436,-0.664668,-0.608674,0.383988,0.694312
0.91161,-0.318313,0.260085,0.398024,0.841612,-0.365056,-0.102689,0.436309,0.893918
0.790202,-0.611756,-0.0365393,0.434004,0.600704,-0.671413,0.43269,0.514694,0.740182
0.980903,-0.159507,-0.111294,0.189702,0.91088,0.366484,0.0429184,-0.380598,0.923744
0.976144,0.146899,0.159884,-0.172465,0.971943,0.159943,-0.131903,-0.183702,0.974092
0.820709,0.540307,0.185756,-0.35197,0.734221,-0.580548,-0.45006,0.411081,0.792754
0.932691,0.216343,-0.288588,-0.179054,0.972305,0.150211,0.313092,-0.088428,0.945597
0.870589,-0.191857,-0.453063,0.303732,0.934,0.188123,0.387068,-0.301388,0.871403
0.954717,0.064317,-0.290482,-0.176146,0.909035,-0.37766,0.239768,0.411726,0.8792
0.705449,0.31072,-0.63702,-0.0405269,0.914994,0.401428,0.707601,-0.25737,0.658074
0.65177,0.420127,0.631418,-0.500232,0.863915,-0.0584682,-0.570056,-0.277747,0.773235
0.647542,0.737317,0.192495,-0.499175,0.601286,-0.623922,-0.575772,0.307927,0.757408
0.69653,0.646298,-0.31168,-0.358609,0.689796,0.628953,0.621487,-0.326313,0.712232
0.72791,0.510299,0.457976,-0.520976,0.845862,-0.114457,-0.445792,-0.15528,0.881565
0.855747,-0.375844,-0.355583,0.180905,0.861227,-0.474934,0.484738,0.342096,0.804984
0.75434,-0.556438,0.348351,0.656189,0.655019,-0.374656,-0.0197031,0.511202,0.859235
0.856695,0.515705,-0.0110234,-0.459337,0.77243,0.43859,0.234698,-0.370674,0.89862
0.852788,-0.514611,-0.0890377,0.489014,0.726963,0.482068,-0.18335,-0.454643,0.871598
0.766704,-0.198612,-0.610506,-0.0861261,0.910528,-0.404378,0.636197,0.362619,0.681
0.993357,-0.0670147,0.093546,0.0549782,0.990532,0.125791,-0.10109,-0.119812,0.987636
0.742638,0.669681,0.00391132,-0.524881,0.585671,-0.617648,-0.415918,0.456636,0.786445
0.734096,0.247988,-0.632143,-0.113352,0.962619,0.246,0.669518,-0.108933,0.734765
0.679722,-0.460257,0.571088,0.344183,0.887714,0.305781,-0.6477,-0.0112872,0.761812
0.960696,-0.275876,0.0309151,0.269792,0.954089,0.130097,-0.0653866,-0.116643,0.991019
0.969626,-0.222854,-0.1008,0.244441,0.868499,0.431229,-0.00855617,-0.442771,0.896594
0.958954,0.128132,-0.252963,-0.19449,0.946388,-0.257921,0.206353,0.296533,0.932463
0.975006,0.214703,-0.0571471,-0.201786,0.748077,-0.632189,-0.0929825,0.627919,0.772704
0.693146,-0.396838,0.601721,0.276096,0.917304,0.286922,-0.665823,-0.032746,0.745391
0.868013,-0.43769,0.23448,0.435594,0.897898,0.0635439,-0.238352,0.0469812,0.970042
0.839294,0.250375,-0.482595,-0.234953,0.967514,0.0933433,0.490288,0.0350446,0.870855
0.571654,-0.670035,0.473566,0.487656,0.741623,0.460639,-0.659851,-0.0323888,0.750698
0.616823,-0.417561,0.667212,0.530393,0.846825,0.0396313,-0.58156,0.329439,0.743813
0.759242,-0.593359,0.267353,0.482626,0.788928,0.380349,-0.436606,-0.159746,0.885357
0.803746,0.325756,0.497871,-0.561836,0.69092,0.45494,-0.19579,-0.645378,0.738346
0.890846,0.193643,-0.410969,-0.0300136,0.92772,0.372069,0.453312,-0.319121,0.832268
0.869116,0.178269,0.461366,-0.202415,0.979295,0.00291391,-0.451294,-0.09592,0.887205
0.844969,0.0875872,-0.527594,-0.182717,0.974417,-0.130866,0.502635,0.206978,0.839356
0.986523,-0.162429,-0.019719,0.163603,0.981055,0.103755,0.00249262,-0.105582,0.994407
0.806635,-0.581505,0.10579,0.417175,0.686938,0.595047,-0.418694,-0.435853,0.796698
0.946972,-0.292906,-0.132102,0.122008,0.708117,-0.695474,0.297252,0.642477,0.706304
0.754724,-0.579388,-0.307736,0.654665,0.695519,0.296085,0.0424884,-0.424926,0.90423
0.812202,-0.0901541,0.576368,0.350863,0.864814,-0.359154,-0.466072,0.493932,0.734036
0.886851,-0.459513,0.0484096,0.420269,0.845745,0.328769,-0.192016,-0.271224,0.943169
0.687519,0.712507,-0.140185,-0.53508,0.627583,0.565535,0.490926,-0.313805,0.812723
0.898973,0.167261,0.404811,-0.286443,0.92369,0.254457,-0.331359,-0.344705,0.878282
0.795891,0.519967,0.310147,-0.575447,0.808906,0.120551,-0.188197,-0.274419,0.943014
0.663058,-0.286375,0.691624,0.49841,0.85825,-0.122456,-0.558518,0.425907,0.711801
0.846793,0.475669,-0.238078,-0.490633,0.871357,-0.00414744,0.205478,0.120321,0.971237
0.792177,-0.311767,-0.524649,0.428109,0.896553,0.113642,0.434946,-0.314632,0.843699
0.889554,-0.122871,0.439997,0.376871,0.741732,-0.554799,-0.258191,0.659345,0.706117
0.905969,0.418045,0.0667733,-0.414969,0.908148,-0.0553826,-0.0837925,0.022466,0.99623
0.950549,-0.0281697,0.309293,0.137519,0.931104,-0.337835,-0.278467,0.363663,0.888935
0.632741,-0.612022,-0.474414,0.619723,0.767566,-0.163661,0.464308,-0.190451,0.864955
0.680003,0.376611,-0.629094,-0.680715,0.643083,-0.350816,0.272439,0.666789,0.693663
0.957625,0.189802,-0.216632,-0.22232,0.965297,-0.137023,0.183107,0.179378,0.96659
0.680096,-0.53772,0.498324,0.123069,0.75382,0.645453,-0.722719,-0.377642,0.578847
0.6693,0.478598,-0.568315,-0.623335,0.777959,-0.0789495,0.404341,0.407091,0.819015
0.72948,0.0510838,-0.682092,-0.31291,0.911665,-0.266372,0.608232,0.407747,0.681026
0.886735,0.317978,-0.335546,-0.370135,0.923221,-0.103258,0.276949,0.21576,0.936347
0.674463,0.595994,0.435766,-0.667453,0.744505,0.0148071,-0.315605,-0.30084,0.899938
0.96841,-0.0964838,-0.229941,-0.0380155,0.854212,-0.518534,0.246448,0.510894,0.823559
0.723938,0.295195,-0.623517,-0.526374,0.820582,-0.222657,0.445919,0.489393,0.749434
0.824372,0.547188,0.144904,-0.564682,0.81276,0.143372,-0.0393208,-0.200016,0.979003
0.761833,-0.0931115,-0.641046,-0.315158,0.811316,-0.492383,0.565938,0.577145,0.588743
0.796315,-0.60372,-0.0374806,0.604316,0.796721,0.00610891,0.0261735,-0.0275147,0.999279
0.779338,-0.622835,-0.0686199,0.585841,0.76311,-0.272862,0.222313,0.172452,0.959603
0.954321,0.240905,-0.176737,-0.12897,0.865715,0.483636,0.269514,-0.438751,0.85724
0.864581,-0.272504,0.422187,0.328928,0.942079,-0.0655263,-0.379878,0.195522,0.904137
0.77246,0.505365,0.384593,-0.578294,0.810027,0.0971166,-0.262452,-0.297427,0.917963
0.742155,-0.281815,0.608101,0.566427,0.748744,-0.3443,-0.358283,0.599969,0.715311
0.645008,-0.476702,-0.59726,0.363643,0.87888,-0.308762,0.672107,-0.0180354,0.740234
0.721455,0.626055,-0.295903,-0.38775,0.719286,0.576435,0.573719,-0.301136,0.761685
0.850705,0.193592,0.488695,-0.248448,0.967392,0.0492662,-0.463222,-0.163326,0.871063
0.908975,0.19638,-0.367694,-0.00577851,0.887929,0.459944,0.41681,-0.415953,0.80824
0.96097,-0.105917,-0.255574,0.0978899,0.994226,-0.0439637,0.258755,0.0172297,0.965789
0.973168,0.19781,0.117535,-0.103323,0.832099,-0.544917,-0.20559,0.518152,0.830211
0.974076,0.224627,-0.0268224,-0.223861,0.974195,0.0288098,0.0326017,-0.0220584,0.999225
0.806741,0.225599,0.546145,-0.282978,0.958876,0.0219137,-0.518742,-0.172226,0.837404
0.688304,0.436275,-0.579571,-0.510025,0.85918,0.0410419,0.515861,0.267346,0.813888
0.813898,0.313575,-0.489122,-0.390582,0.918541,-0.0610526,0.430134,0.240733,0.870076
0.92456,-0.251578,0.286179,0.0772129,0.859167,0.505836,-0.373133,-0.445579,0.813776
0.804569,0.412889,-0.426838,-0.592198,0.611538,-0.524712,0.0443799,0.67494,0.736537
0.729792,-0.647596,0.219143,0.490796,0.71941,0.491496,-0.475944,-0.251135,0.842857
0.928948,0.161054,0.333341,-0.258134,0.92721,0.271382,-0.26537,-0.338147,0.902904
0.942049,0.247624,-0.226334,-0.318477,0.872154,-0.371374,0.105437,0.421935,0.900474
0.662417,-0.658884,0.356477,0.619687,0.749321,0.233465,-0.420942,0.0662534,0.904665
0.909021,0.399968,0.117074,-0.403677,0.914859,0.00885917,-0.103563,-0.0553132,0.993084
0.744437,0.286549,0.603078,-0.526182,0.807798,0.265696,-0.41103,-0.515123,0.752132
0.70728,-0.381272,0.595304,0.608477,0.757012,-0.238092,-0.359874,0.530626,0.767415
0.915808,-0.258723,-0.307178,0.287718,0.956283,0.0523546,0.280203,-0.136327,0.950211
0.74116,0.477112,0.472277,-0.669727,0.57405,0.471098,-0.0463445,-0.665456,0.744997
0.974861,-0.135888,-0.176579,0.215033,0.781377,0.585841,0.0583657,-0.609084,0.790955
0.985436,-0.147789,0.0841138,0.0813242,0.843994,0.530151,-0.149342,-0.515589,0.843721
0.837885,0.164227,-0.520556,-0.267848,0.954657,-0.129949,0.475611,0.248313,0.843881
0.925825,-0.27342,-0.260939,0.30669,0.946967,0.095888,0.220883,-0.168803,0.960581
0.897334,-0.0303799,0.440306,-0.251598,0.784443,0.566876,-0.362616,-0.619457,0.696263
0.977194,-0.170611,0.126428,0.209237,0.875164,-0.436243,-0.0362174,0.452748,0.890903
0.992987,0.0963635,0.0684866,-0.103099,0.989347,0.102776,-0.0578532,-0.109116,0.992344
0.927253,0.112262,0.357211,-0.0128292,0.962962,-0.269332,-0.374217,0.245156,0.894349
0.793496,-0.582377,0.176639,0.394993,0.71365,0.578519,-0.462975,-0.389281,0.796313
0.926868,0.335776,0.167838,-0.197747,0.816778,-0.542005,-0.319079,0.469177,0.823445
0.970435,0.165534,-0.175652,-0.142435,0.98029,0.136907,0.194853,-0.107841,0.974886
0.656903,-0.44726,-0.60699,0.488932,0.865532,-0.10863,0.573955,-0.225418,0.78725
0.917635,0.304491,0.255405,-0.377893,0.867494,0.323499,-0.12306,-0.393369,0.911107
0.812645,-0.432768,0.390281,0.401869,0.901164,0.162494,-0.42203,0.0247919,0.906243
0.724498,-0.615764,-0.309737,0.589528,0.786408,-0.184445,0.357154,-0.0489687,0.932761
0.899781,0.384541,-0.206208,-0.334363,0.911273,0.24038,0.280348,-0.147341,0.948523
0.855249,0.510512,-0.0890318,-0.517722,0.849234,-0.103756,0.0226401,0.134831,0.99061
0.535042,-0.510379,0.673233,0.623009,0.776593,0.0936093,-0.570605,0.369345,0.733481
0.730835,0.562346,-0.386842,-0.648159,0.749426,-0.135096,0.213939,0.349468,0.912197
0.6989,-0.544991,0.463167,0.313719,0.815561,0.486252,-0.642744,-0.194537,0.74097
0.669111,0.49408,0.555136,-0.640308,0.762446,0.0931797,-0.377223,-0.417805,0.826524
0.642016,0.685993,0.342386,-0.409334,0.684295,-0.603479,-0.648275,0.247293,0.720129
0.748849,-0.0472626,-0.661054,-0.301343,0.864099,-0.403145,0.590269,0.501099,0.632837
0.734607,-0.281469,-0.617356,0.396976,0.9162,0.0546514,0.550239,-0.285223,0.784783
0.971982,-0.00462845,0.235012,-0.0858234,0.923793,0.373149,-0.218829,-0.382864,0.897513
0.782027,-0.0116136,-0.623136,0.129413,0.981061,0.144127,0.60966,-0.193353,0.768719
0.833117,-0.0773771,-0.547657,0.0846955,0.996336,-0.0119278,0.546573,-0.0364469,0.836618
0.886565,0.460178,-0.0473073,-0.441295,0.810614,-0.38492,-0.138784,0.362134,0.921737
0.738491,0.639473,0.213789,-0.431676,0.69197,-0.578648,-0.517965,0.335038,0.787059
0.872091,-0.0826286,-0.482318,0.373832,0.748512,0.547703,0.315765,-0.657953,0.68366
0.738438,-0.668829,0.0858887,0.471706,0.60337,0.642992,-0.481874,-0.434296,0.761042
0.632982,-0.604179,-0.484047,0.299338,0.767626,-0.566698,0.713954,0.213816,0.666747
0.812714,-0.206685,-0.544773,-0.177674,0.802532,-0.569539,0.554913,0.559664,0.615506
0.963245,-0.00603024,0.268558,-0.0621585,0.967611,0.244672,-0.261335,-0.252373,0.931672
0.950977,-0.281322,0.128457,0.218721,0.905455,0.363748,-0.218643,-0.317819,0.922598
0.73303,0.490396,0.471359,-0.668322,0.648182,0.364975,-0.126544,-0.582557,0.802879
0.85309,-0.434641,0.28866,0.508456,0.816672,-0.272983,-0.117091,0.37965,0.91769
