10000
0.393833,-0.173149,-0.902726,0.544575,-0.747228,0.380905,-0.740495,-0.641615,-0.199991
0.008503,-0.170988,0.985236,-0.948598,-0.313099,-0.046152,0.316368,-0.934201,-0.164862
0.701583,-0.685069,0.196114,-0.656774,-0.514889,0.550942,-0.276457,-0.515335,-0.811173
0.635771,-0.069670,0.768727,-0.700449,-0.470496,0.536661,0.324294,-0.879648,-0.347927
0.915323,-0.028484,0.401712,0.136025,-0.917007,-0.374961,0.379053,0.397854,-0.835483
-0.990711,-0.090947,0.101097,0.135691,-0.710015,0.690989,0.008937,0.698288,0.715761
0.522408,0.835794,0.168932,0.153539,-0.287078,0.945522,0.838758,-0.468011,-0.278299
-0.894908,-0.446151,-0.009439,0.145084,-0.270882,-0.951616,0.422008,-0.852978,0.307143
0.081594,-0.990491,-0.110773,0.227419,0.126714,-0.965518,0.970373,0.053588,0.235596
-0.505873,0.851819,0.136007,-0.771374,-0.376138,-0.513325,-0.386102,-0.364589,0.847349
0.348252,-0.931030,-0.109102,-0.869227,-0.364304,0.334256,-0.350949,-0.021571,-0.936146
-0.113753,0.993467,-0.009130,-0.993388,-0.113591,0.016636,0.015490,0.010962,0.999820
-0.122128,-0.646089,-0.753428,-0.919932,0.358643,-0.158430,0.372572,0.673754,-0.638158
0.279401,0.011854,-0.960101,-0.813729,0.533710,-0.230215,0.509686,0.845585,0.158765
0.018145,-0.343114,-0.939118,-0.461659,-0.836027,0.296529,-0.886872,0.428172,-0.173571
0.417147,-0.850207,-0.321149,-0.749657,-0.521660,0.407291,-0.513812,0.070851,-0.854972
-0.543484,-0.771001,0.331937,0.785453,-0.606592,-0.122921,0.296122,0.193916,0.935258
0.339335,0.264853,0.902610,-0.527592,0.847997,-0.050480,-0.778780,-0.459080,0.427489
0.319961,-0.794972,-0.515406,-0.338846,-0.604041,0.721330,-0.884764,-0.056154,-0.462643
-0.707677,0.684053,0.176816,-0.705711,-0.696445,-0.130138,0.034122,-0.216877,0.975602
0.576162,0.265086,0.773154,0.150012,-0.964172,0.218789,0.803451,-0.010076,-0.595285
0.748259,-0.658384,0.081483,0.649817,0.702648,-0.289869,0.133592,0.269846,0.953591
-0.315415,0.618540,0.719668,0.904145,0.426173,0.029981,-0.288158,0.660140,-0.693671
-0.172845,-0.971527,-0.162052,-0.755669,0.236328,-0.610830,0.631735,0.016879,-0.775000
-0.785477,0.067593,-0.615189,-0.616173,-0.178461,0.767126,-0.057935,0.981623,0.181826
0.864659,0.329822,0.378923,0.329185,0.197786,-0.923319,-0.379476,0.923092,0.062445
-0.615066,0.054678,0.786578,-0.506594,-0.791847,-0.341088,0.604199,-0.608268,0.514737
-0.174127,0.120932,0.977269,0.441049,0.896898,-0.032402,-0.880429,0.425382,-0.209511
0.979621,0.099689,0.174370,-0.035388,-0.768895,0.638395,0.197713,-0.631556,-0.749698
-0.417622,0.135221,-0.898503,-0.256927,0.930934,0.259521,0.871539,0.339231,-0.354037
-0.771041,0.493699,-0.402190,-0.569033,-0.250687,0.783172,0.285827,0.832717,0.474221
0.396340,-0.813912,-0.424808,0.911333,0.404861,0.074567,0.111297,-0.416695,0.902207
0.216666,0.884312,0.413580,-0.321116,-0.335513,0.885616,0.921922,-0.324690,0.211272
0.576319,0.266822,-0.772440,0.467937,-0.882654,0.044236,-0.669994,-0.386947,-0.633546
-0.955790,-0.292268,-0.032331,0.178374,-0.663685,0.726433,-0.233771,0.688550,0.686476
0.473291,-0.745767,-0.468857,0.470892,-0.235630,0.850141,-0.744484,-0.623145,0.239654
-0.782072,-0.607370,-0.139516,-0.317133,0.195167,0.928082,-0.536461,0.770072,-0.345252
-0.464388,-0.733284,0.496627,-0.419971,0.676035,0.605476,-0.779723,0.072607,-0.621900
0.626302,-0.362143,-0.690360,-0.140348,0.818707,-0.556795,0.766843,0.445613,0.461932
0.250394,-0.537598,-0.805165,0.689947,0.682513,-0.241142,0.679173,-0.495141,0.541811
-0.383035,-0.914247,0.132050,0.911607,-0.397212,-0.105806,0.149185,0.079850,0.985580
-0.104897,0.987359,0.118825,0.196516,0.137708,-0.970782,-0.974873,-0.078481,-0.208476
0.657188,0.689092,0.305378,0.479773,-0.069974,-0.874598,-0.581310,0.721288,-0.376594
0.105047,-0.746657,-0.656863,-0.125483,-0.665190,0.736055,-0.986519,0.005105,-0.163569
0.069853,0.758487,-0.647933,-0.678203,0.512427,0.526745,0.731548,0.402635,0.550202
0.276367,-0.669848,-0.689148,-0.912048,0.043251,-0.407795,0.302967,0.741238,-0.598981
-0.765676,-0.630995,0.124842,0.553878,-0.745464,-0.370813,0.327047,-0.214775,0.920278
0.557008,0.829844,0.033195,0.795872,-0.544775,0.264211,0.237338,-0.120749,-0.963893
-0.291303,-0.793655,0.534091,0.417961,-0.607789,-0.675205,0.860495,0.026540,0.508768
0.929536,0.027009,0.367741,0.246373,-0.787511,-0.564914,0.274342,0.615709,-0.738674
-0.579349,0.798693,0.162613,-0.013781,-0.209076,0.977802,0.814963,0.564248,0.132135
-0.064844,-0.500708,-0.863184,-0.831946,-0.450544,0.323845,-0.551054,0.739122,-0.387347
0.878543,0.304600,0.367941,0.274446,-0.952347,0.133099,0.390949,-0.015954,-0.920274
0.020412,-0.793984,-0.607596,-0.993333,-0.085070,0.077795,-0.113456,0.601957,-0.790427
-0.551577,0.372249,0.746454,0.787334,-0.063161,0.613283,0.275441,0.925981,-0.258246
0.795287,0.106332,-0.596835,-0.253923,-0.835550,-0.487216,-0.550491,0.539027,-0.637502
-0.854917,0.446018,-0.264925,-0.385856,-0.888057,-0.249939,-0.346746,-0.111454,0.931314
0.646421,0.637303,-0.419506,0.091692,0.480951,0.871939,0.757451,-0.602105,0.252461
0.576651,-0.427090,0.696468,0.128468,0.889276,0.438957,-0.806827,-0.163651,0.567669
-0.878266,-0.316231,0.358674,-0.424906,0.172075,-0.888732,0.219326,-0.932946,-0.285496
0.654918,-0.476356,0.586657,0.330017,-0.518088,-0.789096,0.679831,0.710401,-0.182100
-0.292590,0.874225,0.387454,-0.778863,-0.452947,0.433834,0.554765,-0.174838,0.813429
0.649215,0.506487,-0.567443,-0.754299,0.332860,-0.565895,-0.097740,0.795409,0.598141
-0.821438,0.508916,-0.257380,-0.534336,-0.529077,0.659213,0.199310,0.679030,0.706536
0.451169,0.328095,0.829940,-0.847141,-0.135068,0.513915,0.280711,-0.934939,0.217005
-0.748394,0.602178,-0.278009,-0.652346,-0.744009,0.144550,-0.119797,0.289538,0.949640
-0.486134,-0.141844,-0.862296,0.699401,-0.654753,-0.286596,-0.523938,-0.742415,0.417503
0.961582,-0.111545,0.250835,-0.214933,-0.874332,0.435141,0.170775,-0.472336,-0.864717
0.891718,-0.393236,0.224064,-0.399132,-0.916668,-0.020323,0.213384,-0.071309,-0.974363
-0.627882,0.015682,0.778151,-0.034970,-0.999356,-0.008076,0.777523,-0.032283,0.628026
-0.970248,0.209281,-0.121742,0.227575,0.959930,-0.163535,0.082639,-0.186375,-0.978997
-0.021962,0.999449,0.024880,-0.761403,-0.032848,0.647446,0.647906,-0.004725,0.761705
0.519839,-0.804029,-0.288627,-0.084300,-0.384499,0.919268,-0.850095,-0.453540,-0.267657
-0.594578,-0.250671,0.763964,-0.627622,0.738591,-0.246120,-0.502562,-0.625818,-0.596476
-0.711123,-0.187845,-0.677509,-0.187732,0.979391,-0.074498,0.677540,0.074213,-0.731732
0.875617,-0.236656,-0.421056,0.467489,0.196054,0.861985,-0.121444,-0.951608,0.282302
0.185361,0.054383,-0.981164,0.233819,0.967350,0.097790,0.954447,-0.247542,0.166594
-0.028814,0.206530,0.978016,-0.629509,-0.763769,0.142741,0.776458,-0.611557,0.152020
0.123312,-0.524950,0.842153,0.499264,0.766226,0.404516,-0.857630,0.370575,0.356573
0.349391,-0.496373,-0.794695,-0.777124,0.320313,-0.541736,0.523454,0.806854,-0.273829
0.430414,-0.112249,-0.895625,0.882138,0.262546,0.391028,0.191250,-0.958368,0.212023
-0.135864,-0.152436,-0.978930,0.556204,-0.829420,0.051960,-0.819865,-0.537425,0.197473
-0.001529,-0.518571,0.855033,-0.500021,0.740867,0.448436,-0.866012,-0.426848,-0.260429
-0.859099,-0.427138,-0.281961,0.130774,0.349427,-0.927792,0.494820,-0.833939,-0.244334
0.019549,-0.535216,-0.844489,-0.102779,0.839100,-0.534180,0.994512,0.097238,-0.038606
0.577974,0.217404,0.786563,-0.314040,-0.830378,0.460273,0.753210,-0.513038,-0.411664
0.773476,0.130133,0.620322,0.593150,0.196340,-0.780784,-0.223400,0.971862,0.074676
0.748097,0.400856,0.528834,0.593248,-0.046921,-0.803651,-0.297335,0.914939,-0.272909
0.171185,0.795116,0.581796,0.508278,0.434593,-0.743493,-0.844008,0.422988,-0.329744
-0.729202,-0.273359,-0.627328,0.483260,0.443338,-0.754924,0.484484,-0.853654,-0.191180
-0.370215,0.201058,-0.906927,0.530615,-0.755585,-0.384108,-0.762489,-0.623431,0.173044
0.307832,0.254947,-0.916647,0.674417,-0.738045,0.021213,-0.671119,-0.624733,-0.399135
0.247492,0.870930,0.424534,-0.917637,0.351323,-0.185780,-0.310950,-0.343589,0.886147
0.059999,-0.580967,0.811713,0.921706,-0.279945,-0.268494,0.383221,0.764270,0.518684
-0.054622,-0.313935,-0.947872,0.562725,0.774502,-0.288943,0.824837,-0.549174,0.134354
0.113426,-0.807988,0.578178,-0.912463,-0.314972,-0.261159,0.393123,-0.497943,-0.772985
-0.082734,-0.651443,-0.754173,0.950441,0.176001,-0.256292,0.299695,-0.738001,0.604597
0.104177,-0.081303,-0.991230,-0.977096,0.177580,-0.117257,0.185555,0.980742,-0.060941
0.902573,-0.318318,-0.289888,-0.071976,0.552282,-0.830544,0.424477,0.770492,0.475564
0.356164,0.138278,-0.924136,0.763903,-0.612658,0.202738,-0.538145,-0.778157,-0.323837
0.927689,-0.270409,0.257435,-0.362529,-0.487571,0.794259,-0.089257,-0.830153,-0.550345
0.592068,-0.725422,-0.351025,0.080762,-0.379973,0.921465,-0.801831,-0.573920,-0.166384
-0.936529,-0.328374,-0.122813,-0.301464,0.575443,0.760253,-0.178976,0.749023,-0.637913
0.825674,0.467163,-0.316261,-0.557871,0.592731,-0.580905,-0.083920,0.656071,0.750019
0.644798,-0.738083,-0.198668,-0.648704,-0.665895,0.368467,-0.404252,-0.108710,-0.908165
0.543951,-0.114711,0.831239,0.426298,0.891029,-0.156001,-0.722763,0.439213,0.533578
-0.090862,0.763133,0.639822,-0.716483,-0.496319,0.490224,0.691662,-0.413878,0.591869
0.292578,0.934675,0.201942,0.803276,-0.354806,0.478392,0.518792,0.022248,-0.854611
-0.906687,-0.144898,-0.396136,-0.063591,-0.881456,0.467966,-0.416984,0.449489,0.789990
0.384945,-0.593924,0.706450,0.057443,-0.748534,-0.660604,0.921150,0.294877,-0.254028
-0.391094,-0.790973,-0.470540,0.880130,-0.171940,-0.442501,0.269102,-0.587196,0.763404
-0.479075,0.561247,0.674899,0.638874,-0.304310,0.706566,0.601937,0.769674,-0.212779
-0.218342,0.265386,0.939094,-0.927395,-0.355959,-0.115029,0.303752,-0.896027,0.323838
0.726454,-0.660912,0.188308,-0.166433,0.096657,0.981304,-0.666757,-0.744213,-0.039780
-0.032655,-0.978344,-0.204391,-0.949341,-0.033588,0.312448,-0.312546,0.204240,-0.927686
-0.635633,-0.574240,-0.515964,0.357187,-0.811274,0.462873,-0.684389,0.109921,0.720784
0.164340,0.974896,-0.150232,-0.981844,0.147046,-0.119830,-0.094730,0.167198,0.981362
-0.500567,0.795925,0.340494,-0.841181,-0.354248,-0.408562,-0.204566,-0.490930,0.846842
0.086639,0.795017,-0.600367,0.144566,-0.606288,-0.781995,-0.985695,-0.019041,-0.167461
-0.980529,-0.180132,-0.078199,0.161582,-0.513776,-0.842571,0.111597,-0.838800,0.532879
-0.835874,-0.338153,0.432397,0.484925,-0.085772,0.870340,-0.257221,0.937174,0.235674
-0.416502,0.908775,-0.025573,-0.897406,-0.406462,0.171614,0.145564,0.094427,0.984832
0.792023,-0.588914,0.160871,0.584885,0.807501,0.076497,-0.174953,0.033504,0.984006
0.666698,-0.103891,0.738052,0.634608,-0.440193,-0.635218,0.390879,0.891873,-0.227546
0.087479,-0.982869,-0.162219,-0.123090,-0.172260,0.977331,-0.988532,-0.065528,-0.136050
-0.782027,0.556496,-0.280618,0.467930,0.821668,0.325429,0.411675,0.123185,-0.902967
-0.615147,-0.159500,0.772110,0.673974,-0.614531,0.410013,0.409089,0.772601,0.485525
0.247341,0.745985,0.618328,0.841576,0.150856,-0.518645,-0.480180,0.648652,-0.590490
-0.385950,0.409297,0.826752,-0.139779,-0.911787,0.386143,0.911869,0.033469,0.409115
0.043381,-0.830137,-0.555869,-0.516007,-0.495052,0.699043,-0.855485,0.256507,-0.449833
-0.647152,-0.603796,0.465430,0.303394,-0.764061,-0.569354,0.699390,-0.227250,0.677652
0.496517,-0.317359,0.807932,-0.866829,-0.230177,0.442297,0.045600,-0.919947,-0.389383
-0.022367,0.995219,-0.095075,-0.334245,0.082182,0.938896,0.942221,0.052778,0.330809
0.022549,0.052572,0.998363,-0.111974,-0.992200,0.054776,0.993455,-0.113026,-0.016487
0.660812,-0.166797,0.731782,-0.290132,-0.955970,0.044097,0.692207,-0.241453,-0.680110
0.568205,-0.236872,-0.788058,-0.342216,-0.938951,0.035483,-0.748353,0.249524,-0.614578
-0.810592,0.361888,-0.460410,0.269874,0.928587,0.254744,0.519720,0.082241,-0.850369
-0.449937,0.849007,-0.277025,0.656941,0.104520,-0.746662,-0.604966,-0.517940,-0.604775
-0.995075,0.024278,-0.096101,0.068181,-0.536086,-0.841406,-0.071946,-0.843814,0.531791
0.394888,-0.738084,0.547080,-0.827505,-0.027050,0.560806,-0.399123,-0.674167,-0.621450
-0.672664,0.738404,0.047771,0.737857,0.664514,0.118271,0.055587,0.114805,-0.991832
0.223551,-0.938914,0.261657,0.456009,0.338009,0.823290,-0.861441,-0.064729,0.503716
0.021924,0.196038,-0.980351,0.671382,0.723693,0.159730,0.740787,-0.661692,-0.115751
0.863121,0.504562,0.020965,-0.465161,0.778187,0.421960,0.196590,-0.373954,0.906372
-0.239147,0.859138,0.452427,-0.058072,0.452458,-0.889893,-0.969245,-0.239088,-0.058312
-0.073681,0.808478,-0.583896,0.284256,-0.544175,-0.789349,-0.955913,-0.224135,-0.189719
-0.149633,0.016505,0.988604,-0.971595,-0.187854,-0.143922,0.183338,-0.982058,0.044145
-0.807361,-0.382990,0.448872,0.576469,-0.349652,0.738531,-0.125901,0.855022,0.503077
-0.794434,0.559471,-0.236361,-0.115658,0.242687,0.963185,0.596236,0.792524,-0.128092
-0.359630,-0.026119,0.932729,-0.836226,0.452529,-0.309749,-0.413996,-0.891367,-0.184584
-0.944041,-0.329169,-0.020834,0.285734,-0.847754,0.446843,-0.164749,0.415885,0.894370
-0.634979,0.680799,-0.365124,0.203538,-0.308502,-0.929193,-0.745234,-0.664334,0.057323
0.048245,0.488096,0.871455,-0.998820,0.028413,0.039382,-0.005538,-0.872327,0.488891
-0.316422,-0.652031,-0.689009,0.518433,0.489401,-0.701223,0.794420,-0.579087,0.183177
0.602717,0.399971,-0.690475,-0.369854,-0.626715,-0.685884,-0.707064,0.668768,-0.229801
0.305807,0.337901,-0.890115,-0.645372,-0.613778,-0.454722,-0.699984,0.713512,0.030374
0.611442,0.573367,-0.545333,0.783323,-0.341048,0.519703,0.111996,-0.744940,-0.657663
0.332119,0.439234,0.834728,-0.856960,0.510263,0.072464,-0.394102,-0.739395,0.545874
0.979620,0.084956,-0.182010,0.200391,-0.475350,0.856671,-0.013739,-0.875685,-0.482687
-0.765700,-0.441319,0.467912,0.626041,-0.344449,0.699592,-0.147571,0.828609,0.540028
0.085104,0.437821,0.895025,0.965400,-0.258464,0.034638,0.246497,0.861109,-0.444668
0.305210,0.465124,0.830967,0.048206,0.863938,-0.501285,-0.951064,0.193055,0.241260
-0.024877,0.402811,0.914945,-0.815312,0.521437,-0.251734,-0.578487,-0.752228,0.315445
0.016068,0.244729,0.969458,-0.512788,0.834381,-0.202131,-0.858365,-0.493879,0.138901
-0.912824,-0.268766,0.307438,0.290383,0.102104,0.951448,-0.287107,0.957779,-0.015158
0.684008,-0.590926,0.427714,-0.374948,-0.787754,-0.488730,0.625737,0.173925,-0.760397
0.391822,-0.690264,-0.608286,0.060123,0.678947,-0.731721,0.918074,0.250132,0.307527
-0.152069,-0.933363,-0.325128,-0.266307,0.355482,-0.895943,0.951817,-0.049661,-0.302619
-0.852714,-0.055403,-0.519433,0.516448,-0.238827,-0.822340,-0.078494,-0.969480,0.232264
-0.546998,0.809796,-0.212188,-0.229817,-0.388994,-0.892114,-0.804971,-0.439220,0.398883
-0.106173,-0.434679,0.894305,-0.916507,0.391620,0.081539,-0.385671,-0.810979,-0.439966
0.561608,-0.473971,-0.678194,0.824786,0.255545,0.504406,-0.065764,-0.842643,0.534441
0.514766,-0.843501,-0.153366,0.057242,-0.144674,0.987822,-0.855417,-0.517277,-0.026189
0.402839,-0.909128,0.105862,0.906635,0.412211,0.089969,-0.125431,0.059735,0.990302
0.562423,0.653114,-0.507072,-0.285741,-0.421953,-0.860411,-0.775907,0.628807,-0.050695
0.521331,0.672720,-0.525034,-0.346031,0.729057,0.590541,0.780049,-0.126190,0.612862
0.819121,0.397023,0.414021,0.087044,-0.799441,0.594406,0.566978,-0.450852,-0.689397
0.134949,-0.081139,0.987525,0.251965,-0.961070,-0.113397,0.958281,0.264124,-0.109251
0.661661,0.695408,0.280379,0.704749,-0.449118,-0.549201,-0.255996,0.560982,-0.787252
-0.586425,-0.801844,0.114678,0.745926,-0.589785,-0.309432,0.315752,-0.095917,0.943981
-0.343627,-0.716328,-0.607285,0.727274,0.206130,-0.654663,0.594133,-0.666622,0.450134
-0.957614,-0.271067,0.097453,-0.283605,0.828007,-0.483707,0.050426,-0.490843,-0.869788
0.359742,-0.507385,0.783037,-0.397980,-0.842492,-0.363070,0.843918,-0.181021,-0.505009
-0.253928,0.369079,-0.894036,-0.085941,0.912068,0.400932,0.963397,0.178642,-0.199881
-0.710617,-0.552348,-0.435815,-0.572332,0.093534,0.814670,-0.409217,0.828350,-0.382593
0.219657,0.436543,-0.872457,0.082962,0.882700,0.462555,0.972043,-0.173984,0.157675
0.569318,-0.121038,-0.813158,0.664957,0.649423,0.368892,0.483434,-0.750733,0.450213
0.651234,0.689710,-0.316537,0.750032,-0.648477,0.130113,-0.115527,-0.322147,-0.939614
0.940609,0.338062,-0.031110,0.098130,-0.358465,-0.928371,-0.324999,0.870182,-0.370349
0.434482,0.673245,-0.598302,-0.112828,-0.618362,-0.777752,-0.893585,0.405425,-0.192706
-0.415565,-0.807910,-0.417836,-0.564269,0.589288,-0.578221,0.713377,-0.004517,-0.700766
0.765150,0.444573,0.465725,0.638440,-0.430303,-0.638149,-0.083301,0.785617,-0.613080
0.443214,0.504289,-0.741117,-0.633769,-0.408409,-0.656916,-0.633954,0.760851,0.138589
-0.138816,-0.680050,-0.719904,0.875351,-0.424220,0.231946,-0.463132,-0.597971,0.654171
-0.514369,-0.797588,0.315085,0.712474,-0.601941,-0.360622,0.477290,0.038997,0.877880
-0.687098,-0.726357,-0.017350,-0.601852,0.555621,0.573637,-0.407026,0.404587,-0.818926
-0.073536,0.896620,-0.436651,-0.948740,0.072055,0.307735,0.307384,0.436898,0.845361
0.664196,0.431101,0.610733,-0.223806,0.894171,-0.387775,-0.713270,0.120873,0.690388
0.168592,-0.179257,-0.969249,0.641116,-0.726961,0.245964,-0.748697,-0.662868,-0.007635
-0.235748,-0.756602,-0.609899,-0.378211,-0.506679,0.774747,-0.895198,0.413316,-0.166707
0.138508,0.760680,0.634178,0.691727,-0.532573,0.487730,0.708752,0.371124,-0.599948
-0.114165,0.464146,0.878370,-0.083189,0.876580,-0.474013,-0.989973,-0.127186,-0.061463
0.607382,-0.748976,-0.264805,0.241186,-0.143745,0.959774,-0.756912,-0.646817,0.093334
0.168657,0.872920,0.457783,-0.985254,0.135737,0.104161,0.028786,-0.468600,0.882941
0.924979,-0.281676,-0.255095,0.367038,0.488235,0.791776,-0.098478,-0.826006,0.554993
-0.350546,-0.854392,-0.383577,-0.462724,0.514088,-0.722219,0.814251,-0.075681,-0.575559
0.425566,-0.508237,0.748725,-0.856393,0.041132,0.514684,-0.292378,-0.860234,-0.417746
-0.997566,0.060974,-0.033818,0.059350,0.488015,-0.870815,-0.036593,-0.870703,-0.490446
-0.581047,-0.591653,0.558866,0.133401,0.608155,0.782529,-0.802863,0.529239,-0.274439
-0.059554,-0.968961,0.239931,0.789551,0.101345,0.605259,-0.610789,0.225484,0.759009
-0.594703,0.773280,-0.219923,-0.328666,0.015800,0.944314,0.733694,0.633868,0.244754
-0.277961,-0.937733,-0.208313,-0.897201,0.175966,0.405051,-0.343174,0.299487,-0.890247
0.330550,0.476113,-0.814895,-0.615916,-0.545401,-0.568495,-0.715111,0.689822,0.112963
-0.886693,-0.231305,0.400342,-0.415059,0.016698,-0.909641,0.203720,-0.972738,-0.110811
-0.676875,0.732887,0.068675,0.634779,0.533927,0.558549,0.372686,0.421661,-0.826624
-0.103366,0.937092,-0.333427,-0.754578,0.144520,0.640099,0.648019,0.317761,0.692170
-0.501405,0.290280,0.815065,-0.847587,-0.353972,-0.395347,0.173749,-0.889068,0.423521
0.264023,0.747121,-0.610002,-0.152126,0.656784,0.738574,0.952444,-0.102203,0.287063
-0.529181,0.758250,0.380820,-0.518306,0.066484,-0.852607,-0.671808,-0.648565,0.357824
-0.962867,-0.125023,-0.239282,0.226990,-0.854725,-0.466820,-0.146157,-0.503800,0.851366
-0.331753,-0.884117,0.329055,-0.921789,0.377981,0.086227,-0.200611,-0.274713,-0.940366
-0.523467,-0.819981,-0.231543,0.194965,0.149268,-0.969385,0.829440,-0.552584,0.081731
-0.607536,-0.777756,-0.161230,0.713720,-0.445464,-0.540523,0.348574,-0.443460,0.825736
-0.281065,0.568166,-0.773427,0.181465,0.822841,0.538520,0.942376,0.011010,-0.334374
0.333599,0.351236,0.874840,-0.823976,-0.342226,0.451602,0.458012,-0.871501,0.175244
-0.416409,0.905997,-0.075977,-0.909046,-0.413470,0.051756,0.015477,0.090618,0.995765
-0.543696,-0.822361,-0.167683,0.837562,-0.544428,-0.045700,-0.053709,-0.165292,0.984781
-0.080183,0.268892,0.959827,0.943858,-0.289107,0.159841,0.320473,0.918757,-0.230614
0.303651,0.538095,0.786289,0.527119,-0.782330,0.331822,0.793689,0.313710,-0.521195
0.214685,0.079630,0.973432,0.770149,0.599140,-0.218863,-0.600650,0.796674,0.067300
0.666423,-0.676007,0.314476,-0.163328,0.279177,0.946247,-0.727465,-0.681963,0.075639
-0.378218,0.704935,0.600015,0.285020,-0.527999,0.799988,0.880747,0.473586,-0.001222
0.641374,-0.760227,0.103413,0.045214,0.172005,0.984058,-0.765895,-0.626473,0.144692
-0.108280,-0.682094,0.723203,-0.904881,-0.233623,-0.355825,0.411663,-0.692941,-0.591917
-0.570906,-0.001827,0.821014,-0.788289,-0.278301,-0.548770,0.229492,-0.960492,0.157443
-0.951747,-0.293912,0.088283,0.113757,-0.070702,0.990990,-0.285022,0.953214,0.100725
-0.987641,-0.131872,0.084709,-0.134695,0.990477,-0.028506,-0.080144,-0.039564,-0.995998
-0.560488,-0.646895,-0.517088,-0.824197,0.374681,0.424634,-0.080950,0.664184,-0.743173
-0.495228,-0.231679,-0.837302,0.598401,-0.789667,-0.135430,-0.629813,-0.568111,0.529703
0.274250,0.672942,-0.686976,-0.843751,0.511118,0.163840,0.461380,0.534704,0.707969
-0.517047,-0.218606,0.827571,0.774557,-0.530998,0.343661,0.364312,0.818690,0.443874
-0.348224,0.733485,0.583730,-0.480755,-0.674314,0.560514,0.804745,-0.085447,0.587438
0.129926,-0.404432,-0.905292,0.237554,-0.873743,0.424431,-0.962646,-0.270201,-0.017448
0.464499,-0.864635,0.191435,0.645107,0.182274,-0.742033,0.606694,0.468169,0.642449
-0.263110,-0.386861,-0.883805,-0.661722,0.739003,-0.126483,0.702066,0.551555,-0.450434
0.673817,-0.400589,0.620886,-0.069543,-0.870938,-0.486448,0.735619,0.284598,-0.614710
0.713205,0.081264,-0.696229,-0.697570,-0.015217,-0.716355,-0.068808,0.996576,0.045834
-0.627140,-0.671513,-0.394672,0.595126,-0.086203,-0.798995,0.502514,-0.735962,0.453696
-0.768151,-0.638793,0.043434,-0.413689,0.443398,-0.795148,0.488677,-0.628762,-0.604858
0.141166,0.107823,-0.984097,-0.837380,0.543251,-0.060598,0.528078,0.832618,0.166977
-0.399549,0.875245,0.272592,-0.797092,-0.478567,0.368263,0.452775,-0.070142,0.888862
-0.741244,-0.071816,-0.667383,0.350514,0.806519,-0.476095,0.572449,-0.586829,-0.572655
0.932363,0.165255,0.321544,-0.107484,0.975904,-0.189893,-0.345176,0.142489,0.927658
-0.896102,-0.067261,0.438721,-0.406383,-0.273132,-0.871924,0.178475,-0.959622,0.217421
0.747877,-0.663083,-0.031649,-0.330768,-0.330882,-0.883804,0.575563,0.671445,-0.466786
0.103964,-0.948493,0.299254,0.138311,0.311749,0.940044,-0.984917,-0.056341,0.163598
-0.538754,-0.638306,-0.549827,-0.801629,0.187685,0.567596,-0.259106,0.746552,-0.612801
0.023642,0.760379,0.649049,0.539957,0.536678,-0.648401,-0.841361,0.365788,-0.397883
0.871030,0.459201,-0.174472,0.253909,-0.116819,0.960148,0.420519,-0.880618,-0.218349
-0.461059,0.845824,0.268339,-0.740807,-0.200417,-0.641123,-0.488498,-0.494383,0.718996
0.599282,-0.470787,-0.647472,0.525985,0.841277,-0.124869,0.603490,-0.265729,0.751790
0.602754,0.703782,0.376004,-0.601002,0.090464,0.794111,0.524866,-0.704633,0.477502
0.902438,-0.046037,0.428353,-0.364167,-0.612764,0.701358,0.230190,-0.788924,-0.569747
0.615272,-0.514389,-0.597364,0.188070,-0.640112,0.744907,-0.765552,-0.570667,-0.297102
-0.048437,-0.388984,0.919970,0.982361,0.147998,0.114299,-0.180614,0.909279,0.374954
-0.410886,0.756373,0.508992,-0.531845,-0.652317,0.540022,0.740482,-0.048817,0.670301
0.082586,0.789059,-0.608741,0.865982,0.245479,0.435678,0.493209,-0.563140,-0.663037
-0.997745,-0.042771,0.051723,0.053306,-0.036744,0.997902,-0.040780,0.998409,0.038941
0.863994,-0.434924,-0.253683,-0.352162,-0.882089,0.312891,-0.359855,-0.180999,-0.915283
0.174712,-0.874595,0.452283,-0.310105,-0.484848,-0.817776,0.934511,0.002620,-0.355925
-0.818514,-0.236568,0.523518,0.563441,-0.508419,0.651187,0.112116,0.827977,0.549440
0.826382,0.438008,-0.353895,0.503637,-0.856014,0.116574,-0.251879,-0.274570,-0.927992
0.881404,0.214900,-0.420648,-0.472337,0.410175,-0.780163,0.004883,0.886326,0.463035
0.829107,0.001405,0.559089,0.278303,-0.868339,-0.410530,0.484902,0.495970,-0.720336
0.011269,-0.785846,0.618319,-0.091566,-0.616572,-0.781956,0.995735,-0.047806,-0.078905
0.202300,0.598669,0.775029,-0.898051,0.429059,-0.097014,-0.390613,-0.676390,0.624434
0.911733,-0.164432,0.376436,-0.174162,0.675215,0.716765,-0.372034,-0.719060,0.586978
0.720424,0.110702,-0.684641,0.693476,-0.102314,0.713178,0.008902,-0.988573,-0.150478
-0.084290,0.077261,-0.993441,-0.834129,0.539919,0.112763,0.545090,0.838163,0.018936
-0.434379,0.900064,-0.034634,-0.021523,0.028068,0.999374,0.900473,0.434852,0.007180
0.373033,-0.473994,-0.797607,0.705931,0.702852,-0.087527,0.602087,-0.530404,0.596793
0.502855,-0.481109,0.718102,0.307372,-0.676949,-0.668777,0.807873,0.557022,-0.192528
0.261807,0.666662,-0.697868,-0.950022,0.305417,-0.064643,0.170045,0.679914,0.713303
0.572525,0.132892,-0.809045,-0.816340,0.000709,-0.577571,-0.076181,0.991130,0.108891
0.761390,0.507448,0.403463,-0.628369,0.424542,0.651856,0.159496,-0.749840,0.642106
0.712477,-0.524288,0.466367,-0.009691,0.657214,0.753642,-0.701628,-0.541472,0.463169
0.455294,0.047653,0.889065,-0.259250,0.962393,0.081179,-0.851761,-0.267451,0.450525
-0.500830,0.861394,0.084668,0.737269,0.475805,-0.479630,-0.453436,-0.177790,-0.873376
-0.301123,-0.624927,-0.720271,0.063724,-0.766829,0.638681,-0.951454,0.146423,0.270733
-0.686160,0.199331,-0.699609,0.500501,-0.568557,-0.652872,-0.527905,-0.798129,0.290356
0.040150,0.705520,-0.707552,-0.135009,0.705460,0.695773,0.990031,0.067590,0.123576
-0.687660,0.553822,0.469473,-0.225458,0.451769,-0.863176,-0.690139,-0.699419,-0.185800
0.913608,-0.323760,0.245968,0.085234,0.744001,0.662719,-0.397562,-0.584501,0.707321
0.792821,-0.596845,-0.123330,0.475073,0.731981,-0.488375,0.381760,0.328604,0.863875
0.676875,-0.171247,-0.715901,-0.721662,0.037284,-0.691240,0.145064,0.984522,-0.098346
0.528235,0.528064,-0.664918,0.204588,0.680861,0.703258,0.824082,-0.507520,0.251619
-0.417716,0.907990,0.032660,-0.671031,-0.284070,-0.684851,-0.612560,-0.307990,0.727951
0.261307,-0.077275,0.962157,0.204936,-0.969624,-0.133532,0.943249,0.232074,-0.237534
0.745161,0.374853,-0.551561,-0.228406,0.920506,0.317017,0.626550,-0.110249,0.771544
0.925085,-0.155012,-0.346684,-0.303853,0.245475,-0.920552,0.227799,0.956929,0.179984
-0.706085,0.323700,-0.629811,0.297596,-0.671405,-0.678714,-0.642558,-0.666659,0.377737
-0.726135,0.365687,-0.582238,-0.669289,-0.569830,0.476807,-0.157415,0.735912,0.658524
0.107151,0.837621,-0.535640,0.065642,-0.543526,-0.836822,-0.992074,0.054506,-0.113222
0.736251,0.258799,-0.625266,0.148432,-0.963241,-0.223909,-0.660229,0.072044,-0.747601
0.108690,0.953780,0.280161,-0.994076,0.104394,0.030257,-0.000388,-0.281790,0.959476
-0.786425,-0.071848,0.613493,0.608029,-0.264977,0.748390,0.108791,0.961574,0.252070
0.163497,-0.468775,-0.868054,0.205413,-0.844434,0.494709,-0.964922,-0.259193,-0.041770
0.045760,-0.571778,-0.819131,-0.213823,-0.806592,0.551080,-0.975800,0.149932,-0.159169
-0.345641,-0.585375,0.733396,0.117987,-0.802474,-0.584905,0.930920,-0.115636,0.346434
0.341913,-0.863553,-0.370637,-0.632030,-0.503194,0.589350,-0.695437,0.032748,-0.717840
0.973729,0.030593,0.225646,-0.097476,-0.839551,0.534465,0.205793,-0.542419,-0.814513
0.158745,0.758816,-0.631663,-0.928391,-0.102997,-0.357046,-0.335992,0.643110,0.688128
-0.824984,0.562249,0.057258,-0.464591,-0.617005,-0.635185,-0.321803,-0.550619,0.770235
0.932971,0.164945,-0.319934,0.333952,-0.728310,0.598365,-0.134314,-0.665100,-0.734576
-0.162840,-0.450195,-0.877957,-0.044574,-0.885568,0.462365,-0.985645,0.114426,0.124140
-0.944264,-0.258539,-0.203773,0.295837,-0.937968,-0.180823,-0.144383,-0.231028,0.962174
-0.801831,-0.390473,-0.452325,0.517750,-0.831908,-0.199659,-0.298331,-0.394284,0.869217
0.224309,-0.120841,-0.966997,0.513087,-0.828967,0.222610,-0.828509,-0.546087,-0.123943
-0.901305,0.374199,0.218230,-0.026895,-0.551148,0.833974,0.432350,0.745796,0.506816
0.285588,-0.954880,-0.081507,-0.883127,-0.295248,0.364575,-0.372190,-0.032138,-0.927600
-0.659540,0.485191,-0.574106,-0.003271,0.761914,0.647670,0.751663,0.429042,-0.500925
0.473987,0.246872,0.845216,0.301846,0.856176,-0.419346,-0.827179,0.453890,0.331299
0.215015,-0.203299,-0.955216,-0.014006,-0.978634,0.205130,-0.976510,-0.030727,-0.213269
0.301112,-0.852952,-0.426386,-0.547099,-0.520751,0.655363,-0.781034,0.035938,-0.623454
-0.271401,0.937818,-0.216423,0.032556,-0.215790,-0.975897,-0.961916,-0.271905,0.028034
-0.206961,0.558551,0.803236,-0.179399,0.785424,-0.592389,-0.961760,-0.266702,-0.062349
0.220155,0.975373,0.013418,-0.762630,0.163527,0.625823,0.608217,-0.148011,0.779849
-0.923859,-0.151640,-0.351411,0.294173,-0.868702,-0.398521,-0.244839,-0.471553,0.847167
0.451162,0.521531,0.724195,0.548488,-0.802167,0.235984,0.703999,0.290745,-0.647961
0.843019,0.077704,-0.532241,0.195845,-0.965931,0.169180,-0.500962,-0.246858,-0.829517
-0.777689,-0.619509,-0.106804,-0.547818,0.584505,0.598539,-0.308373,0.523987,-0.793942
-0.862731,-0.464268,-0.200375,0.234314,-0.718197,0.655203,-0.448098,0.518313,0.728395
0.104200,-0.828967,0.549505,0.931124,-0.112849,-0.346805,0.349501,0.547794,0.760112
-0.821234,0.407658,-0.399235,-0.406420,-0.909024,-0.092187,-0.400495,0.086550,0.912202
0.272934,0.266595,-0.924356,0.478015,0.796251,0.370791,0.834870,-0.543057,0.089888
-0.177548,0.066024,0.981895,0.751903,0.652814,0.092064,-0.634916,0.754635,-0.165550
0.735879,-0.048553,-0.675371,0.650954,-0.223837,0.725366,-0.186392,-0.973416,-0.133111
0.022698,0.543167,-0.839318,-0.017464,0.839621,0.542892,0.999590,0.002336,0.028544
0.635333,-0.005657,-0.772218,-0.389570,-0.865755,-0.314172,-0.666774,0.500437,-0.552246
0.666904,-0.447905,-0.595500,0.739532,0.495756,0.455323,0.091281,-0.744048,0.661861
0.076954,-0.991044,-0.109135,-0.357752,0.074724,-0.930822,0.930640,0.110674,-0.348798
-0.746686,-0.638230,-0.187413,-0.008883,0.291291,-0.956593,0.665118,-0.712609,-0.223173
0.047918,0.994678,-0.091214,0.573668,-0.102162,-0.812692,-0.817685,-0.013384,-0.575510
-0.239359,-0.213813,0.947096,0.188831,-0.967077,-0.170601,0.952392,0.138006,0.271853
-0.500372,0.377642,0.779111,0.072571,-0.878404,0.472377,0.862764,0.292905,0.412123
-0.782748,-0.572338,-0.244407,0.585703,-0.810238,0.021570,-0.210373,-0.126266,0.969433
-0.024972,0.028335,-0.999287,0.631535,0.775323,0.006203,0.774945,-0.630929,-0.037256
0.529797,-0.433288,-0.729093,-0.471498,0.564099,-0.677851,0.704985,0.702889,0.094563
-0.679426,-0.698561,-0.224483,0.723911,-0.588260,-0.360420,0.119721,-0.407384,0.905376
-0.942212,0.233546,-0.240193,-0.141414,-0.927209,-0.346823,-0.303708,-0.292814,0.906654
-0.609241,-0.782938,0.125834,-0.603760,0.355107,-0.713704,0.514101,-0.510791,-0.689052
-0.819477,-0.064200,-0.569504,-0.569048,-0.026967,0.821862,-0.068121,0.997573,-0.014434
0.611019,-0.019273,0.791381,0.097058,-0.990337,-0.099056,0.785643,0.137335,-0.603244
0.789114,0.614135,0.011687,-0.571474,0.727056,0.380534,0.225202,-0.306964,0.924693
-0.242954,-0.436542,-0.866259,-0.812587,-0.396133,0.427529,-0.529788,0.807781,-0.258487
0.389193,0.481640,0.785208,0.679324,-0.725777,0.108474,0.622131,0.491193,-0.609657
0.612419,0.782285,-0.113901,-0.286056,0.353610,0.890580,0.736964,-0.512826,0.440335
0.658039,-0.275407,0.700810,-0.688488,-0.596940,0.411881,0.304907,-0.753534,-0.582425
-0.945215,0.103922,-0.309466,-0.074147,-0.991544,-0.106502,-0.317917,-0.077721,0.944928
0.485974,0.765916,-0.420953,-0.282043,0.593325,0.753935,0.827213,-0.247665,0.504362
0.383504,-0.873982,0.298461,0.742242,0.099379,-0.662722,0.549547,0.475687,0.686819
-0.116958,0.642090,-0.757655,0.992904,0.059085,-0.103200,-0.021497,-0.764349,-0.644444
0.422830,-0.451091,0.785959,-0.565230,0.546639,0.617819,-0.708329,-0.705480,-0.023835
-0.797726,0.426742,-0.426056,-0.590719,-0.411036,0.694335,0.121177,0.805568,0.579979
-0.563347,-0.102167,-0.819880,-0.553391,0.783514,0.282605,0.613514,0.612918,-0.497928
0.136202,-0.674348,-0.725744,0.938552,-0.146671,0.312424,-0.317128,-0.723700,0.612934
0.907403,-0.263749,-0.327193,-0.363911,-0.103698,-0.925643,0.210208,0.959001,-0.190077
-0.295130,0.750113,0.591801,-0.886730,-0.445701,0.122720,0.355821,-0.488549,0.796688
0.634147,-0.760922,0.137314,-0.424107,-0.193809,0.884630,-0.646522,-0.619222,-0.445616
-0.766507,0.580321,0.275125,0.517129,0.811727,-0.271436,-0.380847,-0.065783,-0.922295
0.561639,0.244409,-0.790459,0.615822,-0.761526,0.202093,-0.552562,-0.600285,-0.578215
0.468857,0.407155,0.783836,0.262240,0.783240,-0.563706,-0.843447,0.469850,0.260455
0.319405,0.883804,-0.341865,-0.643042,0.467135,0.606862,0.696044,0.025999,0.717529
-0.378988,-0.916995,-0.124456,0.912910,-0.348452,-0.212547,0.151538,-0.194170,0.969193
0.507695,-0.388132,-0.769155,-0.839824,-0.023790,-0.542337,0.192200,0.921297,-0.338040
-0.113665,0.368841,0.922516,0.864269,-0.421260,0.274917,0.490020,0.828551,-0.270896
-0.384244,-0.904755,0.183779,0.028192,0.187470,0.981866,-0.922801,0.382458,-0.046527
-0.722731,-0.659720,0.205984,-0.482797,0.268666,-0.833502,0.494537,-0.701846,-0.512684
0.011767,0.663215,0.748336,0.841879,0.397240,-0.365294,-0.539537,0.634307,-0.553673
-0.755180,-0.319759,-0.572239,0.351206,0.539731,-0.765078,0.553496,-0.778745,-0.295293
0.289260,0.030340,0.956770,0.343914,-0.936058,-0.074292,0.893338,0.350536,-0.281198
0.042951,0.875164,0.481916,0.388001,-0.459111,0.799170,0.920658,0.152658,-0.359283
0.655125,-0.121792,0.745639,-0.051652,0.977392,0.205028,-0.753753,-0.172832,0.634023
-0.411784,0.322324,0.852374,0.304196,-0.833086,0.461988,0.859011,0.449528,0.245002
0.610919,-0.394049,-0.686661,0.400828,-0.594005,0.697492,-0.682726,-0.701344,-0.204943
-0.360799,0.905790,0.222189,-0.747204,-0.423308,0.512345,0.558131,0.018833,0.829539
0.240428,-0.178501,0.954113,-0.188407,-0.972834,-0.134526,0.952206,-0.147418,-0.267527
0.532206,0.163759,-0.830626,0.840421,0.016266,0.541690,0.102218,-0.986366,-0.128970
-0.076981,-0.383287,0.920416,0.481724,0.793955,0.370915,-0.872935,0.471940,0.123520
-0.680825,-0.056803,0.730240,0.443121,0.761894,0.472400,-0.583200,0.645206,-0.493546
0.713540,0.334381,0.615670,-0.682535,0.530103,0.503127,-0.158133,-0.779218,0.606476
0.548283,0.749942,0.370098,-0.753858,0.251614,0.606951,0.362056,-0.611782,0.703305
-0.020723,-0.999671,-0.015132,-0.075971,-0.013517,0.997018,-0.996895,0.021811,-0.075666
0.344288,0.221443,0.912375,-0.223203,-0.924620,0.308641,0.911946,-0.309906,-0.268909
0.574051,-0.790526,0.213387,0.219473,0.399617,0.890021,-0.788858,-0.464085,0.402900
0.418510,-0.853912,-0.309327,0.854621,0.255005,0.452323,-0.307364,-0.453659,0.836493
-0.840154,-0.537950,-0.068934,0.410628,-0.713977,0.567117,-0.354298,0.448159,0.820748
-0.948880,-0.034872,-0.313705,-0.183689,0.869246,0.458987,0.256681,0.493148,-0.831216
0.620768,-0.482886,-0.617631,-0.580380,-0.812680,0.052055,-0.527073,0.326147,-0.784743
-0.566113,0.159329,-0.808783,-0.471769,0.741954,0.476381,0.675981,0.651244,-0.344864
-0.771228,-0.591026,-0.236424,0.353981,-0.706878,0.612390,-0.529061,0.388603,0.754375
-0.917777,-0.391940,0.063788,0.334603,-0.676794,0.655737,-0.213838,0.623164,0.752290
0.347436,-0.091618,0.933217,0.421006,0.904510,-0.067941,-0.837880,0.416495,0.352831
0.968504,0.206625,-0.138947,-0.216411,0.422512,-0.880142,-0.123152,0.882491,0.453920
-0.389178,0.702333,-0.596044,-0.810518,0.046386,0.583874,0.437723,0.710335,0.551201
-0.559104,0.672099,-0.485474,-0.741381,-0.143156,0.655637,0.371155,0.726491,0.578321
0.891637,0.240976,0.383294,0.328936,-0.926512,-0.182692,0.311102,0.288975,-0.905378
0.648309,-0.710864,-0.272704,0.565694,0.689455,-0.452373,0.509593,0.139010,0.849112
-0.189691,0.603633,-0.774367,-0.646101,-0.670604,-0.364477,-0.739304,0.431181,0.517216
-0.416739,-0.891045,-0.179910,-0.802401,0.453587,-0.387829,0.427178,-0.017263,-0.904003
0.832959,0.129209,0.538037,0.129588,0.899761,-0.416697,-0.537946,0.416815,0.732721
0.378722,0.750981,0.540923,0.910790,-0.198590,-0.361972,-0.164412,0.629754,-0.759196
-0.081829,0.746669,0.660144,-0.476905,0.552276,-0.683779,-0.875138,-0.370779,0.310897
0.192463,-0.562856,-0.803836,-0.617278,-0.706227,0.346714,-0.762840,0.429461,-0.483361
0.167581,-0.985218,-0.035541,-0.729679,-0.099711,-0.676481,0.662937,0.139298,-0.735602
-0.790329,0.529844,0.307643,-0.522391,-0.845117,0.113506,0.320135,-0.071003,0.944707
0.786223,0.317264,0.530280,-0.464209,0.869656,0.167952,-0.407876,-0.378208,0.831021
-0.631187,-0.281148,-0.722882,-0.487719,0.868549,0.088052,0.603103,0.408141,-0.685338
-0.756913,0.252169,0.602905,0.326195,-0.653633,0.682906,0.566286,0.713565,0.412487
0.272514,-0.290078,0.917382,0.664183,0.746564,0.038765,-0.696130,0.598746,0.396115
0.933040,0.357626,0.039241,0.265558,-0.611006,-0.745755,-0.242725,0.706240,-0.665063
-0.637403,-0.512426,0.575445,0.366102,-0.858540,-0.358998,0.678002,-0.018155,0.734836
-0.421910,-0.079317,0.903161,0.875663,0.222510,0.428606,-0.234958,0.971699,-0.024425
-0.043380,0.602453,0.796975,-0.599427,-0.653880,0.461657,0.799253,-0.457701,0.389492
0.621772,-0.592838,0.511803,-0.648878,-0.755873,-0.087253,0.438585,-0.277846,-0.854661
0.057022,0.833409,0.549708,0.575297,-0.477428,0.664150,0.815954,0.278375,-0.506682
-0.331289,-0.938242,0.099751,0.936327,-0.339955,-0.087876,0.116360,0.064287,0.991124
0.161206,0.895367,-0.415128,-0.986752,0.153995,-0.051040,0.018228,0.417856,0.908330
-0.327793,-0.853810,-0.404426,0.918677,-0.188190,-0.347301,0.220420,-0.485379,0.846063
0.452152,0.846401,0.281359,-0.764729,0.205516,0.610698,0.459072,-0.491292,0.740192
0.466239,0.768187,-0.438760,-0.861692,0.282067,-0.421813,-0.200271,0.574742,0.793450
0.416450,-0.830248,-0.370482,-0.615191,0.042703,-0.787220,0.669409,0.555756,-0.492978
0.417653,0.376810,0.826789,0.618309,-0.784631,0.045257,0.665778,0.492310,-0.560688
0.483105,-0.835436,-0.262023,0.221731,0.406243,-0.886455,0.847021,0.370152,0.381500
-0.827763,-0.543399,0.139738,-0.267268,0.162896,-0.949754,0.493333,-0.823518,-0.280072
-0.429393,-0.464133,-0.774727,-0.894064,0.097298,0.437245,-0.127560,0.880405,-0.456744
-0.731883,0.482931,0.480755,-0.179609,-0.817275,0.547542,0.657334,0.314389,0.684888
-0.267096,-0.776774,-0.570335,-0.732730,-0.220703,0.643737,-0.625913,0.589841,-0.510216
-0.970662,-0.234022,-0.055210,-0.075275,0.077688,0.994132,-0.228360,0.969122,-0.093024
-0.356488,0.776769,-0.519179,0.630516,-0.210056,-0.747212,-0.689468,-0.593723,-0.414883
0.547740,0.399565,0.735070,-0.402090,-0.644753,0.650090,0.733692,-0.651645,-0.192496
-0.461470,-0.361060,0.810358,-0.886639,0.156538,-0.435163,0.030268,-0.919310,-0.392367
-0.829354,0.037099,-0.557490,-0.456071,0.531440,0.713842,0.322755,0.846283,-0.423832
0.081417,0.987966,0.131508,0.968729,-0.047413,-0.243551,-0.234385,0.147225,-0.960931
0.938166,0.110827,-0.327966,0.280497,0.311886,0.907771,0.202893,-0.943634,0.261515
0.924990,0.248008,0.287897,0.377873,-0.520474,-0.765715,-0.040060,0.817067,-0.575149
-0.831101,0.551445,-0.071966,-0.264257,-0.277737,0.923596,0.489325,0.786620,0.376551
0.727043,-0.055590,-0.684338,-0.049821,0.989818,-0.133335,0.684782,0.131035,0.716870
-0.358800,-0.825724,0.435249,-0.043152,0.480473,0.875947,-0.932416,0.295508,-0.208026
0.635048,0.533917,0.558253,0.017415,0.712604,-0.701350,-0.772276,0.455113,0.443240
0.802103,0.479691,0.355706,-0.568842,0.432389,0.699614,0.181795,-0.763503,0.619689
0.936335,-0.057140,-0.346429,-0.035210,0.966415,-0.254565,0.349339,0.250555,0.902875
0.305482,-0.034651,-0.951567,-0.738410,0.622334,-0.259714,0.601192,0.781984,0.164525
-0.207894,-0.724835,0.656806,0.862814,-0.452214,-0.225952,0.460795,0.519727,0.719410
0.607428,-0.447340,-0.656443,-0.780108,-0.180009,-0.599190,0.149876,0.876061,-0.458316
0.774792,0.263241,0.574805,0.591058,-0.624290,-0.510796,0.224383,0.735504,-0.639286
-0.846726,-0.358886,0.392754,-0.500456,0.787797,-0.359054,-0.180552,-0.500576,-0.846655
0.153467,-0.837566,0.524339,0.725410,-0.264820,-0.635335,0.670990,0.477863,0.566938
0.797831,0.364288,-0.480375,-0.534725,0.059570,-0.842924,-0.278452,0.929379,0.242320
0.298155,-0.865040,-0.403496,0.658603,0.492415,-0.569008,0.690902,-0.096091,0.716534
0.031807,0.520312,-0.853383,0.672431,0.620556,0.403419,0.739476,-0.586673,-0.330136
0.065770,-0.734415,0.675506,0.723085,-0.431431,-0.539458,0.687621,0.523929,0.502669
0.745927,-0.444792,-0.495735,-0.664032,-0.554238,-0.501879,-0.051523,0.703549,-0.708777
0.246998,-0.856973,0.452315,-0.891270,-0.384106,-0.241039,0.380301,-0.343599,-0.858668
0.615880,0.584411,-0.528351,0.766345,-0.288804,0.573854,0.182777,-0.758324,-0.625729
0.246599,-0.217296,0.944442,-0.499347,0.806723,0.315992,-0.830567,-0.549528,0.090431
-0.049687,0.612762,-0.788704,0.446323,0.720067,0.531319,0.893492,-0.325617,-0.309267
