10000
0.848294,0.493303,0.19248,-0.522525,0.720911,0.455253,0.0858167,-0.486765,0.869308
0.685431,0.188182,0.7034,-0.468504,0.85348,0.228203,-0.557394,-0.485963,0.673166
0.975485,-0.0362747,-0.217057,-0.0474137,0.928514,-0.368258,0.214899,0.369521,0.904031
0.918993,0.368363,0.140572,-0.387947,0.781202,0.489102,0.0703515,-0.504016,0.860825
0.830355,-0.550712,-0.0850056,0.480945,0.631241,0.608463,-0.281429,-0.546123,0.789017
0.76177,-0.413591,0.498648,0.0603906,0.811681,0.580971,-0.645027,-0.412453,0.643291
0.759911,-0.474898,-0.443856,0.171575,0.805149,-0.567712,0.626975,0.355256,0.693322
0.735811,0.0326528,-0.676399,-0.457764,0.760047,-0.461282,0.499033,0.649048,0.574198
0.910019,0.10577,0.400847,0.18695,0.75831,-0.624512,-0.370021,0.643256,0.670303
0.940758,-0.326503,0.0914886,0.263713,0.874129,0.407865,-0.213142,-0.359575,0.908447
0.903062,-0.34891,-0.250481,0.365084,0.930765,0.0197226,0.226258,-0.109258,0.967921
0.727309,-0.664749,-0.170677,0.659683,0.745727,-0.0933252,0.189316,-0.0447164,0.980897
0.52877,0.651038,-0.544565,-0.572875,0.747163,0.336989,0.626272,0.133778,0.768041
0.751531,-0.451234,-0.481238,0.615795,0.741508,0.266387,0.236639,-0.496542,0.835134
0.796356,-0.586005,0.149717,0.434356,0.726361,0.532668,-0.420894,-0.359163,0.832977
0.872522,-0.185259,-0.452089,0.263436,0.957679,0.115984,0.411469,-0.220295,0.8844
0.966984,0.0786903,-0.242382,-0.156727,0.933623,-0.322157,0.200943,0.349509,0.915131
0.675818,-0.417898,0.60715,0.703157,0.612525,-0.361086,-0.220997,0.67095,0.707804
0.837363,-0.10502,0.536464,0.130376,0.99142,-0.00941917,-0.530872,0.0778291,0.843871
0.977706,-0.0185646,-0.209157,0.0490016,0.988754,0.141298,0.204181,-0.148397,0.96762
0.658662,-0.431644,0.616318,0.212672,0.892491,0.397782,-0.721759,-0.13093,0.679648
0.999431,0.0133303,0.030992,-0.00693884,0.980209,-0.197845,-0.033016,0.197518,0.979743
0.859187,-0.0468637,-0.509512,0.305608,0.845661,0.437563,0.410368,-0.531659,0.740902
0.759992,0.0499881,-0.648007,-0.397834,0.824206,-0.403005,0.513945,0.56408,0.646277
0.992559,-0.0977599,-0.0725932,0.10458,0.989775,0.0969969,0.0623685,-0.103867,0.992634
0.791883,0.526966,-0.30859,-0.492727,0.849877,0.186893,0.36075,0.00405317,0.932654
0.724536,-0.470148,0.503992,0.684622,0.575396,-0.447452,-0.0796267,0.669239,0.738768
0.926069,-0.259677,0.273795,0.0107392,0.743409,0.668751,-0.377201,-0.616369,0.691237
0.736425,-0.530983,0.419208,0.664512,0.683971,-0.301012,-0.126894,0.500241,0.856538
0.930972,0.168234,-0.324018,-0.331403,0.761764,-0.556675,0.153174,0.625629,0.764935
0.893927,-0.342,-0.289709,0.433616,0.823492,0.365838,0.113456,-0.452655,0.884438
0.904679,-0.409941,-0.116206,0.419939,0.811629,0.406091,-0.0721572,-0.416182,0.906414
0.943688,-0.329553,0.0291289,0.313512,0.862676,-0.396864,0.105659,0.383648,0.917415
0.779878,0.253312,0.572384,0.0873914,0.861429,-0.500302,-0.619801,0.440196,0.649672
0.751959,-0.245748,0.611691,-0.187961,0.809467,0.556268,-0.631845,-0.533265,0.562495
0.845888,0.517512,-0.129053,-0.532903,0.810024,-0.244694,-0.022096,0.275756,0.960974
0.875463,0.195244,-0.442091,-0.415984,0.77008,-0.483667,0.246013,0.607336,0.755395
0.747245,0.0923808,-0.658096,-0.0602634,0.99563,0.0713354,0.66181,-0.0136459,0.749547
0.730403,0.328789,0.598672,-0.464166,0.88195,0.0819367,-0.501059,-0.33773,0.796792
0.747231,-0.0376791,-0.663495,0.395603,0.827445,0.39854,0.533989,-0.560282,0.633198
0.942564,0.320915,-0.0926623,-0.333202,0.9228,-0.193433,0.0234333,0.213198,0.976728
0.983354,0.174079,0.0520712,-0.112567,0.808614,-0.577471,-0.142631,0.561997,0.814749
0.702245,0.585762,-0.404643,-0.700718,0.669182,-0.247364,0.125883,0.457251,0.880384
0.956865,-0.17182,0.234282,0.168062,0.985116,0.0360685,-0.236992,0.00486116,0.971499
0.827031,0.25363,0.501688,-0.26699,0.962577,-0.0465007,-0.494707,-0.0954885,0.863798
0.837906,-0.534169,-0.112146,0.42917,0.771731,-0.469302,0.337233,0.345102,0.875887
0.945697,-0.148249,-0.289274,0.153376,0.988155,-0.00499484,0.286588,-0.0396442,0.957233
0.969805,0.241261,0.03566,-0.236646,0.96627,-0.101594,-0.058968,0.0900878,0.994187
0.798169,0.186848,0.572725,-0.198994,0.979096,-0.0420986,-0.568618,-0.0803669,0.818666
0.895151,-0.3891,-0.2175,0.159025,0.73457,-0.659634,0.416433,0.555884,0.719428
0.84694,0.52976,-0.0452392,-0.437066,0.645239,-0.62661,-0.302763,0.550474,0.778018
0.680552,0.540906,0.494235,-0.398261,0.839279,-0.370134,-0.615009,0.0550612,0.786595
0.895013,-0.395636,0.205971,0.352884,0.910505,0.215532,-0.27281,-0.12022,0.954527
0.758746,-0.511332,-0.40354,0.64927,0.543759,0.531766,-0.0524803,-0.665482,0.744567
0.972225,-0.225635,-0.0621832,0.180902,0.893031,-0.412032,0.1485,0.389339,0.909045
0.759736,0.650135,0.0111792,-0.558481,0.661244,-0.500854,-0.333015,0.374274,0.865459
0.942522,0.264903,0.203662,-0.257824,0.964262,-0.0610364,-0.212553,0.00501906,0.977137
0.6652,0.684798,0.297591,-0.68099,0.71987,-0.134315,-0.306206,-0.113311,0.945198
0.857854,0.277113,-0.432776,-0.349607,0.931938,-0.0962628,0.376645,0.233881,0.896347
0.890868,0.278183,0.359122,-0.352246,0.922227,0.159437,-0.286839,-0.268537,0.919571
0.813436,-0.571526,-0.108074,0.564319,0.820474,-0.0914674,0.140948,0.0134144,0.989926
0.697154,-0.161896,0.698402,0.34097,0.931812,-0.124358,-0.630647,0.324831,0.704819
0.999506,0.0312273,-0.00344764,-0.0250106,0.724472,-0.68885,-0.0190132,0.688596,0.724895
0.923173,-0.146764,-0.355264,0.346548,0.717652,0.604053,0.166303,-0.680762,0.713377
0.907974,0.388935,0.155926,-0.383376,0.921265,-0.0655236,-0.169134,-0.000284585,0.985593
0.998875,-0.011341,-0.0460396,-0.00618635,0.931504,-0.363677,0.0470105,0.363553,0.930387
0.803502,-0.446608,0.393607,0.595265,0.610163,-0.522839,-0.00666064,0.654402,0.756117
0.787651,0.60941,-0.0906888,-0.601884,0.729609,-0.324662,-0.131685,0.310305,0.941472
0.874482,0.422969,0.237441,-0.437478,0.89918,0.00943875,-0.20951,-0.112129,0.971356
0.817298,0.133645,0.560503,-0.450903,0.753977,0.477708,-0.358763,-0.643162,0.676485
0.821788,0.558384,-0.113455,-0.55786,0.747928,-0.359718,-0.116005,0.358904,0.926138
0.765544,-0.0740442,0.639109,0.501464,0.691013,-0.52061,-0.403085,0.71904,0.566131
0.860676,0.321587,0.394739,-0.18904,0.921702,-0.338718,-0.472759,0.216905,0.854079
0.932536,-0.189762,-0.307193,0.344954,0.719601,0.602646,0.106697,-0.667956,0.736512
0.750695,-0.0761962,-0.65624,0.385621,0.857088,0.341608,0.536426,-0.509504,0.672795
0.932889,-0.2067,0.294946,0.262911,0.950532,-0.165428,-0.246162,0.231871,0.941085
0.885521,-0.408673,0.220994,0.448478,0.627685,-0.636301,0.121324,0.662569,0.73911
0.870462,-0.489438,0.0524027,0.389455,0.749899,0.534768,-0.301032,-0.445087,0.843373
0.935639,-0.275958,-0.22006,0.223788,0.945947,-0.234741,0.272944,0.170386,0.946821
0.770014,-0.628899,-0.107541,0.617987,0.77707,-0.119395,0.158654,0.0254766,0.987006
0.924302,-0.0723599,-0.37474,-0.0087625,0.977581,-0.210377,0.381562,0.197736,0.902946
0.888583,0.37872,-0.258825,-0.12404,0.741596,0.659279,0.441626,-0.55372,0.705946
0.76798,0.504291,0.394839,-0.434664,0.863151,-0.25698,-0.470397,0.0257331,0.882079
0.706782,0.481413,-0.518364,-0.529053,0.846137,0.0644646,0.469641,0.228679,0.852727
0.993433,-0.00415332,0.114339,-0.0147475,0.986356,0.163963,-0.11346,-0.164572,0.979818
0.749569,-0.382291,-0.54037,0.561775,0.799163,0.213885,0.350078,-0.463888,0.813789
0.921809,0.386069,-0.034911,-0.376442,0.913027,0.157078,0.0925176,-0.131654,0.986969
0.890729,0.419267,-0.175548,-0.447247,0.877324,-0.173989,0.0810641,0.233491,0.968974
0.927335,-0.283868,0.243862,0.316574,0.942553,-0.106653,-0.199578,0.176103,0.963928
0.880806,0.44706,-0.155942,-0.450411,0.892693,0.0151437,0.145978,0.0568992,0.98765
0.810352,0.502066,-0.302091,-0.583182,0.741071,-0.332734,0.0568167,0.445806,0.893325
0.795283,0.510306,0.32728,-0.244637,0.764087,-0.596928,-0.554686,0.394662,0.732506
0.868792,0.345825,0.354408,-0.464598,0.816901,0.341792,-0.171316,-0.461604,0.870387
0.707317,-0.485373,0.513923,0.218657,0.841583,0.493891,-0.67223,-0.236965,0.701395
0.721255,-0.645493,0.251259,0.515514,0.742505,0.427705,-0.462642,-0.178957,0.868295
0.722832,-0.267778,0.637031,0.443311,0.886858,-0.130226,-0.530084,0.376534,0.759759
0.782437,0.509527,0.358014,-0.14244,0.706106,-0.693632,-0.60622,0.491728,0.62506
0.780147,-0.259364,-0.569299,0.337476,0.940724,0.0338859,0.526764,-0.218561,0.821432
0.693305,0.251246,-0.675428,-0.623292,0.679495,-0.387031,0.36171,0.689319,0.627698
0.67084,-0.425272,-0.60755,0.683084,0.673305,0.282943,0.288738,-0.604817,0.742177
0.89399,0.243492,-0.376155,-0.437499,0.655727,-0.615318,0.0968302,0.714656,0.692742
0.846146,0.446583,0.290863,-0.35791,0.88053,-0.310752,-0.39489,0.158838,0.904894
0.920243,-0.255261,-0.29664,0.387385,0.701768,0.597876,0.0555586,-0.665105,0.744681
0.970443,-0.177266,0.16376,0.235797,0.840959,-0.487019,-0.0513841,0.511239,0.857901
0.941217,0.0099038,-0.337659,0.0107519,0.998185,0.0592484,0.337633,-0.059396,0.939402
0.822394,-0.291907,-0.488322,-0.100645,0.770149,-0.629874,0.559945,0.567152,0.603987
0.806237,-0.38136,0.452267,0.41894,0.907822,0.0186667,-0.417697,0.174423,0.891687
0.825429,0.466282,0.318195,-0.439508,0.884568,-0.156116,-0.354259,-0.0109864,0.935083
0.783203,0.605335,-0.141996,-0.33144,0.599685,0.728371,0.526062,-0.523399,0.670308
0.867229,0.459161,-0.192574,-0.476321,0.877716,-0.0522725,0.145023,0.137059,0.979889
0.933578,0.355818,0.0427328,-0.326757,0.796169,0.50926,0.147181,-0.489397,0.859551
0.838254,-0.542175,0.0581032,0.521213,0.765387,-0.377517,0.160209,0.34674,0.924178
0.713942,0.183845,-0.675639,-0.469561,0.841495,-0.267205,0.519422,0.508022,0.687105
0.657676,-0.456534,-0.599198,0.682214,0.69828,0.216768,0.319446,-0.551345,0.770696
0.705658,-0.642622,-0.298469,0.693218,0.713309,0.103149,0.146614,-0.279692,0.948829
0.684779,-0.286302,-0.670156,0.353328,0.934716,-0.0382899,0.637368,-0.210565,0.741232
0.844775,0.528359,-0.0848102,-0.531948,0.846386,-0.0257182,0.0581937,0.0668407,0.996065
0.95193,-0.278221,-0.128148,0.305418,0.830098,0.466537,-0.0234244,-0.483249,0.875169
0.999684,-0.0227687,-0.0106677,0.0243954,0.98105,0.192213,0.00608911,-0.192413,0.981295
0.781873,-0.323758,-0.532782,0.603542,0.60725,0.516705,0.156244,-0.725554,0.670193
0.897591,0.232037,0.374819,-0.271091,0.961023,0.0542558,-0.34762,-0.15031,0.925509
0.867771,-0.425537,-0.256694,0.376927,0.900201,-0.218093,0.323883,0.0925002,0.941564
0.938267,0.0935947,0.33301,-0.107382,0.993947,0.0231981,-0.328823,-0.0575254,0.942638
0.971945,-0.214449,0.0966176,0.228584,0.958005,-0.173136,-0.0554313,0.190364,0.980147
0.957927,-0.0379168,0.284495,0.17987,0.851739,-0.492125,-0.223656,0.522592,0.822724
0.8992,0.247565,0.360765,-0.207249,0.967162,-0.147122,-0.385341,0.057524,0.920979
0.940551,-0.291512,-0.174309,0.335956,0.873963,0.351172,0.0499684,-0.388856,0.919943
0.630887,-0.556702,0.540429,0.650275,0.759348,0.0230943,-0.42323,0.336857,0.841073
0.948726,0.154208,0.275934,-0.221955,0.946522,0.234163,-0.225068,-0.283401,0.932217
0.75833,-0.396886,0.517123,0.445727,0.894563,0.0329356,-0.475671,0.20552,0.855277
0.708821,-0.181107,-0.681742,0.166197,0.982148,-0.0881131,0.68553,-0.0508469,0.726267
0.970419,0.0280394,0.239792,-0.152107,0.84232,0.517069,-0.187484,-0.538248,0.821668
0.98374,-0.0363642,0.175879,-0.0767523,0.800237,0.594752,-0.162372,-0.598581,0.784434
0.993702,0.0503056,-0.100131,0.0236462,0.779312,0.626189,0.109534,-0.624613,0.773215
0.603841,0.61582,0.506104,-0.416878,0.785154,-0.45798,-0.679403,0.0655636,0.73083
0.688647,0.519701,-0.505644,-0.0742633,0.744231,0.663781,0.721284,-0.41956,0.551107
0.779463,0.453525,0.432148,-0.339128,0.8855,-0.317619,-0.526716,0.101019,0.844018
0.741813,-0.527296,-0.414334,0.670564,0.590243,0.449396,0.00759278,-0.611205,0.791436
0.708556,-0.476951,-0.520064,0.00755253,0.742078,-0.670271,0.705615,0.470996,0.529406
0.906821,-0.42149,-0.00460779,0.311417,0.677288,-0.666558,0.284069,0.603014,0.745439
0.999788,0.00912223,-0.0184428,-0.010089,0.998542,-0.0530232,0.0179323,0.0531981,0.998423
0.939686,0.0496353,-0.338418,0.124599,0.871755,0.473834,0.318536,-0.487422,0.812991
0.576007,0.505374,-0.642505,-0.614775,0.785854,0.0669804,0.538765,0.356415,0.763348
0.905641,-0.2127,-0.366842,0.370564,0.817537,0.440811,0.206146,-0.535155,0.819215
0.925332,0.374835,-0.0570918,-0.376624,0.891294,-0.252486,-0.0437551,0.255136,0.965915
0.981675,0.190233,0.0112241,-0.188307,0.959327,0.210316,0.0292414,-0.208575,0.977569
0.711781,0.27351,-0.646963,-0.353393,0.935451,0.00667196,0.607027,0.223883,0.762492
0.956308,0.0600857,0.286121,-0.159376,0.927593,0.337891,-0.245101,-0.368729,0.89664
0.664989,0.69682,-0.268759,-0.564923,0.704687,0.429277,0.48852,-0.133637,0.862258
0.879099,-0.126136,-0.459646,0.240713,0.949824,0.199727,0.411391,-0.286223,0.865352
0.828914,-0.378077,0.412262,0.541863,0.725688,-0.423983,-0.138875,0.574835,0.806399
0.719041,0.652734,-0.238577,-0.51843,0.732414,0.441362,0.462829,-0.193672,0.865032
0.773285,0.369677,0.51514,-0.157411,0.898941,-0.408811,-0.614209,0.235039,0.753329
0.718344,-0.602057,0.348581,0.654923,0.754236,-0.0469522,-0.234644,0.262021,0.936102
0.729058,0.681307,0.0655377,-0.67867,0.731997,-0.0598913,-0.0887778,-0.000814295,0.996051
0.734906,0.626981,-0.258472,-0.603546,0.778482,0.172333,0.309265,0.0293514,0.950523
0.981127,0.0794188,-0.176301,0.0662497,0.71851,0.692354,0.18166,-0.690967,0.699689
0.886442,-0.0301871,0.461853,0.269521,0.844895,-0.462073,-0.376269,0.53408,0.757087
0.854398,-0.391842,0.341268,0.120294,0.788081,0.603703,-0.505503,-0.474751,0.720471
0.963671,0.100851,0.247319,-0.192064,0.905127,0.379283,-0.185604,-0.413005,0.891615
0.73154,0.30024,0.612132,0.0750716,0.856889,-0.510005,-0.677653,0.419043,0.604309
0.965951,-0.0109702,-0.258494,0.0991532,0.938516,0.33069,0.238973,-0.345061,0.907648
0.644677,-0.512191,-0.567497,0.430999,0.856646,-0.283546,0.631373,-0.0617945,0.773013
0.759652,0.642961,-0.0976242,-0.46437,0.641379,0.610732,0.455291,-0.41861,0.785796
0.802383,0.326648,0.499482,-0.262286,0.94477,-0.196509,-0.536085,0.0266687,0.843743
0.687183,0.177204,0.704541,-0.367885,0.921138,0.12714,-0.62645,-0.346558,0.698182
0.863243,0.184474,0.469873,-0.147851,0.98241,-0.114069,-0.48265,0.0289978,0.875333
0.991568,-0.0381493,-0.123843,-0.0248036,0.882141,-0.470333,0.12719,0.469439,0.873756
0.945584,-0.212803,-0.246144,0.099366,0.909203,-0.404323,0.309836,0.357863,0.880872
0.712136,0.427659,-0.556749,-0.133933,0.861239,0.490235,0.689147,-0.274546,0.670597
0.738588,0.203027,-0.642859,0.218473,0.830031,0.513145,0.637775,-0.51945,0.568695
0.941488,-0.325868,-0.0860851,0.244194,0.835539,-0.492182,0.232314,0.442362,0.866225
0.889119,0.421264,0.178896,-0.27637,0.805751,-0.523818,-0.364811,0.416295,0.832833
0.866992,-0.39637,0.30202,0.394388,0.916249,0.0703329,-0.304604,0.0581351,0.950703
0.757354,-0.639617,-0.131548,0.644976,0.701215,0.303815,-0.102082,-0.314941,0.943606
0.785532,-0.295971,0.543453,0.291757,0.951608,0.0965394,-0.545727,0.0827214,0.83387
0.758505,-0.300218,0.578393,0.439055,0.891308,-0.11314,-0.48156,0.339764,0.807874
0.890043,0.425934,-0.162492,-0.423523,0.640682,-0.640433,-0.168676,0.638832,0.750628
0.905977,0.317348,-0.280172,-0.0623432,0.754637,0.653174,0.418712,-0.574293,0.703468
0.96777,0.0900039,-0.235203,-0.102468,0.993879,-0.0412952,0.230047,0.0640652,0.971069
0.812927,0.580474,-0.0469076,-0.48866,0.63609,-0.597161,-0.316799,0.50837,0.800749
0.88604,-0.255238,0.387023,0.431871,0.757975,-0.488837,-0.168584,0.600273,0.781826
0.869089,0.00045207,-0.494655,-0.148812,0.953914,-0.260584,0.471741,0.300081,0.829103
0.980523,-0.00402602,-0.196361,-0.0835894,0.896165,-0.435777,0.177726,0.443703,0.878374
0.967102,0.210771,-0.142439,-0.253703,0.840193,-0.479281,0.0186575,0.499651,0.866026
0.925395,-0.350875,0.143288,0.378812,0.86834,-0.320137,-0.0120949,0.350532,0.936473
0.934877,0.207133,-0.288271,-0.321818,0.837262,-0.442069,0.149791,0.506051,0.849397
0.951082,0.0363851,-0.306789,-0.1134,0.964839,-0.237123,0.287374,0.260313,0.921767
0.70714,0.16279,-0.688079,-0.406348,0.889949,-0.207055,0.578649,0.426016,0.695468
0.892285,-0.451223,0.0150146,0.440269,0.877024,0.192335,-0.0999543,-0.165007,0.981214
0.826543,-0.042131,-0.561295,-0.0879654,0.975274,-0.202739,0.555958,0.216947,0.802399
0.968415,0.181,-0.171495,-0.245626,0.810802,-0.531289,0.0428851,0.556632,0.829652
0.81296,0.582062,-0.0173034,-0.550856,0.778331,0.301263,0.188821,-0.235383,0.953384
0.706992,0.0939763,0.70095,-0.388697,0.879645,0.274114,-0.590827,-0.466254,0.658431
0.907026,0.0882581,-0.411721,-0.161088,0.976136,-0.145632,0.389042,0.198415,0.899598
0.968479,0.110163,-0.223413,-0.0187492,0.926586,0.375615,0.24839,-0.359587,0.899444
0.631516,0.511582,-0.582642,-0.619822,0.784557,0.0170564,0.465841,0.350363,0.81255
0.662202,-0.384755,0.643002,0.228242,0.920901,0.315985,-0.713718,-0.0624861,0.69764
0.855574,0.517118,-0.0241108,-0.416858,0.715813,0.560215,0.306956,-0.469255,0.827996
0.799429,-0.547484,0.247334,0.569799,0.821452,-0.0233796,-0.190373,0.159621,0.968648
0.670345,0.279878,0.687245,-0.473729,0.874263,0.106039,-0.571155,-0.396651,0.718644
0.950887,0.305913,0.0472293,-0.303717,0.892632,0.333112,0.0597448,-0.331096,0.941704
0.829868,0.55586,0.0483616,-0.481001,0.756639,-0.442871,-0.282767,0.344263,0.89528
0.840928,0.516392,0.1618,-0.510377,0.657447,0.554327,0.179876,-0.548728,0.81642
0.908046,-0.0292833,0.417845,0.227287,0.872369,-0.432796,-0.351841,0.48797,0.798808
0.903923,-0.0960808,-0.416763,-0.0484507,0.945163,-0.322984,0.424941,0.312146,0.8497
0.940699,-0.304883,0.148765,0.176604,0.814532,0.552584,-0.289647,-0.493543,0.820073
0.706316,0.256025,-0.659977,-0.0288634,0.941947,0.334519,0.707308,-0.217227,0.672702
0.76805,-0.463293,0.442108,0.426146,0.88508,0.187172,-0.478016,0.0446452,0.877216
0.727635,-0.277386,-0.627379,0.579462,0.738022,0.345756,0.367111,-0.615126,0.697746
0.820671,0.562632,0.0997229,-0.532316,0.689362,0.491345,0.207701,-0.456316,0.865237
0.846354,0.531143,0.0396411,-0.505749,0.778085,0.372561,0.167039,-0.335367,0.927161
0.730691,0.670189,-0.13014,-0.625182,0.73344,0.266858,0.274296,-0.113629,0.954908
0.89332,0.322804,0.312694,-0.335893,0.941815,-0.0126696,-0.29859,-0.0937139,0.949769
0.949911,-0.061052,0.3065,-0.0273454,0.960734,0.276119,-0.311323,-0.27067,0.910942
0.770615,0.218122,0.598812,-0.458998,0.841804,0.284054,-0.442124,-0.493749,0.748824
0.893662,0.162934,-0.418116,-0.349651,0.83685,-0.42122,0.281269,0.522624,0.80483
0.941983,-0.265917,0.204832,0.255679,0.963815,0.0754251,-0.217477,-0.0186779,0.975887
0.84121,-0.497414,0.212003,0.534469,0.70553,-0.465371,0.0819072,0.504784,0.859351
0.799294,-0.588242,-0.122884,0.590899,0.732107,0.338906,-0.109395,-0.343498,0.93276
0.878463,0.455807,-0.143326,-0.477442,0.849135,-0.225873,0.0187485,0.266851,0.963556
0.822196,-0.50673,0.259265,0.555698,0.615952,-0.558393,0.12326,0.603182,0.788022
0.960419,0.154935,-0.231496,-0.0713546,0.940156,0.333191,0.269265,-0.303484,0.913999
0.917321,-0.16888,-0.360556,0.0665505,0.957883,-0.279342,0.392546,0.232251,0.889925
0.799133,0.553234,0.235198,-0.562638,0.826103,-0.0314876,-0.211718,-0.107169,0.971437
0.896947,-0.418289,-0.143251,0.395366,0.903831,-0.16363,0.197919,0.0901313,0.976066
0.979561,0.13212,0.151673,-0.132126,0.991182,-0.0100824,-0.151667,-0.0101636,0.988379
0.777411,-0.324829,-0.538626,0.163774,0.931329,-0.325277,0.607297,0.164661,0.777224
0.669725,0.398505,-0.626628,-0.247927,0.91539,0.317165,0.700001,-0.0570554,0.711859
0.734979,-0.677439,-0.0297192,0.559564,0.58117,0.590872,-0.383008,-0.450908,0.806218
0.73792,0.666368,0.106901,-0.619901,0.606615,0.497736,0.266827,-0.433557,0.860716
0.846749,0.500802,-0.179483,-0.529492,0.826033,-0.193155,0.0515265,0.258588,0.964612
0.808584,0.58764,0.0295008,-0.45143,0.587442,0.671657,0.377363,-0.556409,0.740275
0.563657,-0.591238,-0.576826,0.599707,0.773134,-0.206436,0.568016,-0.229568,0.790352
0.897379,0.342285,-0.278482,-0.399779,0.8978,-0.184748,0.186785,0.27712,0.942505
0.697506,0.21492,0.68359,-0.227883,0.970967,-0.0727494,-0.679379,-0.105035,0.726232
0.833303,-0.539254,0.121705,0.552536,0.81947,-0.152228,-0.0176441,0.194098,0.980824
0.964727,0.125549,0.231386,-0.243615,0.758877,0.603951,-0.0997675,-0.639017,0.762695
0.726733,-0.47371,0.497451,0.0833618,0.779644,0.62065,-0.681843,-0.409579,0.606082
0.773979,0.0295354,-0.632522,-0.268019,0.920298,-0.284986,0.573692,0.390101,0.720207
0.946388,-0.186709,-0.263609,0.26782,0.909782,0.317126,0.180616,-0.370724,0.911011
0.897409,-0.0265712,0.440399,0.0640821,0.99545,-0.0705215,-0.436521,0.0915083,0.895028
0.995764,0.0897294,0.0200726,-0.0902797,0.912737,0.398448,0.0174316,-0.398573,0.916971
0.864789,-0.444722,-0.233156,0.214184,0.746668,-0.629772,0.454163,0.494682,0.740963
0.820243,0.448083,-0.355559,-0.262719,0.847259,0.461662,0.508114,-0.285263,0.812678
0.684345,0.454973,-0.5698,-0.577102,0.815598,-0.0418778,0.445674,0.357491,0.820716
0.99793,-0.00919804,0.0636493,-0.00481771,0.976246,0.216613,-0.0641298,-0.216471,0.97418
0.897074,0.328614,-0.295417,-0.441847,0.658897,-0.60879,-0.00540741,0.676659,0.736276
0.757028,0.290378,0.585311,-0.606943,0.64422,0.465404,-0.241926,-0.707574,0.663936
0.675535,-0.393359,-0.623635,0.648175,0.71998,0.247989,0.351456,-0.57175,0.741337
0.73881,-0.326388,-0.589602,0.290823,0.943648,-0.157958,0.607932,-0.0547685,0.792098
0.796982,0.602015,0.048959,-0.559922,0.705989,0.433667,0.22651,-0.373038,0.899742
0.727142,-0.624217,0.285688,0.564047,0.780469,0.269662,-0.391299,-0.0349412,0.9196
0.898867,0.387306,0.205018,-0.310332,0.892904,-0.326214,-0.309406,0.2296,0.922796
0.700758,-0.24698,0.669283,0.564974,0.764962,-0.309255,-0.435596,0.59484,0.67559
0.999174,0.0362943,0.0182493,-0.0405258,0.859295,0.509872,0.00282394,-0.510191,0.860056
0.963636,0.226967,0.141034,-0.0807779,0.75052,-0.655892,-0.254715,0.620649,0.741562
0.918959,-0.21322,0.331741,0.228186,0.973597,-0.00634105,-0.32163,0.0815259,0.943349
0.881024,0.117853,0.458156,-0.305867,0.880722,0.361626,-0.360889,-0.458737,0.811985
0.904728,-0.414614,0.0977929,0.278592,0.749545,0.600474,-0.322265,-0.516021,0.793642
0.886799,0.153272,-0.435999,0.0357495,0.917827,0.395368,0.46077,-0.366198,0.808449
0.808208,0.454889,-0.374001,-0.571041,0.760571,-0.308942,0.14392,0.463259,0.874459
0.854441,0.482825,-0.191863,-0.219403,0.670065,0.709137,0.47095,-0.56382,0.678464
0.830101,0.415838,0.3715,-0.450896,0.892537,0.0084486,-0.328064,-0.174521,0.928395
0.747261,0.437194,-0.500462,-0.337672,0.898444,0.280672,0.572345,-0.0407434,0.819
0.847437,0.00406077,0.53088,0.0650087,0.991652,-0.111358,-0.526901,0.128881,0.840099
0.706187,0.650814,-0.278821,-0.334388,0.653684,0.678883,0.624087,-0.386184,0.679247
0.712066,-0.110806,-0.693313,0.0257679,0.990927,-0.131906,0.701639,0.0760609,0.708461
0.864112,0.377751,-0.332588,-0.351901,0.925906,0.137348,0.359829,-0.00164557,0.933017
0.957372,0.148904,-0.247519,-0.0837998,0.963215,0.255331,0.276434,-0.223705,0.934634
0.971912,-0.157294,0.175058,0.0776405,0.916495,0.392439,-0.222168,-0.367824,0.902965
0.898128,-0.277207,-0.341354,0.196303,0.947379,-0.252859,0.393486,0.160091,0.905284
0.937514,-0.227311,0.263434,0.0174929,0.786942,0.616779,-0.347508,-0.573631,0.741745
0.876517,-0.480569,0.0277792,0.368241,0.632237,-0.681671,0.310027,0.607725,0.731132
0.993387,0.114633,0.00642838,-0.11481,0.991403,0.0627549,0.000820679,-0.0630779,0.998008
0.830108,0.131602,0.541851,0.249516,0.781361,-0.572029,-0.498661,0.610046,0.615777
0.764849,-0.55648,-0.324556,0.405046,0.80717,-0.429434,0.500943,0.196992,0.842763
0.986379,-0.149154,-0.0693528,0.160798,0.96317,0.215518,0.0346532,-0.223734,0.974034
0.513702,-0.547845,0.660285,0.681249,0.728277,0.0742467,-0.521546,0.411678,0.747336
0.921441,0.355424,-0.156909,-0.186035,0.758186,0.624936,0.341084,-0.546651,0.764745
0.835717,0.0168282,-0.548903,0.319922,0.797483,0.511538,0.446349,-0.603107,0.661086
0.705371,0.696511,-0.13162,-0.707293,0.703846,-0.0658517,0.0467737,0.139544,0.989111
0.866318,0.167014,-0.470744,-0.394861,0.806172,-0.440649,0.305906,0.567621,0.764348
0.992774,0.0138185,-0.119205,0.0182675,0.964369,0.263929,0.118605,-0.264199,0.957148
0.961631,0.0796401,-0.262533,-0.204499,0.845988,-0.492427,0.182882,0.527221,0.829815
0.741575,0.602614,-0.294826,-0.534734,0.796339,0.282674,0.405125,-0.0519705,0.912783
0.82832,0.426916,-0.362806,-0.559594,0.661888,-0.498758,0.0272088,0.616155,0.787154
0.846663,-0.234734,-0.477559,0.0321201,0.918355,-0.394453,0.53116,0.318629,0.785076
0.923496,-0.318579,-0.213687,0.340473,0.937339,0.0739841,0.176727,-0.141079,0.974097
0.789054,-0.614311,0.00399979,0.55103,0.704865,-0.44669,0.271587,0.354667,0.89468
0.992855,-0.103978,0.0585392,0.107047,0.992894,-0.0519777,-0.0527187,0.0578727,0.996931
0.771489,-0.587707,0.243732,0.589427,0.804427,0.0739796,-0.239543,0.0865876,0.967017
0.575647,-0.72379,-0.380471,0.473517,0.674405,-0.566532,0.666642,0.145963,0.730947
0.960285,0.0878207,-0.264841,-0.147643,0.965337,-0.215233,0.236759,0.245787,0.939965
0.975554,-0.215569,0.0427111,0.212191,0.974561,0.072148,-0.0571775,-0.0613213,0.996479
0.736536,-0.652012,0.179985,0.662024,0.74946,0.00584378,-0.138702,0.114851,0.983652
0.84792,-0.43742,0.299491,0.265037,0.839061,0.475112,-0.459115,-0.323481,0.827389
0.873636,0.395559,-0.283359,-0.484163,0.648717,-0.587156,-0.0484356,0.650153,0.758258
0.619218,-0.424469,-0.660602,0.508598,0.857781,-0.0744301,0.598245,-0.289893,0.747038
0.824989,-0.357069,0.438058,0.205303,0.911518,0.356351,-0.52654,-0.204051,0.8253
0.628442,0.567784,-0.531678,-0.643278,0.763644,0.0551494,0.437326,0.307359,0.845149
0.999649,-0.0235457,0.0121796,0.011182,0.791098,0.611587,-0.0240355,-0.611236,0.791084
0.994338,-0.0814252,-0.0682818,0.0970761,0.9574,0.27196,0.0432286,-0.277049,0.959883
0.729008,-0.211983,0.650854,0.430221,0.881457,-0.19479,-0.532407,0.422015,0.733789
0.809677,0.579547,0.0924563,-0.565443,0.728179,0.387337,0.157155,-0.365897,0.917291
0.983337,-0.0765672,0.164881,0.0645363,0.99493,0.0771344,-0.169951,-0.0652083,0.983293
0.99516,0.0789722,0.0584875,-0.0939098,0.939572,0.329218,-0.0289542,-0.333117,0.942441
0.927162,-0.324674,0.186971,0.267647,0.923179,0.275872,-0.262176,-0.205736,0.942834
0.921475,0.0639097,0.383143,0.0244962,0.974847,-0.221523,-0.387664,0.213513,0.896732
0.748743,-0.204996,-0.630366,0.273062,0.961927,0.0115207,0.604004,-0.180755,0.776213
0.693055,-0.613281,0.378894,0.706022,0.683626,-0.184899,-0.145627,0.395653,0.906781
0.819478,0.534079,-0.207881,-0.541573,0.602978,-0.585761,-0.187495,0.592601,0.783371
0.967332,0.075765,0.241928,-0.181349,0.873642,0.451511,-0.177149,-0.480635,0.858841
0.886501,-0.461808,0.0291491,0.38439,0.69989,-0.601995,0.257605,0.544873,0.797968
0.949422,-0.29382,-0.110761,0.313999,0.890254,0.329928,0.00166548,-0.348019,0.937486
0.83808,-0.540528,0.073835,0.532069,0.839752,0.108256,-0.120518,-0.0514416,0.991377
0.896159,-0.38615,0.218604,0.307896,0.89588,0.320311,-0.319531,-0.219742,0.921745
0.916878,0.389679,0.0865149,-0.361678,0.719315,0.593106,0.168889,-0.575096,0.800463
0.613314,-0.602316,0.510941,0.497074,0.797064,0.342939,-0.61381,0.0436465,0.788246
0.873186,-0.415229,-0.255209,0.424127,0.905338,-0.0218681,0.240131,-0.0891461,0.966639
0.788962,0.258485,-0.557427,-0.365951,0.92643,-0.0883582,0.493578,0.273702,0.825511
0.899068,-0.285057,-0.332293,0.409786,0.815093,0.40951,0.154116,-0.504346,0.849637
0.973843,-0.148126,0.172307,0.0124017,0.79183,0.610616,-0.226885,-0.592507,0.772955
0.699258,-0.186024,0.690241,0.262395,0.964943,-0.00576487,-0.664971,0.185147,0.723557
0.930814,0.301619,-0.206425,-0.133015,0.805607,0.577325,0.340429,-0.509924,0.78999
0.900163,0.434959,0.0227419,-0.430351,0.880153,0.200322,0.0671154,-0.190109,0.979466
0.666758,0.540068,-0.513576,-0.230947,0.804914,0.546604,0.708588,-0.245844,0.66141
0.815717,-0.578446,0.00220323,0.534761,0.755554,0.378376,-0.220535,-0.30747,0.925649
0.80833,-0.0860569,0.582406,-0.158714,0.920779,0.356337,-0.566932,-0.380474,0.730635
0.668939,-0.61121,-0.423015,0.454308,0.786613,-0.418145,0.588323,0.0875344,0.803874
0.984105,-0.00774298,-0.177421,0.0891059,0.885719,0.45559,0.153618,-0.464158,0.87233
0.715347,-0.18426,0.674037,0.562205,0.724613,-0.398575,-0.414974,0.664067,0.621942
0.740595,-0.596781,0.308823,0.64722,0.509996,-0.566577,0.180623,0.619481,0.763949
0.939866,0.273974,0.203938,-0.216093,0.939403,-0.26613,-0.264493,0.206057,0.942117
0.720698,-0.686595,0.0958241,0.652176,0.62462,-0.429553,0.235075,0.372072,0.897943
0.628398,0.496632,-0.598726,-0.736243,0.628181,-0.251665,0.251123,0.598953,0.76039
0.937658,-0.343698,-0.0516629,0.346874,0.916084,0.201169,-0.0218138,-0.206548,0.978193
0.98397,-0.178332,0.00045888,0.172082,0.948803,-0.264878,0.0468008,0.260711,0.964282
0.762405,0.600766,-0.240456,-0.638215,0.636727,-0.432736,-0.106868,0.483382,0.868862
0.990347,-0.134009,-0.0354193,0.083472,0.780592,-0.619442,0.110659,0.610506,0.784243
0.968832,0.1706,-0.179612,-0.246886,0.724401,-0.643654,0.0203038,0.667936,0.743941
0.711338,-0.701347,-0.0459428,0.54103,0.588118,-0.601169,0.448648,0.402778,0.7978
0.903119,0.0706477,0.423538,-0.332219,0.739882,0.584982,-0.272041,-0.669016,0.691673
0.922816,0.31288,0.224758,-0.103936,0.763995,-0.636796,-0.370955,0.564286,0.737546
0.873628,0.406083,0.268087,-0.452032,0.881226,0.138227,-0.180114,-0.241943,0.953427
0.940419,-0.228759,0.251559,0.234926,0.971997,0.00565886,-0.245809,0.0537762,0.967825
0.543037,0.508809,0.668,-0.658513,0.75165,-0.0371994,-0.521029,-0.419686,0.743231
0.732009,0.629498,0.260566,-0.650039,0.759841,-0.00953566,-0.203992,-0.162398,0.965409
0.998759,-0.00105444,-0.0497992,0.0134769,0.968207,0.249788,0.0479525,-0.250149,0.967019
0.84124,0.478137,0.25239,-0.500519,0.865235,0.0291468,-0.20444,-0.150845,0.967187
0.75846,0.434985,0.485312,-0.00306298,0.747034,-0.664779,-0.651713,0.502722,0.567927
0.988848,-0.101129,-0.109331,0.0892581,0.990081,-0.108503,0.119219,0.0975346,0.988066
0.647132,-0.634954,0.421963,0.276513,0.711279,0.646238,-0.710465,-0.301523,0.635865
0.933,-0.106752,-0.343679,0.251365,0.876734,0.410065,0.25754,-0.46898,0.844826
0.796512,0.446521,0.407662,-0.367236,0.892906,-0.260494,-0.480319,0.0577779,0.875189
0.833752,-0.032591,0.551176,-0.290919,0.822518,0.488702,-0.469279,-0.567804,0.676295
0.726352,-0.621731,0.293024,0.391098,0.724444,0.567648,-0.565203,-0.297711,0.769359
0.926421,0.315526,0.205396,-0.0914073,0.717736,-0.69029,-0.365224,0.620725,0.693767
0.802123,0.580222,0.141214,-0.551341,0.810415,-0.19812,-0.229396,0.0810597,0.969952
0.823886,-0.399761,0.40175,0.314978,0.912272,0.261818,-0.47117,-0.0891663,0.877524
0.858322,-0.504268,-0.0948535,0.335933,0.691989,-0.638984,0.387857,0.516589,0.763349
0.812681,-0.441504,0.380294,0.177858,0.80943,0.559634,-0.554902,-0.387166,0.736333
0.754116,-0.653254,0.0675948,0.633874,0.750915,0.185283,-0.171795,-0.0968785,0.980358
0.95525,-0.183622,-0.231907,0.277352,0.828542,0.48641,0.102829,-0.528962,0.842392
0.737619,0.479667,-0.475224,-0.675125,0.535539,-0.507351,0.0111416,0.695067,0.718859
0.658049,-0.716012,-0.23302,0.478417,0.636552,-0.604912,0.581454,0.286581,0.761434
0.859058,-0.170776,0.482551,0.199343,0.979896,-0.00809126,-0.471468,0.103144,0.875831
0.735783,-0.185215,-0.651397,0.434173,0.867199,0.243843,0.519728,-0.462235,0.718486
0.785709,-0.317167,-0.5311,-0.0869206,0.793433,-0.60242,0.612459,0.51949,0.595839
0.865967,0.210153,-0.453803,-0.295856,0.946876,-0.126075,0.4032,0.243438,0.882138
0.724587,-0.413661,-0.551233,-0.0408608,0.772643,-0.633524,0.687971,0.481567,0.542945
0.908078,-0.300898,-0.2913,0.377532,0.88922,0.258374,0.181286,-0.344599,0.921079
0.76757,-0.118505,0.629915,-0.0649962,0.963304,0.260424,-0.637661,-0.240836,0.731701
0.941008,0.338378,-0.00204386,-0.337442,0.938823,0.0688815,0.0252268,-0.0641284,0.997623
0.946863,-0.310131,-0.0852588,0.290901,0.938827,-0.184338,0.137212,0.149741,0.979158
0.753412,-0.496222,-0.431432,0.34624,0.857179,-0.381265,0.559006,0.13787,0.817621
0.883177,-0.412553,0.223156,0.207938,0.770846,0.602129,-0.420429,-0.485383,0.766579
0.767277,0.431623,0.474328,-0.62082,0.685384,0.380566,-0.160836,-0.586472,0.79384
0.671648,-0.507736,0.53953,0.465882,0.855685,0.225295,-0.576058,0.100039,0.811264
0.805366,0.555088,-0.207997,-0.542217,0.831634,0.119939,0.239554,0.0161849,0.970748
0.799308,0.498371,-0.335758,-0.129124,0.688129,0.714006,0.586885,-0.527356,0.614379
0.837272,0.161044,-0.522532,-0.328071,0.912475,-0.244457,0.437429,0.376105,0.816824
0.781532,0.323697,-0.533318,-0.531521,0.793063,-0.29755,0.326638,0.516015,0.791856
0.824697,0.55666,0.100023,-0.564461,0.799008,0.207293,0.0354726,-0.227413,0.973152
0.783803,0.561015,0.2663,-0.599729,0.795112,0.0901218,-0.161179,-0.230345,0.959668
0.660096,-0.399778,-0.635965,0.271767,0.916366,-0.293964,0.700297,0.0212103,0.713536
0.949564,0.0305752,-0.312079,-0.214565,0.789119,-0.575546,0.22867,0.613479,0.755879
0.957842,-0.0323833,-0.285466,0.0794438,0.984738,0.154854,0.276094,-0.171004,0.945796
0.932758,-0.360382,0.00933182,0.343162,0.879662,-0.329293,0.110462,0.310353,0.944182
0.738803,0.651211,-0.173478,-0.59623,0.511616,-0.618675,-0.314134,0.560512,0.766255
0.993696,-0.111819,-0.00809667,0.0951691,0.879499,-0.466288,0.0592608,0.462578,0.884596
0.897446,0.359201,-0.256059,-0.440528,0.699599,-0.562579,-0.02294,0.617686,0.78609
0.965896,-0.0985867,0.239428,0.230885,0.746486,-0.62406,-0.117206,0.658057,0.74379
0.908,-0.167174,-0.384172,0.32673,0.856526,0.399513,0.262265,-0.488278,0.832347
0.85516,0.463652,-0.231793,-0.279041,0.788598,0.547949,0.43685,-0.403904,0.803756
0.81449,-0.543146,0.203957,0.331738,0.724396,0.604318,-0.475979,-0.424551,0.770195
0.838074,-0.137265,0.528006,0.415254,0.788204,-0.454201,-0.35383,0.59991,0.717574
0.780258,-0.621193,0.0729101,0.515595,0.704809,0.487243,-0.35406,-0.342583,0.870218
0.88373,0.256312,-0.391568,0.00464366,0.831846,0.554988,0.467974,-0.492278,0.733937
0.785638,0.504684,-0.357864,-0.613725,0.70884,-0.34769,0.078195,0.492788,0.866629
0.737023,-0.101078,0.668267,0.430078,0.832877,-0.348351,-0.521374,0.54415,0.657321
0.843967,-0.19392,0.500115,-0.19725,0.754833,0.625556,-0.498811,-0.626596,0.598803
0.919968,-0.265594,-0.288302,0.0178165,0.763048,-0.646096,0.391588,0.589251,0.706712
0.815381,-0.241689,0.526061,-0.157566,0.781735,0.603377,-0.557069,-0.574872,0.59933
0.742353,-0.66937,-0.0292709,0.594594,0.638029,0.489261,-0.308821,-0.380608,0.871646
0.834534,-0.526472,-0.162421,0.530355,0.687768,0.49568,-0.149253,-0.499803,0.853183
0.926825,-0.37521,0.0146285,0.327185,0.826086,0.458837,-0.184244,-0.420475,0.8884
0.933311,-0.0559671,-0.35468,0.0254789,0.995611,-0.0900577,0.358163,0.0750151,0.930641
0.604962,-0.490468,-0.627266,0.408061,0.867428,-0.284702,0.683745,-0.0837284,0.724902
0.759274,0.368905,0.536108,-0.285218,0.929108,-0.23539,-0.584939,0.0258177,0.810666
0.499507,-0.612333,0.612815,0.61226,0.74998,0.250336,-0.612888,0.250157,0.749527
0.84531,0.532823,0.0393862,-0.410627,0.600746,0.685922,0.341814,-0.59599,0.726608
0.774789,0.512519,-0.370171,-0.516446,0.850805,0.0970269,0.364672,0.115998,0.923883
0.661535,-0.582101,0.472789,0.385539,0.804754,0.451365,-0.643219,-0.116315,0.756796
0.760834,0.227379,-0.607808,0.239403,0.772198,0.588554,0.603173,-0.593303,0.533079
0.872204,0.168094,-0.459353,-0.163473,0.985272,0.0501489,0.461018,0.0313519,0.886837
0.898954,-0.405078,0.166714,0.213412,0.737371,0.640889,-0.38254,-0.540551,0.749311
0.684494,-0.423938,0.593081,0.104289,0.862108,0.495877,-0.72152,-0.277573,0.63432
0.788932,-0.599378,0.135395,0.55909,0.791598,0.246558,-0.25496,-0.118819,0.959624
0.815522,-0.485969,-0.314259,0.258719,0.791879,-0.553166,0.517676,0.369814,0.771524
0.824039,-0.0141346,-0.566357,-0.352796,0.769392,-0.532513,0.443278,0.63862,0.629022
0.747222,-0.29642,-0.594806,0.121782,0.940936,-0.315925,0.653321,0.163629,0.739187
0.913047,0.290682,-0.286091,-0.345339,0.924195,-0.163108,0.216992,0.247724,0.944218
0.88895,-0.386148,0.246286,0.355728,0.92083,0.159781,-0.288487,-0.0544264,0.955936
0.862854,0.186131,0.469934,-0.112532,0.977135,-0.1804,-0.492767,0.102777,0.86407
0.702062,0.290824,-0.650024,-0.449743,0.888803,-0.0880917,0.552124,0.354189,0.754791
0.923939,0.378206,-0.0574178,-0.382169,0.905981,-0.182056,-0.0168352,0.190152,0.98161
0.837863,0.451407,-0.306949,-0.518636,0.833701,-0.18963,0.170303,0.318079,0.932643
0.916315,0.393287,0.0754478,-0.390635,0.836358,0.384591,0.0881531,-0.381879,0.919999
0.834153,0.448666,-0.320762,-0.544925,0.580681,-0.604869,-0.0851242,0.679344,0.728866
0.964844,0.259892,-0.0391396,-0.247577,0.848758,-0.467241,-0.0882124,0.460505,0.883263
0.729472,0.601479,-0.32572,-0.6837,0.626801,-0.373732,-0.0206306,0.495321,0.868465
0.822483,-0.14839,0.549093,-0.229968,0.796193,0.559635,-0.520228,-0.586564,0.62073
0.759613,0.358799,0.542449,-0.0941836,0.88595,-0.454117,-0.643519,0.293863,0.706773
0.70531,0.434373,0.56023,-0.591583,0.796094,0.127533,-0.390599,-0.421373,0.81846
0.920679,0.134231,0.366513,0.0557664,0.884136,-0.463889,-0.386315,0.447532,0.806521
0.731031,0.409129,0.546084,-0.403971,0.904477,-0.136852,-0.549911,-0.120559,0.826477
0.778542,0.621154,0.0896663,-0.473243,0.674886,-0.566189,-0.412205,0.398368,0.819384
0.806801,-0.0384578,-0.58957,-0.139252,0.957389,-0.253011,0.574178,0.286228,0.767068
0.756239,0.606909,0.244468,-0.653586,0.718098,0.23908,-0.0304519,-0.340583,0.939721
0.74732,-0.563148,-0.352671,0.608378,0.793332,0.0223725,0.267186,-0.231277,0.93548
0.913338,0.319251,-0.25277,-0.212103,0.902873,0.373942,0.347601,-0.287922,0.892342
0.85761,-0.513904,0.0201871,0.455464,0.740682,-0.493905,0.238868,0.432773,0.869281
0.646554,-0.682775,-0.340273,0.650822,0.726385,-0.220898,0.397993,-0.0786348,0.914012
0.911818,0.127588,0.390269,-0.0824448,0.988029,-0.130386,-0.402233,0.0867128,0.911422
0.924832,-0.0181238,-0.379943,-0.17166,0.871476,-0.459414,0.339438,0.490102,0.802858
0.706497,-0.359563,-0.60957,0.587391,0.778354,0.221669,0.394757,-0.514665,0.761109
0.620917,0.623828,-0.47466,-0.470341,0.780908,0.411051,0.62709,-0.0319765,0.77829
0.882646,-0.272313,0.383121,0.137347,0.928931,0.343836,-0.449524,-0.250865,0.857319
0.809751,-0.288685,-0.510847,0.353544,0.934867,0.0321051,0.468306,-0.206604,0.859072
0.942959,0.0563403,-0.328107,-0.213452,0.858649,-0.466005,0.255474,0.509459,0.821696
0.729712,0.627391,-0.27185,-0.624163,0.773539,0.109811,0.27918,0.0895483,0.956054
0.706207,-0.543195,-0.454104,0.691253,0.667692,0.276327,0.153103,-0.509045,0.847014
0.812964,0.186805,-0.551538,-0.483311,0.744766,-0.460147,0.324809,0.640647,0.695752
0.972238,-0.230366,0.0410544,0.231865,0.924825,-0.301557,0.0315001,0.302704,0.952564
0.996056,-0.0878835,-0.0122134,0.0640515,0.807448,-0.586451,0.061401,0.583356,0.809893
0.98322,-0.162362,0.0831734,0.179829,0.785973,-0.591531,0.0306699,0.596562,0.801981
0.697033,-0.713568,0.0704703,0.527294,0.576701,0.624001,-0.485907,-0.397791,0.778239
0.949289,0.129059,0.286694,-0.244412,0.876512,0.414715,-0.197768,-0.463756,0.863608
0.764236,-0.337527,-0.549562,0.341396,0.93466,-0.0992894,0.547166,-0.111738,0.829532
0.612571,-0.7192,-0.327883,0.583799,0.691331,-0.425723,0.532856,0.0693673,0.843358
0.550602,0.642031,0.53351,-0.63326,0.737664,-0.234165,-0.543893,-0.208919,0.812732
0.993578,0.0617778,0.0947923,0.00413549,0.817398,-0.576059,-0.113071,0.572752,0.811893
0.797125,-0.260729,0.544621,0.332621,0.942385,-0.0356826,-0.503939,0.209596,0.837923
0.985182,0.119328,-0.123197,-0.00583658,0.741204,0.671255,0.171413,-0.660589,0.730917
0.751832,0.658451,0.0345095,-0.596928,0.701947,-0.38852,-0.280045,0.271502,0.920794
0.807783,-0.486051,-0.333528,0.402102,0.868065,-0.291166,0.431045,0.101087,0.89665
0.722971,-0.103813,0.683034,0.166196,0.985747,-0.0260922,-0.67059,0.132382,0.72992
0.708805,-0.705242,0.0151367,0.518564,0.535491,0.666589,-0.478212,-0.464632,0.745272
0.947279,0.207862,0.243835,-0.0493371,0.846563,-0.529998,-0.316588,0.490025,0.812186
0.751257,0.658614,-0.0429128,-0.636033,0.705066,-0.313599,-0.176284,0.262887,0.948585
0.987476,0.121066,-0.101166,-0.101716,0.978694,0.178361,0.120604,-0.165837,0.978751
0.70838,-0.640036,-0.297578,0.700804,0.688001,0.188489,0.0840943,-0.342066,0.935906
0.928451,-0.371435,0.003854,0.309854,0.768716,-0.559522,0.204864,0.520683,0.828806
0.799206,-0.0962366,-0.593303,0.168212,0.983467,0.0670666,0.57704,-0.153401,0.80218
